accept-in,-898967063570772547,10719243471061
accept-in,-898967063570772547,10719243483907
accept-in,1829884013550594470,10719302244328
accept-in,1829884013550594470,10719302270041
accept-in,2238717681304872698,10719361014928
accept-in,2238717681304872698,10719361025355
accept-in,60831686157645860,10719420018529
accept-in,60831686157645860,10719420030592
accept-in,-7987100778929837169,10719478603568
accept-in,-7987100778929837169,10719478614696
accept-in,8731961307012755760,10719537445782
accept-in,8731961307012755760,10719537456403
accept-in,-6629034572412018987,10719596218980
accept-in,-6629034572412018987,10719596230489
accept-in,-2500069611815321331,10719655114446
accept-in,-2500069611815321331,10719655124498
accept-in,190052234935048490,10719713829301
accept-in,190052234935048490,10719713841969
accept-in,397819708439640349,10719772682306
accept-in,397819708439640349,10719772695648
accept-in,508670075635210682,10719831388016
accept-in,508670075635210682,10719831397856
accept-in,-590295523468550763,10719890361592
accept-in,-590295523468550763,10719890385044
accept-in,-6742368123427319101,10719949019795
accept-in,-6742368123427319101,10719949036852
accept-in,4359298440382722555,10720007859410
accept-in,4359298440382722555,10720007871913
accept-in,1181885109228139808,10720066636424
accept-in,1181885109228139808,10720066647091
accept-in,1218921039746709923,10720125460904
accept-in,1218921039746709923,10720125472285
accept-in,4352329149502079115,10720184254901
accept-in,4352329149502079115,10720184267183
accept-in,-4238909011749385882,10720243083809
accept-in,-4238909011749385882,10720243093405
accept-in,-4219526647299859827,10720301843225
accept-in,-4219526647299859827,10720301861939
accept-in,-3406186790855397717,10720360930665
accept-in,-3406186790855397717,10720360940500
accept-in,-2194938747605118982,10720419422912
accept-in,-2194938747605118982,10720419432864
accept-in,2147189109865004293,10720478233807
accept-in,2147189109865004293,10720478255571
accept-in,-7230681955777338806,10720537047917
accept-in,-7230681955777338806,10720537059411
accept-in,-4217050114611417780,10720595926979
accept-in,-4217050114611417780,10720595936663
accept-in,2718989113303564351,10720654717022
accept-in,2718989113303564351,10720654730685
accept-in,-2106902607141828371,10720713428165
accept-in,-2106902607141828371,10720713439409
accept-in,-6697023234456040362,10720772244343
accept-in,-6697023234456040362,10720772255860
accept-in,3105909353029100847,10720831026897
accept-in,3105909353029100847,10720831087642
accept-in,-525385677861343449,10720889841123
accept-in,-525385677861343449,10720889851956
accept-in,-1761927144943843681,10720948682764
accept-in,-1761927144943843681,10720948698674
accept-in,9178320749620654905,10721007436822
accept-in,9178320749620654905,10721007449372
accept-in,-2030679639157214060,10721066265292
accept-in,-2030679639157214060,10721066282191
accept-in,-4383948649623146339,10721125015122
accept-in,-4383948649623146339,10721125030938
accept-in,-1134403580683956043,10721183862713
accept-in,-1134403580683956043,10721183876862
accept-in,-2683709245325283385,10721242658486
accept-in,-2683709245325283385,10721242673219
accept-in,1741886735467968684,10721301446977
accept-in,1741886735467968684,10721301462237
accept-in,-8952296536091188843,10721360268224
accept-in,-8952296536091188843,10721360286406
accept-in,1203429540461960563,10721419175400
accept-in,1203429540461960563,10721419190688
accept-in,1439163200726386194,10721477841712
accept-in,1439163200726386194,10721477857633
accept-in,603202312802714380,10721536686652
accept-in,603202312802714380,10721536699564
accept-in,4013866100805617185,10721595465672
accept-in,4013866100805617185,10721595482651
accept-in,4728189091656151084,10721654307129
accept-in,4728189091656151084,10721654324849
accept-in,3727727211215344561,10721713122283
accept-in,3727727211215344561,10721713143650
accept-in,-8992133191397412313,10721771948045
accept-in,-8992133191397412313,10721771967162
accept-in,2195386533267627356,10721830845846
accept-in,2195386533267627356,10721830867532
accept-in,-3187414448989448685,10721889456009
accept-in,-3187414448989448685,10721889474557
accept-in,5271387645720339342,10721948259927
accept-in,5271387645720339342,10721948273889
accept-in,-8801311759178028550,10722007002645
accept-in,-8801311759178028550,10722007029793
accept-in,-2268775682990628967,10722065803668
accept-in,-2268775682990628967,10722065816905
accept-in,252031012623192586,10722124669705
accept-in,252031012623192586,10722124680154
accept-in,1768487481628995838,10722183473762
accept-in,1768487481628995838,10722183483688
accept-in,2544145714052354644,10722242239088
accept-in,2544145714052354644,10722242251124
accept-in,-4051052011152389531,10722301048665
accept-in,-4051052011152389531,10722301064149
accept-in,5175267367361669462,10722359840538
accept-in,5175267367361669462,10722359850291
accept-in,-3801853968564819090,10722418637633
accept-in,-3801853968564819090,10722418648760
accept-in,-577144334761944087,10722477472922
accept-in,-577144334761944087,10722477483109
accept-in,6966514151330684141,10722536264092
accept-in,6966514151330684141,10722536274245
accept-in,861505184488947894,10722595111959
accept-in,861505184488947894,10722595124788
accept-in,5716330156316621369,10722654442209
accept-in,5716330156316621369,10722654453170
accept-in,-4985827995863924348,10722712638238
accept-in,-4985827995863924348,10722712651238
accept-in,61117799211918535,10722771532751
accept-in,61117799211918535,10722771556215
accept-in,-4960522738708291044,10722830291049
accept-in,-4960522738708291044,10722830303628
accept-in,3571685022654752401,10722889062002
accept-in,3571685022654752401,10722889073438
accept-in,-4729421526353656841,10722947890402
accept-in,-4729421526353656841,10722947923104
accept-in,-889627540523434973,10723006822526
accept-in,-889627540523434973,10723006833978
accept-in,4550904879607246611,10723065443371
accept-in,4550904879607246611,10723065457905
accept-in,-5322537014784592874,10723124292981
accept-in,-5322537014784592874,10723124306990
accept-in,6174831319796053546,10723183066140
accept-in,6174831319796053546,10723183081756
accept-in,-8740779025146822507,10723244725919
accept-in,-8740779025146822507,10723244738964
accept-in,4131873340193411828,10723300625642
accept-in,4131873340193411828,10723300639469
accept-in,-4196698045437807387,10723359440154
accept-in,-4196698045437807387,10723359453286
accept-in,-6423826392080270183,10723418335505
accept-in,-6423826392080270183,10723418348875
accept-in,1044457602852034957,10723477063687
accept-in,1044457602852034957,10723477077341
accept-in,-64753601124084374,10694135876230
accept-in,-64753601124084374,10694135891358
accept-in,4037089736156600645,10694194723121
accept-in,4037089736156600645,10694194737129
accept-in,6467773954632764646,10694253477434
accept-in,6467773954632764646,10694253492942
accept-in,-4073910387414007576,10694312297340
accept-in,-4073910387414007576,10694312313586
accept-in,539932324256053974,10694371047217
accept-in,539932324256053974,10694371063199
accept-in,-4819541887560855944,10694429972912
accept-in,-4819541887560855944,10694429985837
accept-in,5741759595405768147,10694488981877
accept-in,5741759595405768147,10694488998598
accept-in,3360743902186991700,10694547456552
accept-in,3360743902186991700,10694547476804
accept-in,-4261756315323684224,10694606253067
accept-in,-4261756315323684224,10694606266196
accept-in,2902934143019731088,10694665060343
accept-in,2902934143019731088,10694665074094
accept-in,4198470964069296269,10694723856533
accept-in,4198470964069296269,10694723871250
accept-in,7120332216897392988,10694782802270
accept-in,7120332216897392988,10694782819063
accept-in,-3751657385889108451,10694841438526
accept-in,-3751657385889108451,10694841465761
accept-in,-3396103643976460187,10694900335579
accept-in,-3396103643976460187,10694900346554
accept-in,4942174044615427952,10694959073304
accept-in,4942174044615427952,10694959086988
accept-in,-1407487998719478715,10695017854207
accept-in,-1407487998719478715,10695017874337
accept-in,4288610884273110680,10695076582934
accept-in,4288610884273110680,10695076595034
accept-in,-5329622066085934681,10695135465151
accept-in,-5329622066085934681,10695135480264
accept-in,5732504315967786775,10695194380587
accept-in,5732504315967786775,10695194395992
accept-in,-8625206178760132434,10695253036679
accept-in,-8625206178760132434,10695253059643
accept-in,-224624456333019823,10695311825286
accept-in,-224624456333019823,10695311837409
accept-in,-5133022374596158566,10695370637367
accept-in,-5133022374596158566,10695370655424
accept-in,2295913364837779952,10695429425179
accept-in,2295913364837779952,10695429445055
accept-in,-8301955235509995902,10695488249566
accept-in,-8301955235509995902,10695488263931
accept-in,3025182686617078333,10695547017624
accept-in,3025182686617078333,10695547074859
accept-in,8817780516082045411,10695605870386
accept-in,8817780516082045411,10695605885140
accept-in,6826346118820603854,10695664638083
accept-in,6826346118820603854,10695664665542
accept-in,7059782120385724540,10695725125847
accept-in,7059782120385724540,10695725141942
accept-in,-954455894051086203,10695782552203
accept-in,-954455894051086203,10695782565407
accept-in,5116939763431427515,10695841075554
accept-in,5116939763431427515,10695841089401
accept-in,-5098831998117633130,10695899796828
accept-in,-5098831998117633130,10695899818583
accept-in,7470535437168439188,10695958784601
accept-in,7470535437168439188,10695958797223
accept-in,6949494604677186524,10696017471654
accept-in,6949494604677186524,10696017485419
accept-in,2027694495817652058,10696076248074
accept-in,2027694495817652058,10696076262257
accept-in,-2485181788862850703,10696135047708
accept-in,-2485181788862850703,10696135063542
accept-in,-7185833601309872109,10696193860833
accept-in,-7185833601309872109,10696193875917
accept-in,621848124990458658,10696252597314
accept-in,621848124990458658,10696252629476
accept-in,4728049712609310533,10696311433265
accept-in,4728049712609310533,10696311448075
accept-in,-755930223445410269,10696370261100
accept-in,-755930223445410269,10696370275749
accept-in,-7271711892957832305,10696429073747
accept-in,-7271711892957832305,10696429087814
accept-in,-7543909000140970884,10696487811197
accept-in,-7543909000140970884,10696487823624
accept-in,7059466581763162657,10696546747368
accept-in,7059466581763162657,10696546770875
accept-in,-1167836378536320556,10696605478571
accept-in,-1167836378536320556,10696605493577
accept-in,-5182950266719781358,10696664308953
accept-in,-5182950266719781358,10696664323096
accept-in,7870282942578810933,10696723137512
accept-in,7870282942578810933,10696723149933
accept-in,205404149727037772,10696781843639
accept-in,205404149727037772,10696781858941
accept-in,-2031173317067606790,10696840617058
accept-in,-2031173317067606790,10696840631006
accept-in,2902039319831562343,10696900173355
accept-in,2902039319831562343,10696900193183
accept-in,-3201475625750945395,10696958209342
accept-in,-3201475625750945395,10696958235339
accept-in,-208818176598955806,10697017033032
accept-in,-208818176598955806,10697017066526
accept-in,63983761400483292,10697075841210
accept-in,63983761400483292,10697075854710
accept-in,5474896178164624952,10697134670954
accept-in,5474896178164624952,10697134684205
accept-in,-653795508572065290,10697193539151
accept-in,-653795508572065290,10697193553511
accept-in,-5608762701860624949,10697252261998
accept-in,-5608762701860624949,10697252277131
accept-in,9087513737786335466,10697311120489
accept-in,9087513737786335466,10697311133621
accept-in,7788029262154084608,10697371326375
accept-in,7788029262154084608,10697371340274
accept-in,-4673784104619400204,10697428709786
accept-in,-4673784104619400204,10697428724002
accept-in,4827911148110698774,10697487467051
accept-in,4827911148110698774,10697487481183
accept-in,5394915200074139315,10697546275244
accept-in,5394915200074139315,10697546287493
accept-in,-7678726005161521221,10697605103601
accept-in,-7678726005161521221,10697605120814
accept-in,2531802328941291260,10697663882685
accept-in,2531802328941291260,10697663898029
accept-in,2110373634980123162,10697722776763
accept-in,2110373634980123162,10697722791699
accept-in,-3406687829863840794,10697781469692
accept-in,-3406687829863840794,10697781490474
accept-in,2642227531893507299,10697840229245
accept-in,2642227531893507299,10697840255699
accept-in,6412057369122796407,10697899046586
accept-in,6412057369122796407,10697899060847
accept-in,-7904099490838406493,10697957861585
accept-in,-7904099490838406493,10697957874343
accept-in,-1154174074453467263,10698016754805
accept-in,-1154174074453467263,10698016767052
accept-in,-1656030900923609283,10698075473045
accept-in,-1656030900923609283,10698075486069
accept-in,5501988876326462177,10698134349120
accept-in,5501988876326462177,10698134364231
accept-in,-1738056705037887199,10698193096968
accept-in,-1738056705037887199,10698193112907
accept-in,-6838387084684370533,10698251858688
accept-in,-6838387084684370533,10698251870459
accept-in,-2989306744194395217,10698310629349
accept-in,-2989306744194395217,10698310642404
accept-in,4825360340130153568,10698369467472
accept-in,4825360340130153568,10698369482577
accept-in,6093106627630488769,10698428239487
accept-in,6093106627630488769,10698428252955
accept-in,-3779203539681325144,10698487051630
accept-in,-3779203539681325144,10698487066835
accept-in,-4691894593995939839,10698545871774
accept-in,-4691894593995939839,10698545882246
accept-in,-4613528580157582063,10698604617440
accept-in,-4613528580157582063,10698604630977
accept-in,166538440588950851,10698663429096
accept-in,166538440588950851,10698663441378
accept-in,2461544602411031478,10698722238973
accept-in,2461544602411031478,10698722254123
accept-in,5188092407371845113,10698781022443
accept-in,5188092407371845113,10698781037842
accept-in,4981796685180641877,10698840223474
accept-in,4981796685180641877,10698840235395
accept-in,5228002875010001229,10698898657573
accept-in,5228002875010001229,10698898670126
accept-in,-8257260258286139573,10698957425335
accept-in,-8257260258286139573,10698957442330
accept-in,-1726919969957966532,10699016345571
accept-in,-1726919969957966532,10699016357582
accept-in,8924142068567431692,10699075091327
accept-in,8924142068567431692,10699075104757
accept-in,-738257545156900486,10699133872139
accept-in,-738257545156900486,10699133886751
accept-in,-393673415558636946,10699192639395
accept-in,-393673415558636946,10699192650239
accept-in,-2920013829222427991,10699251420621
accept-in,-2920013829222427991,10699251434588
accept-in,-4497508721141913074,10699310260799
accept-in,-4497508721141913074,10699310274864
accept-in,1110024669746006356,10699369036482
accept-in,1110024669746006356,10699369051102
accept-in,8449576836651642110,10699427833189
accept-in,8449576836651642110,10699427848912
accept-in,-835412391785328259,10699486730635
accept-in,-835412391785328259,10699486745267
accept-in,888964239060318636,10699545529044
accept-in,888964239060318636,10699545543078
accept-in,-7470259646720303515,10699604269654
accept-in,-7470259646720303515,10699604284986
accept-in,4434284639587919705,10699663088529
accept-in,4434284639587919705,10699663103503
accept-in,414878617220978041,10699721814766
accept-in,414878617220978041,10699721828361
accept-in,-4044084340863228250,10699780684132
accept-in,-4044084340863228250,10699780698316
accept-in,-1740710787986184607,10699839522502
accept-in,-1740710787986184607,10699839535827
accept-in,-8073544990494107345,10699898372257
accept-in,-8073544990494107345,10699898395472
accept-in,4320811903013658578,10699957004360
accept-in,4320811903013658578,10699957017212
accept-in,198618946785373205,10700015941124
accept-in,198618946785373205,10700015955612
accept-in,753225771148797901,10700074640271
accept-in,753225771148797901,10700074655884
accept-in,-8974115506596071977,10700133542093
accept-in,-8974115506596071977,10700133564765
accept-in,2140022799887288240,10700192293844
accept-in,2140022799887288240,10700192308600
accept-in,-1742145991046267605,10700251052886
accept-in,-1742145991046267605,10700251065756
accept-in,-3375901696163286333,10700309829698
accept-in,-3375901696163286333,10700309843806
accept-in,-3570824855264644897,10700368584434
accept-in,-3570824855264644897,10700368595596
accept-in,-5797095067344227510,10700427509040
accept-in,-5797095067344227510,10700427523690
accept-in,5320677687687121999,10700486343510
accept-in,5320677687687121999,10700486355683
accept-in,-8000411407277965469,10700545027006
accept-in,-8000411407277965469,10700545042315
accept-in,9130735171089685319,10700603834959
accept-in,9130735171089685319,10700603850946
accept-in,-4791228045553670180,10700662709508
accept-in,-4791228045553670180,10700662724842
accept-in,4418084704731344186,10700721436879
accept-in,4418084704731344186,10700721450051
accept-in,-2310873931968800842,10700780263321
accept-in,-2310873931968800842,10700780282047
accept-in,6996414287313946315,10700839069589
accept-in,6996414287313946315,10700839085674
accept-in,-5936153261595966388,10700897781779
accept-in,-5936153261595966388,10700897806632
accept-in,-641812423972120463,10700956707731
accept-in,-641812423972120463,10700956726353
accept-in,3281715858518231308,10701015456260
accept-in,3281715858518231308,10701015471203
accept-in,6866037917737999098,10701074248969
accept-in,6866037917737999098,10701074263025
accept-in,-7143364355482766897,10701133034325
accept-in,-7143364355482766897,10701133061184
accept-in,-1762181040957112029,10701191888402
accept-in,-1762181040957112029,10701191902805
accept-in,7532348796826802837,10701252131633
accept-in,7532348796826802837,10701252143906
accept-in,5654436243916366346,10701309477044
accept-in,5654436243916366346,10701309488081
accept-in,5270266053335741971,10701368258830
accept-in,5270266053335741971,10701368272996
accept-in,1747326422812054724,10701427077935
accept-in,1747326422812054724,10701427089738
accept-in,-2333999194208022579,10701485844298
accept-in,-2333999194208022579,10701485873094
accept-in,-2879733125027720916,10701544630194
accept-in,-2879733125027720916,10701544647059
accept-in,-7227205129265146132,10701603558451
accept-in,-7227205129265146132,10701603573149
accept-in,8945047914388551080,10701662251598
accept-in,8945047914388551080,10701662267714
accept-in,7997465621211807037,10701721028487
accept-in,7997465621211807037,10701721043292
accept-in,1762677072864417144,10701779840965
accept-in,1762677072864417144,10701779856274
accept-in,9042595457885021167,10701839958041
accept-in,9042595457885021167,10701839975105
accept-in,207512983739283625,10701897419556
accept-in,207512983739283625,10701897433460
accept-in,1690060241684402809,10701956235351
accept-in,1690060241684402809,10701956251238
accept-in,-2597652057038700831,10702015054536
accept-in,-2597652057038700831,10702015071254
accept-in,157625492109501741,10702073880793
accept-in,157625492109501741,10702073921416
accept-in,5483612756060990768,10702132755519
accept-in,5483612756060990768,10702132782410
accept-in,3591672382079646365,10702191408385
accept-in,3591672382079646365,10702191427924
accept-in,4540714223265135583,10702250245517
accept-in,4540714223265135583,10702250259093
accept-in,3870877307004299087,10702309058710
accept-in,3870877307004299087,10702309076833
accept-in,-4333253575133748975,10702367934831
accept-in,-4333253575133748975,10702367946579
accept-in,-6548782136074609144,10702426722324
accept-in,-6548782136074609144,10702426751751
accept-in,-4358003312138214837,10702485479444
accept-in,-4358003312138214837,10702485494348
accept-in,7628717455372090223,10702544315319
accept-in,7628717455372090223,10702544333575
accept-in,-2028912437676464076,10702603099654
accept-in,-2028912437676464076,10702603114394
accept-in,1178339729152441912,10702662019223
accept-in,1178339729152441912,10702662032123
accept-in,4268852391459007720,10702720616665
accept-in,4268852391459007720,10702720632100
accept-in,3019127863840560299,10702779508225
accept-in,3019127863840560299,10702779522441
accept-in,-8586175234905988015,10702838215449
accept-in,-8586175234905988015,10702838230436
accept-in,1997795861429204359,10702897027088
accept-in,1997795861429204359,10702897044128
accept-in,1572208181599360385,10702955855112
accept-in,1572208181599360385,10702955869286
accept-in,-4592043274671059705,10703014736479
accept-in,-4592043274671059705,10703014748272
accept-in,-3037039734677222999,10703073411974
accept-in,-3037039734677222999,10703073435092
accept-in,1179209972387204437,10703132266887
accept-in,1179209972387204437,10703132279079
accept-in,-4071025107508707194,10703191145183
accept-in,-4071025107508707194,10703191170365
accept-in,-7672800543382142381,10703249809589
accept-in,-7672800543382142381,10703249823416
accept-in,2417936073306343495,10703308624887
accept-in,2417936073306343495,10703308638441
accept-in,-625713996378826726,10703367432724
accept-in,-625713996378826726,10703367446833
accept-in,1512737561741719941,10703426247919
accept-in,1512737561741719941,10703426262772
accept-in,-7363467975976026331,10703485043754
accept-in,-7363467975976026331,10703485060125
accept-in,5027131890531924662,10703543853998
accept-in,5027131890531924662,10703543879841
accept-in,-1890000512972379065,10703602709319
accept-in,-1890000512972379065,10703602727332
accept-in,3505909488401352057,10703661461615
accept-in,3505909488401352057,10703661488439
accept-in,3411757398967426504,10703720269800
accept-in,3411757398967426504,10703720284226
accept-in,4019776516696466474,10703779014553
accept-in,4019776516696466474,10703779030003
accept-in,5515131968570802576,10703837871653
accept-in,5515131968570802576,10703837886203
accept-in,8213840630399190425,10703896643024
accept-in,8213840630399190425,10703896656924
accept-in,-1428768845453056007,10703955594345
accept-in,-1428768845453056007,10703955623753
accept-in,245269491336084328,10704014247489
accept-in,245269491336084328,10704014268987
accept-in,-6424109939140584955,10704073120035
accept-in,-6424109939140584955,10704073138117
accept-in,859475646812388128,10704132090117
accept-in,859475646812388128,10704132150060
accept-in,-4026701321688256128,10704190659555
accept-in,-4026701321688256128,10704190676596
accept-in,7092993448760693393,10704249457472
accept-in,7092993448760693393,10704249494163
accept-in,-6906355904050067011,10704308267385
accept-in,-6906355904050067011,10704308284909
accept-in,-509713300631901036,10704367066871
accept-in,-509713300631901036,10704367084914
accept-in,-9204490161095556515,10704425883405
accept-in,-9204490161095556515,10704425905769
accept-in,7594580603962459198,10704484826485
accept-in,7594580603962459198,10704484845627
accept-in,-6807554890322214185,10704543544811
accept-in,-6807554890322214185,10704543563862
accept-in,8232503143153246357,10704602337359
accept-in,8232503143153246357,10704602399061
accept-in,-3698944596160922085,10704661159840
accept-in,-3698944596160922085,10704661187539
accept-in,1293124919381255318,10704719948670
accept-in,1293124919381255318,10704719989120
accept-in,-6985709832198900663,10704778654322
accept-in,-6985709832198900663,10704778675067
accept-in,1416243121344153919,10704837473845
accept-in,1416243121344153919,10704837501540
accept-in,-2345872861251551622,10704896265317
accept-in,-2345872861251551622,10704896286806
accept-in,-8777918961524369273,10704955073304
accept-in,-8777918961524369273,10704955090395
accept-in,5882957388191918479,10705016038744
accept-in,5882957388191918479,10705016052667
accept-in,-7718920562069234346,10705072747234
accept-in,-7718920562069234346,10705072760195
accept-in,5221484120905247083,10705131445466
accept-in,5221484120905247083,10705131458160
accept-in,5620169906405897063,10705190255267
accept-in,5620169906405897063,10705190277146
accept-in,-8043118785297453442,10705249072623
accept-in,-8043118785297453442,10705249084633
accept-in,-4296087279169789097,10705307940354
accept-in,-4296087279169789097,10705307955042
accept-in,-1909203873349520500,10705366824151
accept-in,-1909203873349520500,10705366844442
accept-in,-3249634840717622942,10705425408123
accept-in,-3249634840717622942,10705425421114
accept-in,-8544461226910314637,10705484210274
accept-in,-8544461226910314637,10705484225133
accept-in,3814232182289231830,10705543048295
accept-in,3814232182289231830,10705543060797
accept-in,-5343229172556397911,10705601838095
accept-in,-5343229172556397911,10705601852231
accept-in,1924274621556134131,10705660626058
accept-in,1924274621556134131,10705660640383
accept-in,735476182861664579,10705719474612
accept-in,735476182861664579,10705719511399
accept-in,-5416305186506822595,10705778245072
accept-in,-5416305186506822595,10705778258597
accept-in,4764496629639722650,10705837045474
accept-in,4764496629639722650,10705837059912
accept-in,-3892106015294876727,10705895908151
accept-in,-3892106015294876727,10705895924559
accept-in,3425776167670177089,10705954835248
accept-in,3425776167670177089,10705954855381
accept-in,-6654683927164182474,10706013438063
accept-in,-6654683927164182474,10706013458101
accept-in,2420349767053383809,10706072210982
accept-in,2420349767053383809,10706072268396
accept-in,2942654507779835481,10706131034988
accept-in,2942654507779835481,10706131056118
accept-in,-6943162373652253763,10706189880436
accept-in,-6943162373652253763,10706189897888
accept-in,-5995036604257982717,10706248648540
accept-in,-5995036604257982717,10706248666291
accept-in,-5971045401044776629,10706307414607
accept-in,-5971045401044776629,10706307431892
accept-in,-394358394918774183,10706366251247
accept-in,-394358394918774183,10706366277905
accept-in,-7886255649832131596,10706427781548
accept-in,-7886255649832131596,10706427799004
accept-in,-1943246846076784801,10706484039406
accept-in,-1943246846076784801,10706484056687
accept-in,6663929541171813942,10706542679924
accept-in,6663929541171813942,10706542717582
accept-in,386087799375336639,10706601441688
accept-in,386087799375336639,10706601459973
accept-in,5125727688372866337,10706660452099
accept-in,5125727688372866337,10706660467756
accept-in,5872693700793322012,10706719081325
accept-in,5872693700793322012,10706719102553
accept-in,5973529002368512676,10706778000835
accept-in,5973529002368512676,10706778022296
accept-in,719775864043347633,10706836658494
accept-in,719775864043347633,10706836698444
accept-in,5334202785301420935,10706895459415
accept-in,5334202785301420935,10706895479024
accept-in,-7969238982142099207,10706954299548
accept-in,-7969238982142099207,10706954321074
accept-in,645701096492193389,10707013053094
accept-in,645701096492193389,10707013070019
accept-in,3576434444203008621,10707071903517
accept-in,3576434444203008621,10707071923021
accept-in,-119282667105572641,10707130706686
accept-in,-119282667105572641,10707130726088
accept-in,-227734962340634533,10707189472421
accept-in,-227734962340634533,10707189497921
accept-in,4011012710987753982,10707248319197
accept-in,4011012710987753982,10707248339074
accept-in,1317971467573661924,10707307120181
accept-in,1317971467573661924,10707307145159
accept-in,2174750340353713546,10707365982118
accept-in,2174750340353713546,10707366002966
accept-in,-4626178769275247445,10707424732775
accept-in,-4626178769275247445,10707424759877
accept-in,-7225545328295139584,10707483471297
accept-in,-7225545328295139584,10707483487736
accept-in,5400408780430094541,10707542235596
accept-in,5400408780430094541,10707542270431
accept-in,-1166236592296643647,10707601008317
accept-in,-1166236592296643647,10707601044319
accept-in,-5687374050913274651,10707659936612
accept-in,-5687374050913274651,10707659958642
accept-in,-6404305994514444324,10707718760804
accept-in,-6404305994514444324,10707718782669
accept-in,2024845513360179711,10707777554604
accept-in,2024845513360179711,10707777576456
accept-in,1643334709222561129,10707836260017
accept-in,1643334709222561129,10707836280936
accept-in,761661288306783106,10707895102169
accept-in,761661288306783106,10707895121845
accept-in,3236450210792191359,10707953857970
accept-in,3236450210792191359,10707953882955
accept-in,1094128539820419909,10708012712618
accept-in,1094128539820419909,10708012725290
accept-in,2935331978450139051,10708071432047
accept-in,2935331978450139051,10708071447467
accept-in,-5281515690029218391,10708130236478
accept-in,-5281515690029218391,10708130262605
accept-in,5339057687962205301,10708189146037
accept-in,5339057687962205301,10708189160727
accept-in,-1175066752533912063,10708248032941
accept-in,-1175066752533912063,10708248046605
accept-in,6657550691247050381,10708306628836
accept-in,6657550691247050381,10708306644388
accept-in,-4701583578360161803,10708365422887
accept-in,-4701583578360161803,10708365437932
accept-in,-4325534781291217285,10708424210658
accept-in,-4325534781291217285,10708424223464
accept-in,9151987489597024582,10708483065628
accept-in,9151987489597024582,10708483080374
accept-in,7321535318767148112,10708541788964
accept-in,7321535318767148112,10708541803149
accept-in,-97530467510858965,10708600677148
accept-in,-97530467510858965,10708600692935
accept-in,1506649372821682537,10708659423622
accept-in,1506649372821682537,10708659437277
accept-in,-7595258591601831595,10708718231926
accept-in,-7595258591601831595,10708718246351
accept-in,-7089636312719325043,10708776989959
accept-in,-7089636312719325043,10708777023236
accept-in,8996862891347137646,10708835960890
accept-in,8996862891347137646,10708835992384
accept-in,7665888602057190285,10708894772905
accept-in,7665888602057190285,10708894787307
accept-in,-1832501751863456384,10708953414282
accept-in,-1832501751863456384,10708953426930
accept-in,6426564941350598410,10709012247132
accept-in,6426564941350598410,10709012262456
accept-in,-3273348547451800260,10709071086387
accept-in,-3273348547451800260,10709071097966
accept-in,5937049667179579246,10709129853275
accept-in,5937049667179579246,10709129868244
accept-in,-992380677213192261,10709192124986
accept-in,-992380677213192261,10709192138882
accept-in,-526551825762679656,10709247455289
accept-in,-526551825762679656,10709247470631
accept-in,-637991684110132401,10709306222911
accept-in,-637991684110132401,10709306238029
accept-in,1617145386225055620,10709365094482
accept-in,1617145386225055620,10709365108013
accept-in,-8896763402927221,10709423797758
accept-in,-8896763402927221,10709423813153
accept-in,-4827621319345573917,10709482635353
accept-in,-4827621319345573917,10709482649540
accept-in,-5267325304584995061,10709541452849
accept-in,-5267325304584995061,10709541467098
accept-in,-5429000976735525820,10709600251027
accept-in,-5429000976735525820,10709600264572
accept-in,2920902271868886711,10709659119079
accept-in,2920902271868886711,10709659135747
accept-in,-2428827787089350470,10709717860425
accept-in,-2428827787089350470,10709717873806
accept-in,-751274742334269735,10709776625082
accept-in,-751274742334269735,10709776639697
accept-in,3416975918342255845,10709835590872
accept-in,3416975918342255845,10709835609337
accept-in,8529596760860605826,10709894305148
accept-in,8529596760860605826,10709894319031
accept-in,-1624264745910540275,10709953139227
accept-in,-1624264745910540275,10709953153382
accept-in,6997506172836645912,10710011884736
accept-in,6997506172836645912,10710011899165
accept-in,118753332735271019,10710070622626
accept-in,118753332735271019,10710070638588
accept-in,4347104812457757522,10710129418087
accept-in,4347104812457757522,10710129432351
accept-in,5507241020078341805,10710188252098
accept-in,5507241020078341805,10710188268405
accept-in,614528524101120781,10710247017941
accept-in,614528524101120781,10710247034447
accept-in,3841303365772623890,10710305852102
accept-in,3841303365772623890,10710305867903
accept-in,-7217414310204945422,10710364710950
accept-in,-7217414310204945422,10710364752876
accept-in,-9204515910047571995,10710423468238
accept-in,-9204515910047571995,10710423520987
accept-in,1723569463896219290,10710482224987
accept-in,1723569463896219290,10710482259547
accept-in,-7085870149270206656,10710541068621
accept-in,-7085870149270206656,10710541084142
accept-in,-3346459062196409407,10710599836218
accept-in,-3346459062196409407,10710599847812
accept-in,6310497640829313971,10710658637992
accept-in,6310497640829313971,10710658651512
accept-in,-7356961519300395685,10710717441709
accept-in,-7356961519300395685,10710717453378
accept-in,-4768694867666775885,10710776310707
accept-in,-4768694867666775885,10710776324253
accept-in,4551647223903233947,10710835100641
accept-in,4551647223903233947,10710835115285
accept-in,308287808361380801,10710893884363
accept-in,308287808361380801,10710893896250
accept-in,-4615882446292695022,10710952659150
accept-in,-4615882446292695022,10710952680931
accept-in,6802303488570023872,10711011407841
accept-in,6802303488570023872,10711011419300
accept-in,7989577881278222162,10711070263263
accept-in,7989577881278222162,10711070274903
accept-in,-3348417252964409737,10711129103864
accept-in,-3348417252964409737,10711129124895
accept-in,-3139088853273016327,10711187817510
accept-in,-3139088853273016327,10711187839228
accept-in,-7136452406023310980,10711246589412
accept-in,-7136452406023310980,10711246599526
accept-in,-8793660113362822041,10711305450241
accept-in,-8793660113362822041,10711305461958
accept-in,-3613415199945132728,10711364273645
accept-in,-3613415199945132728,10711364285165
accept-in,-2959514160274103820,10711423117683
accept-in,-2959514160274103820,10711423127514
accept-in,8223368717090253674,10711481821528
accept-in,8223368717090253674,10711481832961
accept-in,4881309318372501918,10711540611472
accept-in,4881309318372501918,10711540622635
accept-in,6555682479558621847,10711599430870
accept-in,6555682479558621847,10711599442689
accept-in,-6819815477565805141,10711658242131
accept-in,-6819815477565805141,10711658253464
accept-in,5820601251027553158,10711717018554
accept-in,5820601251027553158,10711717029974
accept-in,3787309952243461272,10711775840336
accept-in,3787309952243461272,10711775854948
accept-in,-9070987178984079842,10711834616187
accept-in,-9070987178984079842,10711834635961
accept-in,-1021712911453759340,10711893447193
accept-in,-1021712911453759340,10711893460109
accept-in,5648325231993814590,10711952282596
accept-in,5648325231993814590,10711952303152
accept-in,426482290818815805,10712011067678
accept-in,426482290818815805,10712011079595
accept-in,-8536114885342026262,10712069844160
accept-in,-8536114885342026262,10712069860814
accept-in,-8053877587411232531,10712128604797
accept-in,-8053877587411232531,10712128616796
accept-in,-5991702110196346421,10712187413536
accept-in,-5991702110196346421,10712187421755
accept-in,-6908422496580479091,10712246253806
accept-in,-6908422496580479091,10712246263842
accept-in,6366064653278124796,10712305026480
accept-in,6366064653278124796,10712305038282
accept-in,1476431434118689170,10712376824860
accept-in,1476431434118689170,10712376837010
accept-in,3710219604365130775,10712422745328
accept-in,3710219604365130775,10712422771735
accept-in,-1971616393876673836,10712481431024
accept-in,-1971616393876673836,10712481443776
accept-in,3564950786170115811,10712540231222
accept-in,3564950786170115811,10712540241934
accept-in,881715555618595491,10712599113453
accept-in,881715555618595491,10712599128013
accept-in,8074464623401562517,10712657870753
accept-in,8074464623401562517,10712657882793
accept-in,-141417373295073234,10712716772250
accept-in,-141417373295073234,10712716784469
accept-in,9196844374842905758,10712775421733
accept-in,9196844374842905758,10712775435374
accept-in,8581952751431772729,10712834195157
accept-in,8581952751431772729,10712834220666
accept-in,-1116715812222084494,10712892995947
accept-in,-1116715812222084494,10712893023117
accept-in,9178706672794748027,10712952014288
accept-in,9178706672794748027,10712952029742
accept-in,2313085939956864216,10713010659554
accept-in,2313085939956864216,10713010674216
accept-in,8113403983278575300,10713069479591
accept-in,8113403983278575300,10713069495836
accept-in,5200199863524394659,10713128247003
accept-in,5200199863524394659,10713128261681
accept-in,3788535418723877197,10713187125802
accept-in,3788535418723877197,10713187140238
accept-in,-775977770342448495,10713245874961
accept-in,-775977770342448495,10713245889783
accept-in,6525564287891672781,10713304639085
accept-in,6525564287891672781,10713304653822
accept-in,1980409439437707559,10713363735525
accept-in,1980409439437707559,10713363763932
accept-in,5430944808119290725,10713422272784
accept-in,5430944808119290725,10713422291849
accept-in,196272005461993551,10713481116004
accept-in,196272005461993551,10713481132939
accept-in,-4455872376026633321,10713539839127
accept-in,-4455872376026633321,10713539854658
accept-in,3375944980080134533,10713598630713
accept-in,3375944980080134533,10713598663967
accept-in,-1198564926315921567,10713657485403
accept-in,-1198564926315921567,10713657506323
accept-in,1909153305768343828,10713716309346
accept-in,1909153305768343828,10713716328370
accept-in,-6400318357105680131,10713775037966
accept-in,-6400318357105680131,10713775054491
accept-in,2399768675210277342,10713833859133
accept-in,2399768675210277342,10713833874382
accept-in,6173614012482390616,10713892776872
accept-in,6173614012482390616,10713892790278
accept-in,-4011533389946342150,10713951464790
accept-in,-4011533389946342150,10713951478319
accept-in,-6334405040123510557,10714010234436
accept-in,-6334405040123510557,10714010261229
accept-in,4267493724017180156,10714069023819
accept-in,4267493724017180156,10714069035350
accept-in,5974946328177843785,10714127799366
accept-in,5974946328177843785,10714127810518
accept-in,777581363623370868,10714186627102
accept-in,777581363623370868,10714186639614
accept-in,-1119716506060801490,10714245394614
accept-in,-1119716506060801490,10714245404961
accept-in,3636996239631539065,10714304227847
accept-in,3636996239631539065,10714304240105
accept-in,387738015059785830,10714363032802
accept-in,387738015059785830,10714363045251
accept-in,-8924139596329183085,10714421874988
accept-in,-8924139596329183085,10714421886747
accept-in,-9013088471860362723,10714480640700
accept-in,-9013088471860362723,10714480652166
accept-in,-4705142215213513237,10714539464150
accept-in,-4705142215213513237,10714539475732
accept-in,-8272758351768684907,10714598299506
accept-in,-8272758351768684907,10714598311735
accept-in,-5112817849114875043,10714657074711
accept-in,-5112817849114875043,10714657088349
accept-in,3140426444676282226,10714715829701
accept-in,3140426444676282226,10714715842080
accept-in,5574871306741340112,10714774617680
accept-in,5574871306741340112,10714774629838
accept-in,-6981414646735892957,10714833438566
accept-in,-6981414646735892957,10714833451395
accept-in,8538696151110415339,10714892254135
accept-in,8538696151110415339,10714892264961
accept-in,6971352024149976675,10714951064573
accept-in,6971352024149976675,10714951078428
accept-in,8436028322407046754,10715009905609
accept-in,8436028322407046754,10715009915846
accept-in,8677637378265226734,10715068756525
accept-in,8677637378265226734,10715068768553
accept-in,1133031919993014379,10715127432158
accept-in,1133031919993014379,10715127443292
accept-in,-6402507052995278682,10715186278737
accept-in,-6402507052995278682,10715186290948
accept-in,3300468023813333978,10715245075513
accept-in,3300468023813333978,10715245087587
accept-in,-2999115655935387956,10715303840172
accept-in,-2999115655935387956,10715303852045
accept-in,1832337683188821406,10715362647735
accept-in,1832337683188821406,10715362659604
accept-in,-9025427665940668643,10715421399490
accept-in,-9025427665940668643,10715421411430
accept-in,7115454487298286540,10715480219366
accept-in,7115454487298286540,10715480230828
accept-in,880274987347856995,10715539066854
accept-in,880274987347856995,10715539080931
accept-in,3077451883914439093,10715597909480
accept-in,3077451883914439093,10715597920020
accept-in,7616741347447760581,10715656622444
accept-in,7616741347447760581,10715656634102
accept-in,6821395199722396009,10715715445305
accept-in,6821395199722396009,10715715456441
accept-in,-5461645744990471098,10715774220622
accept-in,-5461645744990471098,10715774231411
accept-in,7365271096196388568,10715833016145
accept-in,7365271096196388568,10715833042466
accept-in,3508179928852923032,10715891840611
accept-in,3508179928852923032,10715891852795
accept-in,726040893704641161,10715952191174
accept-in,726040893704641161,10715952205442
accept-in,-2508311170844011455,10716009464791
accept-in,-2508311170844011455,10716009476648
accept-in,-2033702251022473679,10716068214837
accept-in,-2033702251022473679,10716068225339
accept-in,5837572355432953336,10716127013546
accept-in,5837572355432953336,10716127025277
accept-in,-8332428314898670478,10716185958488
accept-in,-8332428314898670478,10716185970557
accept-in,-7431992615788955460,10716244735169
accept-in,-7431992615788955460,10716244842296
accept-in,-550762016963792808,10716303434339
accept-in,-550762016963792808,10716303458968
accept-in,-3793732400940424932,10716362232057
accept-in,-3793732400940424932,10716362245518
accept-in,657237629722089165,10716421039419
accept-in,657237629722089165,10716421049701
accept-in,-311464017742261889,10716479842447
accept-in,-311464017742261889,10716479855580
accept-in,5457700333671658989,10716538617779
accept-in,5457700333671658989,10716538631269
accept-in,1863595150726286606,10716597419102
accept-in,1863595150726286606,10716597430811
accept-in,-8180970900156053450,10716656243312
accept-in,-8180970900156053450,10716656254435
accept-in,8944897439399530117,10716715176730
accept-in,8944897439399530117,10716715209175
accept-in,273985621994520326,10716773903435
accept-in,273985621994520326,10716773916785
accept-in,3674142647908262653,10716832601418
accept-in,3674142647908262653,10716832611646
accept-in,988069482852979933,10716891438426
accept-in,988069482852979933,10716891461392
accept-in,-4293768636758104505,10716950368893
accept-in,-4293768636758104505,10716950380720
accept-in,1937179323639996770,10717009054422
accept-in,1937179323639996770,10717009070045
accept-in,2198788205266953755,10717067826377
accept-in,2198788205266953755,10717067842143
accept-in,4120418822174272200,10717126683268
accept-in,4120418822174272200,10717126708472
accept-in,-7587012017112484946,10717185476047
accept-in,-7587012017112484946,10717185491560
accept-in,9124971944289157692,10717244260640
accept-in,9124971944289157692,10717244279069
accept-in,-1656368349553260386,10717303064688
accept-in,-1656368349553260386,10717303080533
accept-in,2887560411950816164,10717361848357
accept-in,2887560411950816164,10717361863107
accept-in,837639133366038950,10717420641919
accept-in,837639133366038950,10717420655940
accept-in,4704146403179353694,10717479666301
accept-in,4704146403179353694,10717479699510
accept-in,1885072188386921968,10717538305283
accept-in,1885072188386921968,10717538325666
accept-in,-6139605583590132643,10717597036281
accept-in,-6139605583590132643,10717597064623
accept-in,-6796295047711505854,10717655892899
accept-in,-6796295047711505854,10717655908579
accept-in,7911965576127759136,10717714742775
accept-in,7911965576127759136,10717714756376
accept-in,6919796032411491876,10717773455136
accept-in,6919796032411491876,10717773468241
accept-in,6530114447594612586,10717832251908
accept-in,6530114447594612586,10717832266493
accept-in,-5247911978401380562,10717891080032
accept-in,-5247911978401380562,10717891093685
accept-in,2320649868235385969,10717949869910
accept-in,2320649868235385969,10717949898560
accept-in,-8289524844282063641,10718008615388
accept-in,-8289524844282063641,10718008627621
accept-in,-7144313090014621153,10718067587758
accept-in,-7144313090014621153,10718067606549
accept-in,2315339761540571593,10718126222701
accept-in,2315339761540571593,10718126233890
accept-in,2835202815243463968,10718185032378
accept-in,2835202815243463968,10718185044837
accept-in,5329059182852642646,10718243835519
accept-in,5329059182852642646,10718243844234
accept-in,1303765193456066852,10718302624437
accept-in,1303765193456066852,10718302634487
accept-in,650091713129336737,10718361483009
accept-in,650091713129336737,10718361493309
accept-in,2900384306879721029,10718420323163
accept-in,2900384306879721029,10718420334092
accept-in,4659178393262765699,10718479236551
accept-in,4659178393262765699,10718479263501
accept-in,7082817146999683523,10718537833812
accept-in,7082817146999683523,10718537846649
accept-in,-4425170114356920406,10718596701358
accept-in,-4425170114356920406,10718596714077
accept-in,-1643983537082504267,10718655417869
accept-in,-1643983537082504267,10718655428697
accept-in,-504615528809494018,10718714452336
accept-in,-504615528809494018,10718714463309
accept-in,-366650766325176204,10718773526614
accept-in,-366650766325176204,10718773537278
accept-in,-3105285817262713519,10718831815295
accept-in,-3105285817262713519,10718831827123
accept-in,6285714959271036599,10718890658200
accept-in,6285714959271036599,10718890668692
accept-in,9104903941948755326,10718949449989
accept-in,9104903941948755326,10718949461056
accept-in,-3663042895528221860,10719008291140
accept-in,-3663042895528221860,10719008303044
accept-in,-7606878085058371652,10719067016021
accept-in,-7606878085058371652,10719067040041
accept-in,5211519771040538707,10719125909752
accept-in,5211519771040538707,10719125921945
accept-in,3699439170873213065,10719184730943
accept-in,3699439170873213065,10719184742805
