com.spbsu.flamestream.example.bl.WatermarksVsAckerGraph.Data,108335
