1588437
1589270
2193527
1189485
24115231
22144561
19653345
17024491
7304062
7291483
6063451
3659584
2203022
4408176
3454412
3037779
6681784
7033805
23517237
1477468
397912
2481459
1028506
1556101
2145746
1425214
722498
3974152
3462539
2390233
2938336
4168997
4355228
4593801
2299046
448073
2513863
1443519
5682076
4853075
4135877
6666175
4584367
3089492
4674789
4724563
3074012
509030
2128176
4433105
2735320
4280810
3304553
12687083
9415467
7299286
4391794
4293121
104127
338506
4420859
4264346
643480
3454206
611133
3081959
3045318
3007906
3522744
4502690
4354201
2606421
1613658
5432599
5191769
5480511
5608710
5671297
5085713
4550265
1418303
4453393
2047282
4587989
1036599
2804403
1882498
3219293
3293890
5249870
3521402
2697147
2168513
18186921
15963318
13355994
12531629
12219640
10359787
7683234
5512793
3584291
3218806
1054500
2833255
3644013
393692
2817632
3569231
4174270
4703262
8658817
7245743
7148436
8370
8830
2496473
2935664
2485140
16860882
14913594
14813180
9455922
5024850
21225782
17130432
17612467
13758728
883882
16111075
10868606
10697287
9699020
8322408
6093799
5969344
7044905
6952988
4332110
1744987
6134258
5274960
3381218
1637438
2620104
5120878
1449785
4063214
597518
1906440
20941
1576417
3197402
4550740
23143210
142301
16532474
21876850
16500714
14695308
11800021
11241138
8734707
5079881
4210359
5493088
3727338
3043459
1611205
3168587
700844
3550243
5598692
3235442
4458247
13627577
2746894
1011270
4154232
2134424
46829
4230109
5015229
3818631
78387
3523040
2063488
10679
116830
6793697
5263135
4965715
2457631
25233494
18673580
14681385
11373157
7991725
3381195
2215395
6932696
17749428
2952086
2662953
10065247
16041
3218640
3753122
3855494
3721774
1275452
3711529
2165604
4378775
4670397
4039826
2983445
6723264
4513733
2425542
1732645
1381367
5155594
2527463
3836304
5212459
1985768
4068193
1488851
3000322
534657
3818185
3497897
6426882
5381791
4197032
1302462
4181608
401812
3056117
3840549
3756451
1894204
4517485
3634267
3294432
2698480
362911
1892520
21069105
19051980
16356903
15778929
14629707
10922624
9184070
6941592
2511034
16664259
1407566
24275834
6913414
7157899
7005620
4276656
15262479
6584506
3400730
2229062
621367
7727458
3630258
3543564
4781895
10229
4242269
2916804
4808060
2896074
2390873
5981471
8874838
16357453
3996848
19771591
19111860
16854805
15244417
15248727
15147338
9038405
3948300
4168056
2841479
3726054
3083121
977970
5376840
4299018
1914566
5157983
2324572
2212386
3455421
4300055
4268801
1152750
5659556
4004983
21825296
16859588
14234085
13360690
13354393
8956944
6436313
7068958
3225673
6233532
4269070
112621
6179098
5511871
3979366
1664388
4708970
4683042
3765492
8270043
8177302
3999611
995997
18995693
5454377
19035190
6658187
24365206
6592704
21971063
802905
2635703
2988880
4278178
2520808
181795
14202477
9712013
772899
3814866
3730766
4246041
4826934
2796383
4282008
4383635
5604725
1919872
17201422
17295860
15517543
15339287
14988669
11941464
6833382
3068876
1641047
2884136
2727183
5078567
5084292
2619401
763779
1907159
1733890
5326294
4402735
1987435
6106781
3458612
2975004
1209265
4902995
1009251
8209133
1617183
7824695
5286233
876142
3613413
3125250
2509437
3527852
2342412
5874317
5574598
3185893
1149576
2638175
2781862
4179397
3159945
4877855
4388110
1760138
762243
21322819
19383669
31747
826053
6869483
3355050
3487035
162322
7798649
6915410
6252356
5506884
6055584
4386247
3820813
1925145
5821789
3275244
16783434
16668465
16608462
13839249
8744566
4949674
14823612
11129992
9310863
4789294
4690249
1958966
1636031
1795944
5600241
4801779
3228850
7496886
15397105
15515750
12075182
10530102
8790175
6757936
7671366
5398316
5395145
3506480
4294951
1081449
1547072
4294500
6578306
1789999
6186810
1218152
3949216
12250113
12105321
12125698
8312231
7197774
9143392
6472916
3314335
33360
3888371
812063
4678876
3701493
7897377
5513925
4108726
5153092
4549310
1143227
4095809
1429004
5020267
4463887
1887614
6844794
7038029
5526297
2455809
5690685
3036850
5136046
732077
4841521
417881
3790482
4460131
4952206
4949994
1710125
1325204
2008251
2204240
4291771
3527546
1323749
3049610
3595312
4728237
778820
2989967
832672
6942794
12122463
21191359
19571704
17580562
12729047
11179726
8014681
4270217
6450767
6581350
2609459
174701
1081320
552843
4816736
5511723
4372994
5545283
3426564
2787404
1135970
88006
4740172
7006983
5975232
4684716
6027806
5122703
1710500
3269715
6588945
5923360
4890734
4785828
550928
2184669
1704206
2948642
1414685
5553690
6236015
3237782
2634286
80200
2645855
2196121
2794561
2875232
1592190
3452726
3154316
2589050
1634887
2247866
4367890
4519152
4610230
4423066
289074
238381
803062
4973584
5398761
3462450
2897846
2681548
901419
11322
339511
4448137
688770
3251198
2416370
2347738
24014030
666131
18727811
15736174
11971680
517333
1741488
5202788
3376037
1410013
5469193
5038203
2512453
5317816
3097737
672424
232210
1259213
4195030
3463447
2728679
3628247
4275411
4836407
581802
555147
3250171
2339282
3278181
3743800
2030117
3080801
2197157
2304193
3317891
244518
5635633
4691454
5917493
5796059
3685520
2013908
1234957
3629150
1344141
1716354
946400
3307339
1973562
4577635
8503749
5068633
3562329
2994211
5512189
4950523
2829471
3925738
7307485
5191082
5339966
5533441
4889187
4957946
1073917
1786503
1125292
4407465
4915682
4477756
3152096
4374172
937663
3170094
5383896
3497114
3623174
2267846
2102608
8436506
7758314
5624189
3798470
5126638
356070
1390186
13625109
2260169
894310
4764960
10481304
6579122
1153393
14537492
11983423
11857609
9510229
8218988
6329224
6460279
4689081
2714747
3851519
5767365
3865261
6512466
4644362
5034263
3979954
2458347
5626691
7245917
5044876
5507143
2847388
4529451
14213905
12786502
8857585
8742516
3621627
1786996
2308030
133420
2217855
2735874
2313464
2439973
6233337
5954983
1941605
2719113
3725722
11952187
233651
5011733
3880734
3139165
4789823
5238512
4194551
4006231
31138
17008825
13580381
603287
15890015
14305435
12672172
10255014
7834814
7727841
5751829
3856679
2192423
2248055
4402381
555707
4428841
4132709
161984
4899573
3275921
657774
1607399
1681789
4060236
5448565
4325069
2202548
7704113
6301180
6078859
3410574
14564661
14151504
11997439
3240270
3933467
5234300
1497892
4401122
4620412
7280937
5480191
1497307
5071386
2896524
4003038
17470847
4227899
15696661
12798833
10222162
5810081
2062648
372868
6081689
3914392
5925511
4010692
2621181
5826954
3425470
3051720
3727431
889099
4775527
17268713
837149
15532570
1311212
19296034
16696635
12635014
12597284
11376234
3781331
12385252
10948696
9411401
7732358
6088589
8004999
7212936
5359229
3886551
3752001
1258057
1977911
5460990
5310838
2419517
6272861
2896702
4107852
2492831
1855251
4246489
6858817
4394006
4417665
3176290
1510986
4430266
2752720
1854735
4371185
1375409
2708198
955595
6372812
4916004
6430957
5596846
5490249
2865008
205332
2147467
4241474
4370949
2570346
4217819
4739648
3374886
3542123
4509137
4490548
1596676
4835945
5225053
6423724
10645646
3123992
6241973
3288355
2049913
4775836
3649212
7560902
3490950
4917816
4763714
3537724
2353869
9284242
4588455
177796
1861714
3855708
3704847
2582306
679761
3569171
5380435
5254124
1515206
1698090
1428192
1467127
1548142
5209648
2054038
4616495
1797461
1694436
719476
4335476
32567
3400832
1707363
4047229
1886015
2931423
2564604
4160525
4830459
3647657
5485065
5385235
1478693
2167389
158889
3885485
2862656
754989
2212633
2677762
367999
1671583
1161108
887626
768470
3867188
4040624
5358644
3464045
2373786
1582106
3300441
896019
1841190
1466674
4848801
3343704
1643773
2431598
570987
2993481
3133215
1648620
4618898
2898247
4731486
3517217
1236897
6429693
5338329
4549921
3332143
3925285
302966
5974168
20582299
19667364
19197942
16890947
16739673
11635541
9802428
5875786
4187133
833717
3352918
849000
5210893
4643919
8796377
5835064
239811
3260386
5412060
3743906
11310140
485671
2238714
2725741
1456245
4661671
4119189
4452573
4500675
1790799
3061121
2842156
1233558
3523019
638516
1923814
3827907
2160525
2705380
4619046
2179440
5116649
4302872
1352621
10792437
8480324
1989544
3944787
2313949
3085408
3045881
3588297
5504237
3771867
3254421
403290
1575835
4492791
13409284
8850958
8778720
17865317
15014461
10722936
7713751
5629543
3904178
730903
4765027
1491740
5803659
3543931
2586545
2623528
2469129
1735422
6657155
4919777
1727930
4754025
707680
1685032
5404306
3533287
9940246
7648032
4959350
1764784
3637843
2501023
4601025
1411664
18329605
14637701
2255565
38385
5499298
5733111
3446156
4430225
5910305
2705206
6294508
3191290
2403435
1626479
1583909
4078712
3940944
2877287
4461532
3240788
3625269
3362923
3285640
2394159
8488625
5586720
3021654
3401459
4770817
2782802
1793699
1457116
4797125
716648
462772
2864340
1855595
3916273
3355853
21756275
21615363
14886296
10961800
9243930
6882717
4189239
2280793
669291
8131142
5259593
4891580
10405718
203735
4750528
3324581
1240897
5201897
392449
32545
4458751
4399794
723035
6722405
5561081
5418888
1420763
1147074
137789
1213286
4356661
3344151
18245607
20257878
16396000
11927723
7482316
5419121
4245409
1552973
2554343
3318716
1481588
3161609
1117781
4634668
3084909
19088568
184062
4900516
1016294
5577772
4259496
1932619
3859450
3339133
1699667
5933523
5015526
4093970
19687389
19588067
18211635
13525353
9799716
9683390
6461975
6446869
5171569
4181798
2052139
4729510
3483591
13640158
13762818
5830140
3202187
5517691
2284313
4673522
3900485
6987102
5686480
1719375
4704089
3265264
5488994
5965504
5787628
5558074
32536
778060
4244489
18257889
15937079
2939212
19160101
19023844
14187312
11833964
9710211
7151185
5276338
4126674
3946242
5411154
482581
2142578
4531107
2133421
5639942
5379331
5296572
5155174
1673206
5094186
3255858
2428515
3162673
4281416
16690439
16502677
23364167
10011132
7807823
18656864
15967076
115269
4307479
4770357
1347668
1850700
1061502
3675170
530170
3339208
3223181
6479770
12871749
2836371
11160158
2620651
2665693
511046
5525275
7152776
6538592
4491531
2534594
4364940
5716213
3098541
2302708
4506954
1677463
363774
4788359
4844531
1984711
2786442
80125
3217031
236196
4039932
19637215
8195558
7163520
4434840
2091834
19985645
16382261
3399150
2592383
3084880
3614786
11754851
11657284
1315017
13769396
2186221
11590871
10472575
8360511
5992730
4878952
4738914
3645069
1917470
5745788
5748774
3157684
6122472
3338723
6104516
2501983
2794911
2619937
4402558
2411123
5439092
3771533
5487365
4466449
3247799
5991378
20152384
16242957
12464486
10854787
12190545
8905841
6341372
4837741
2904757
5930991
6665196
6556337
6517944
607386
371078
4698848
1112094
4053971
3514779
13744532
13667171
10407559
7566559
3056460
10942671
9170519
8260439
8106817
8023204
6490912
6095683
1700923
4161131
4376255
2611909
4610433
17676651
15768023
1935486
5007287
14314224
12563089
1487376
1965470
5398077
2817472
1679689
2071753
1782270
6308071
6759286
1887931
3725852
18272906
249218
16932567
13111864
12238456
9743727
8229237
7869621
2801629
3569090
459420
343298
4577946
4024530
4068642
5430123
2001846
2282506
1817399
991356
4750606
2446889
2937073
4024243
243209
5932072
4027396
4152488
3907643
4902699
6531567
6371948
2934324
34555
622133
3180630
896510
5419321
1427002
4885706
955829
5943516
4177975
1418869
29002
4012849
3782236
13858776
6927704
6772723
4894688
1329045
4317590
2146716
2643695
4796354
8046391
501204
6907980
7176510
5037257
15691409
15246220
15082131
13342831
1973205
17001150
14346934
12734342
10458281
6144723
4778963
1318267
1464858
4119197
110918
604164
9617075
5906398
5796280
788976
126809
2783468
2069039
2014407
2596480
3138421
6089172
4505939
3286130
3409879
2042817
5207809
1274203
4860021
5824182
3843786
2785707
5264328
4174664
4818744
4440765
3554716
5134847
2326051
2560571
3356101
232918
423226
5250092
2504031
6062485
1380306
2593177
1309011
3751158
4410037
2038920
2690656
1887510
3570175
1108049
3097200
1309348
1926802
1513520
2004012
3672989
1275819
444808
2104120
63677
4570540
2176148
7203258
8638059
6263417
4403461
489024
6468131
4748183
5871273
1630187
5058200
3825068
2039516
8163
4084528
2983012
526706
4479637
20744409
18253782
179404
14550976
14620145
12331493
8226670
7193207
7088610
5911222
4135374
4285473
2784147
694652
6045459
16655627
16564858
13421319
11096970
9696596
7479346
6954981
6285691
4381856
4679425
1390113
1939056
1045155
2784150
1100446
5809060
4247765
5462397
4436117
2364998
4952711
3853945
1313126
5097238
6567433
6522351
16151493
14099447
13186158
5955768
881816
2790336
3508166
4611064
1600349
3849999
1480973
3468935
1479524
5214212
2896770
5500836
2334055
3624944
6343916
4570701
4549169
3145175
3555087
4997539
2227826
1153608
8232319
5711176
7247882
7211695
4070107
6182009
1518856
2357094
1429115
2731913
5295352
5474612
2234652
7129423
4158938
3733072
17796196
15757040
13247107
11487050
8845740
8739505
5349580
3643331
737554
3180351
911373
3144615
2986907
4931417
3285967
3516415
3369648
411087
818022
3902754
3972875
7068781
5125828
2820831
1075450
4412679
2670074
2506649
3558333
4447081
1696371
4006496
3279160
1364424
5631233
6567267
4243436
12918214
21373
2234839
1196001
4699037
1034516
3165204
2948354
3949756
299167
2188912
3108959
3127905
1969532
1848313
2719432
4697321
2155867
5488478
4151882
4499620
4064771
3985814
1080002
5401907
2007339
2113501
5180658
5469737
9270851
9900212
2199845
2031165
1201191
4677693
3093018
2792113
3542971
2868446
18838675
18731476
16234795
15210883
12697258
9984429
7835970
5929361
1122780
7222563
3866312
3628333
4311074
2872364
4903335
3727902
3504117
6242288
1698914
197881
3407454
2547115
3245080
2864793
4112570
8219889
4119768
3335853
1162582
5354726
3085170
5203841
5381916
4603680
937569
417935
4933320
1078981
3852334
4064402
1051405
9843200
5989116
6961833
3153299
3403678
173429
1985456
1927710
5218953
3360945
3695206
4984776
5957829
1441968
5217956
3986563
4440108
247757
413237
2593776
172276
910917
8843616
7865570
7740487
1012444
4272298
4083270
2191663
2967899
2567953
5709182
7072847
2917798
6016871
2268804
2758459
2352725
5146769
3322913
5856347
2623893
742935
3700792
1119100
4638340
4542570
1278073
4089048
2850788
5564218
2612611
17207035
2604087
3802368
15992646
18523950
13409231
226720
15926188
13829308
12275393
12136388
9875132
9666706
7192499
5183720
3171600
2926341
151214
3888877
4179638
4078187
1015722
2804829
3098851
1598260
4014439
3589747
4401308
4171942
1153176
2633176
2878825
645666
2043981
2184742
3813926
5014061
1516522
2271837
1211249
3701060
3094082
14228136
13532785
11939283
10504560
9093879
5488925
3861899
1663444
2931389
1643781
6484110
2569209
111330
23842532
21245617
17180457
4378704
1137816
27278245
23196634
17842180
15129381
10893539
8004929
6099808
1066433
5141192
8227999
2393697
2261902
15184470
22555
1491797
18480416
18154920
16600986
15089742
12910244
9124846
6383208
3927549
6606051
6426956
11826740
3256037
2401176
4833563
2624710
2674430
8745709
8652495
4071203
3787823
1493897
450798
2350248
4011422
3125405
6083687
4742827
1859857
7192284
4447925
3233318
6365938
5569742
5455208
3305315
1533780
4857841
3274334
1089289
4107421
3938822
7064126
15886875
1259150
4201824
2158407
3758489
2304392
4985652
5953957
1868693
3650442
3131710
2825127
704498
345438
4082590
5245655
3007002
4699199
3202444
6508594
6516619
3045696
650828
4444724
878953
1419567
669700
2383433
1210945
6755189
3928162
3414178
3372563
2706030
1932542
3540794
4446347
443166
5082729
4979972
2091065
3974339
1251570
20181968
15849341
15847470
13717865
14598644
11711948
9394547
5251557
3712275
768139
4216824
3283975
7042582
4520201
4492983
3028913
1823241
600724
5175589
17752655
17578722
12909297
13973261
11376193
11219442
9591101
8654117
6486012
6433597
1452929
3713081
3140269
2081767
1495397
1452369
3604442
5193583
3199089
5312075
1531542
3490487
4516580
3156110
580975
4800937
13707041
4283040
11086829
8502999
1009294
8807814
6508456
3993257
273119
189620
1725140
952510
251797
4412250
3608072
3505353
427118
1901084
5352547
3194729
2292446
3483489
803514
19113764
15540418
2976016
3082347
1674161
3940546
17411225
15010468
15606336
11981731
6817038
4406887
2504972
8314322
7640963
5769399
6760024
4885093
2010391
7086450
6530954
15743770
2691567
1150907
3541339
207240
1687437
1878218
2196789
4047348
2785774
2464081
5937999
3692565
2573803
6226334
4622542
2856791
4990512
4223204
7708355
24126401
857095
1908172
17857387
494275
3280440
1517062
6761706
20539145
4326858
18724274
16230940
16066682
14372032
11736372
11597141
7399436
5299166
4185256
19434324
17475141
14586010
11412131
11295012
8702783
2894376
14891105
161275
3409732
13794005
1638767
5296691
15565538
1827267
15168809
13925422
13449581
12234858
10837279
10698949
7946320
5294728
2641903
574232
2812527
3144792
3115055
4034733
1483244
4934583
4361920
1885996
1230425
5725372
4603835
6784646
11745877
337361
2033953
8024575
13661982
1805312
3067268
6464624
14769835
4217486
4300297
19768102
17404547
17208764
13184327
13106959
8762414
5947557
3337478
4790966
3385130
3106148
1085107
4236107
3705969
1871278
1925856
3345615
1791559
4862095
620229
4313411
2931748
301429
6961435
5893621
2656763
2451133
3223889
6492198
5386248
2774660
5425305
4522414
3777545
3780515
1320946
6472939
5299858
3635564
4440670
2389288
5491408
6059543
2705839
2765535
8725408
5987684
3776300
822268
3380338
3648483
1445724
4858706
3301987
3935478
14890077
13136959
10827397
5349620
578760
5596318
2309002
2323083
1408495
2218378
20780129
346255
18938735
641267
19758939
1017352
19131388
4313285
4075668
1773239
3556731
4476351
2531807
5939617
5803166
4837267
4310618
8178997
4522582
2308778
2282087
5255112
397027
4877233
3064656
4762558
4247439
4026488
28427
696275
4430955
4279766
930221
3656105
1799516
4969004
2312229
181601
4145399
4166864
5485712
4083519
547603
6067756
9099372
2669528
8855701
3135360
3553929
2311450
5105827
5923710
3872228
2724241
1927482
4542538
3675999
3389256
546363
16988778
14970492
453660
994627
3269159
3042078
2702984
4474012
4423509
436970
215512
3014909
2166932
4782306
4372591
1098625
4350933
19359013
2119596
16980089
13362050
11839516
9632794
6465891
6461341
4769198
4806629
4313598
3608953
4206003
3637136
2980380
6158613
6082132
3458054
3295021
2860971
730988
4197443
5546440
5403733
1964637
1635649
1798964
2025184
4368583
2362216
4163665
25017147
21481071
18096367
14188855
12141698
10026701
6459925
5103932
5077872
1390674
30925
5183254
6547071
2203865
3993751
4137723
6544117
6295933
3984780
5820159
6410719
3427422
5336273
4743767
4568215
2565347
3530054
2364669
2344424
3867069
3409714
1831798
6352724
5194497
6461147
6356968
4757436
3892766
3569510
4167687
4025803
2536427
4022271
2439339
3952555
5518861
4858784
4224808
5379420
2257669
4254724
623201
4654302
3894607
2864028
2607226
5368252
5394052
3793858
6055872
5180026
3542607
5064760
17588108
17436649
15480851
3298430
3204064
5179748
19673073
19551763
15128259
14999298
10800688
7127442
6891873
5055249
3006164
1885070
2306320
5846276
2972541
3944313
214750
2821239
2735926
1457183
3555871
5251500
3370851
1685410
45069
3520411
1003739
5703624
7007566
3276468
18973316
1284244
5388807
149121
3873326
5558631
1898297
5127134
2814450
81475
221525
2847805
2856558
2915542
792248
5426012
2498679
2813165
1802634
2330946
1457247
7486995
5591126
5475409
3121701
365360
8299883
5956752
2002592
6044865
5405409
3618395
5698656
3224461
2279971
3071785
72024
3801823
7263795
11251694
13460285
1137813
13450440
13565586
9836852
8291858
6651254
6570718
5823232
4706710
3997568
5156714
2445677
3594780
3338732
3332059
2555122
3343439
1931064
4271830
3916915
1562398
1536934
2755463
414201
354140
4906155
6411471
16583826
14880730
550040
15864666
14606690
10671819
8806252
8809418
4775678
2723154
1464124
3810896
1919719
1847407
5382417
2781095
1822155
7719077
4307595
4963525
2495374
7073070
4262180
3350113
4969200
4421042
2563647
7288156
2571599
723493
1224837
367542
2451158
1404390
1574278
6931463
1266
1092745
6224064
5151003
3214074
2210758
3892945
5505188
2774620
6030194
4398638
176031
2087398
1765950
2134512
2853189
3694912
3388541
9956446
8924828
7317008
5622071
3385261
4151420
3307761
4128868
11718294
11831542
753950
13934789
5120678
12287214
2267569
4342674
4356233
2279587
5766357
1631696
17080172
17732571
13777349
2934714
2882357
18313027
16157159
15962061
11964124
11757364
6418482
7457109
4556153
6497189
2137025
2182134
714269
4027278
2498992
3554365
11956889
9638256
7813605
78394
11625286
1364060
2002653
140026
222915
4419190
2115301
3417588
1719832
24092398
21017372
1146140
21102776
19007375
14708141
13683208
10538680
10438521
8169493
7013490
5677474
5184263
3607876
4772840
5826334
5729366
428755
46114
5044601
4422074
1134370
2835888
1348931
3335669
3284737
5891934
4933283
2390288
6274018
11220691
9167694
9057624
7166186
3688378
16847674
16787688
15404405
14636229
12253556
12158704
3523681
3796137
5873310
5373445
5720267
4620422
2133095
13981408
9214641
5298533
10090555
8268962
7422155
5657203
4681030
4495560
3729202
2610139
5913185
3673838
3339829
4286333
2260986
5139115
411536
5636591
4116039
16708608
16789285
14159392
6642474
6510473
21428573
4581207
3907017
5146334
21713527
19134056
14709688
14605622
11917933
10111026
7736288
5372666
4818816
1887287
4325286
5566208
3223747
2370951
3713190
2654575
1079231
4813209
2229685
2173493
17611715
5785257
21093875
119667
19476701
16766160
15052614
14904171
13886355
9808651
4896938
2785602
650888
2895133
3321006
3160598
74046
69979
6286458
5624398
4769558
7361237
5743629
5640107
104270
4275
4226427
4739448
1985748
1664161
565146
5196772
6411460
3152890
902796
1530765
22710074
19423594
17312917
17201496
14416019
11249569
7184544
2776023
1778024
2213673
1255497
5989697
4159136
4419387
4909267
6028415
3939166
3855768
3749880
4109466
449390
344033
4891514
3720050
1415714
4662964
3678206
5336755
602604
3521612
3441266
2301002
2110216
884312
3072847
3759945
192779
350917
2665652
2820869
1934668
5105479
3721411
5167666
1540719
1798568
825006
4488636
2090282
5288355
4367813
4233926
325452
1853072
1805068
4224855
2557747
3587815
3632034
3528321
11645
1211438
5696007
5345941
2646725
1913022
2812532
3758641
11967230
1383458
12836903
9227492
146595
14045696
14062670
14042545
12543321
9556383
7536340
6545586
6763308
4910724
1334934
3353490
2345342
18939
3491886
5588090
7043559
3020370
3455418
5551452
3404786
1844922
7797429
5787410
4099990
6196053
5760515
5654932
2345684
4928238
22535257
19593507
17050983
16113551
11390311
11287485
6814300
4854670
3111881
3648916
1639204
4502588
1584336
4688337
2358378
809584
107822
17669
3434967
591346
2307010
5188208
1646238
4816780
2638491
5188993
3555166
2172667
1638532
5893909
691984
3715624
4275874
4022621
2072216
3491027
3179067
17435386
13211803
2456484
12796109
12038404
10901648
8866461
7785547
7802511
4637169
3022759
3491584
5078617
4272082
3908805
3562346
5795298
4065489
2949284
4182289
5038422
2962072
3137182
2881152
3782206
898540
3345332
2589782
2682324
1333798
1570988
9742577
11136162
7574192
3884424
2299817
4996519
5200735
1688686
1880955
3036506
904216
951932
5706662
4872536
2535563
1210927
3491264
5852904
3827075
4864436
3116021
4432369
4433246
2602914
18884310
3810353
14846374
5914027
3296692
3674834
3866203
3486993
2466511
3355208
1414889
4071321
3302709
2747837
5002973
3991742
2101324
5337469
3106601
2712691
4984017
6710263
4928164
4419588
2704162
74619
16556052
4641216
22205278
20499476
18161804
22029770
13731880
13548661
8872814
4564027
3411894
3796778
4480655
2093618
1597695
2305534
90196
3352098
3181704
3455039
3991911
3054209
6439751
7346922
3989248
3125658
5994
3495697
1541397
4983810
4423444
4150217
2149195
2142124
392908
2252864
263156
855618
5698744
5586724
2674100
140405
1146408
3764504
3055894
1978374
2137423
6681290
2268968
1656291
4759676
2864775
2452113
1034852
2772685
5029605
2337751
3292734
656884
3177268
3921766
3087869
1785800
3348889
691981
1666750
2654068
4135953
4253622
3139890
5480457
5478790
2829581
6718046
5614614
2773820
1086975
21147627
18893427
18762294
17075556
14218013
13038046
11205877
7849558
2959413
9714136
9655000
4822498
1613355
5045813
5459422
2543107
1271833
4599169
5230704
2978076
5237059
11841400
10883793
557766
3061890
1425240
7037250
13222005
2806892
4353731
8931891
3675357
3128551
20606
3986504
3239633
3232388
2399640
3782461
3316306
540442
3350100
7049011
5739419
4585352
13588501
143377
9488726
13840014
4299472
11865734
10154612
8232320
5674679
489545
1603969
8008564
3793004
3746402
95857
3502991
14978606
12584476
9707318
7733962
5099897
5728221
3776751
3311794
5146860
4353115
4285687
2471786
558551
3935808
4218183
2620071
5610840
4809835
5068065
2532877
2137689
3664396
13235648
11701583
10551975
9811593
8640297
5976027
3772630
3179971
15830779
4521071
508152
2720740
2641438
459433
2360424
3885579
346350
138631
6097343
3767374
665548
3004015
1683861
4399329
4635288
1137643
4674036
3472505
4741186
3910317
3783095
3667860
16467767
5643377
4398697
2096571
6355843
4269528
2752509
7979188
6829741
5607108
4259237
4452600
2858779
1490072
3169324
4139640
2497615
406298
2175190
2438828
4597692
2267033
4613016
4514141
3555631
641713
6720958
5272851
4018434
4751725
2420628
908242
7766554
5897938
3432930
5868901
4655505
2288964
1272689
2706105
295958
77105
4112711
3197557
128135
5495464
4822929
6517277
3268359
1571888
1923455
1142146
3501366
961926
3148682
4320824
2353109
4269075
5444326
3240528
431871
1603241
2668901
5322390
4619972
2805158
2767124
6536504
4886352
5250588
3374725
5879315
4917783
98785
3323404
3092214
2731102
1965201
5104127
12533954
7312797
2172203
1022078
2978168
4484333
5666273
3089249
8572741
3850966
722882
3295164
2385709
732644
2005347
2563543
6647821
18703571
545378
3005390
19089347
18540079
17553818
15084084
14960529
12157855
388553
3092913
494470
3213583
2270928
6481038
7279588
4794364
2740928
1813071
2524512
3635251
2767298
2084407
3000451
1264895
8516
1472250
4343982
4170185
3900257
3040447
5850044
4182657
1981173
3921563
3638818
1968998
4149620
3492702
3396307
124819
1442014
2856281
4197096
104808
1501405
2659846
4065221
3084381
1091834
8371382
6205218
3188613
1143792
3233711
5180927
1639570
2515728
3867495
4172289
1990970
4889901
4156619
6157559
3919046
3385559
3836305
3142150
1395287
3165581
3001010
1894352
4379496
3802758
3266318
3828542
3660824
4218415
2534925
5692210
3081268
381266
3883067
17041
7214280
6157027
3687798
5606707
4164006
5096305
10596024
9815146
6737971
7789350
12613625
6199044
7714066
3701891
6576888
104185
30787
3082743
2295249
5801037
3460949
1791886
2222958
1182186
3429432
4754385
3858219
3760015
1931945
4500767
4621129
5361530
5008181
10788489
15366581
15275472
12456537
6794395
14656313
14436354
3291028
1980718
4077559
5119637
2457003
270210
4085982
3710481
5227058
3774980
3328051
5589946
2061940
2411293
1441594
64665
2079148
1066471
5961816
5911909
13432955
850627
13614905
13773560
11194550
10977840
8609515
7758839
5866467
5549795
1537612
3276636
3400346
5214030
4214091
4204536
16068240
1080066
15189883
12917389
12670130
9749596
7498017
6549401
18814653
17221479
14825440
13364724
695460
2471229
3298572
5665026
1934301
4822255
2861173
4005275
4028274
3345758
3209372
6677093
14730607
1152405
1740805
4488648
2798080
2823428
3145142
5861412
3797559
2548770
827079
2407944
522701
4054824
4480553
6866467
4432057
1997611
4670714
2827881
2733342
6549467
1555979
3880825
73088
568317
742993
6130452
4767626
4702338
5272901
5157677
1843351
2154978
4092306
4342663
4845323
4064222
4984041
3120892
14951236
3232935
13732890
458377
322254
3044460
65765
4047229
2913497
4055987
2145429
4245625
3368935
2564758
4298521
5825752
3534498
3081143
2548466
1331937
1445493
3863744
4009382
4261242
2909055
869149
3456992
3056954
1350411
7158994
6352670
16676790
13867447
4980583
15986013
3319416
3337954
3931495
16169022
1070106
16315232
6218563
22082403
3911054
1409085
3978669
1726529
4493555
1834971
1754020
190164
1498418
4787170
4343429
4060196
4265916
2045804
3399128
2621363
1378733
3353106
2611663
2174784
5936276
4743496
4326871
3944073
3387987
3166869
3907134
598407
5368439
4409843
474187
3303253
15508537
1177309
2594020
2292344
2855183
2390433
2219541
7778826
14781391
13164664
10959565
9109641
9012194
6433556
5804854
725259
2873674
2974521
2824646
4847063
4735553
3234065
3836830
1734285
4018828
2776773
4243166
2276851
4714776
21792058
2206932
18660631
16633667
14662089
13341838
9765049
9632086
6372444
5238366
854697
5107660
3385745
7133618
3749097
6068464
1982055
1677655
1134794
3984846
1287450
2325997
795069
5945334
3301320
2043875
3370080
899434
4952077
5359073
4861598
4812074
231455
751667
3402638
4755008
3689506
2525798
4884428
5787862
13435160
1804198
11541341
7860035
6130928
3344368
2225364
3789233
604198
778936
2665783
2860321
3102344
3686750
4333223
5842757
1293382
748425
3634322
4403610
5366372
3001484
3790112
4392975
2716291
4208179
3291769
4491916
17999799
890179
937653
5802480
20883936
18344757
1554168
3684755
2942225
103876
2072516
5456986
29282
4253705
3415545
2713248
3151909
9751042
5813746
5814841
87187
5391969
2391346
4082111
4610273
1339416
628463
5631724
6774927
1667052
5019416
5729355
1617381
3518285
4154518
3976012
119738
922501
4696282
5173672
1599601
3972243
4009401
5543021
3630545
2739068
841362
3441105
835935
3852597
3625807
6178894
6666575
2093462
5837240
5041609
4167241
6997948
4756521
7424221
3906510
2928974
3618437
6259193
1132464
2063319
4269570
4068390
2424365
1330558
3968947
4516666
15126079
13284779
1165620
3865019
15706864
1881459
6347680
5369934
5701846
4728374
3689086
4702948
2716972
2991091
2511443
164527
5157694
4293751
4082977
4025037
2033952
1760965
1651247
5867010
4882505
3205148
3357894
4137806
1395197
4185039
4637240
2834973
1799987
6175435
7215638
7061128
3548204
5469952
3802148
3740526
5292225
971078
4690847
6330143
3021209
4033840
4687127
3758419
15784715
1033813
17260046
17142113
14437752
12154041
9868617
8856491
5592627
5337578
3640285
2223332
13784088
3573217
19995292
18561840
15800961
5688440
22155592
5524381
5358165
789431
859939
4212634
2018182
3646075
4578151
7049683
3549588
1310542
2431983
2615323
2736147
4278034
2510642
2439157
2481765
1455219
1811391
6483462
4711846
4849885
2767850
4477816
3928144
3585239
3708434
6370744
6091076
3133643
4578694
5163401
2162259
61882
5741846
6667746
6481060
3698125
2735305
4206129
76562
4789
1761310
3242646
2706821
226820
2443864
2345159
30711
4882848
2472170
3332002
116204
1564079
3340105
5506370
2077850
3974174
4114081
1521898
3762157
3992816
3018215
2964937
1407602
3196926
3036427
539547
3460810
2345909
2016924
5405032
4378488
1882361
6929604
5647552
4265121
4030197
2729221
6048281
4011916
4006246
2188736
5003714
2900278
4801368
2056223
4068199
6343774
4862187
5620535
1586117
6089260
4885811
3195962
6505610
5296182
4033520
12614809
12495789
10307863
10367066
8191069
6299644
5168524
5098168
20963146
20140171
17556920
12337064
12209511
12040490
7691377
5067043
3834164
3192486
2422590
3595147
2084233
3407361
1355840
4347468
2781178
17857031
16520894
13016377
621006
5195351
14404162
75951
18295723
16527788
406149
18032214
14446124
13484239
11218611
5667344
5481276
3843136
6247842
6157275
4192294
5274682
2845328
4081579
3981367
3581371
2400778
1932104
2867261
4062114
1582624
438749
4310347
4814836
4036597
4411065
3269517
4853404
2085049
3897510
1065522
5275407
4535589
2815559
3346561
5522609
3716067
3320642
1501428
2497694
2185032
3562655
4136240
5439105
3016247
1355971
4131934
5351975
3465123
4659399
3324403
3702103
4688859
3251033
3069671
15859386
1451053
5392867
5489619
5391515
104621
790771
3146555
1201783
4462480
5598777
2822546
4171139
18180467
903350
20938918
17090639
1690
2865902
4212359
4186087
59359
1117176
6723923
7310514
4758347
4989099
2628696
4373217
4527655
2991946
5193373
19579269
16887836
15277652
10576662
11868376
8853828
4077860
1397622
6076581
6157508
7333388
7001382
6899386
131767
2051444
6083823
6028914
3837202
6374552
5252092
6547099
2430268
2529577
690018
3359660
4006566
4595123
2642479
4315366
4310376
1635641
3524529
37417
426669
2978024
3528432
9201516
5529955
2725683
158959
4442421
4360307
3142463
4930022
6821315
3599502
5530481
2777808
3872162
59903
4641965
5024006
5615357
3290222
1905846
3077849
15965886
7348559
6955876
3721350
5298763
16611817
2615067
2259888
2846721
873013
2370265
2500411
3524204
968576
1190049
201355
1887337
2595393
5524102
3277599
4748625
2230631
3133296
1543273
5499998
6768634
2541574
1911016
3997199
1678441
3601157
3767999
2343659
17186781
8950717
25810724
25805555
23404773
19913741
18027517
17073987
14297062
8821932
8816766
8730227
6739578
4152043
2507470
4163058
2115104
5119230
3523400
3692488
1982387
3052734
4285174
2526206
3694844
2668267
3608902
6509680
6280871
3718943
669491
1493063
1854927
3932239
19521950
2864433
17722302
403423
1582320
3757753
21340061
18950495
139360
5016946
1916125
776178
6974317
2680487
2680718
4420621
2429772
4209849
1507362
3948089
1869397
7010129
7488300
6431197
7398992
4147848
2209758
2080146
1669275
2351971
2998020
5671193
3715972
6303998
3974881
2326600
4795593
6787462
4697623
4687567
2777751
10650617
16824225
2766539
849427
1886984
2158863
2353643
4203715
4938559
2898172
4294502
2876019
3080354
1850869
4627200
3443299
4193506
1787944
3001647
2239284
2483144
4146148
5686463
1423815
4505275
2387660
1294870
4368442
3783120
4235175
3661763
1481381
4599774
4259068
2198620
3989022
5206835
4753420
3318238
4159209
4887799
1725145
3253799
1120649
4078947
4823866
2522413
383931
6277041
841106
1133670
1775743
947895
2356151
3319036
2717501
2045971
4691304
1719476
4875964
3076605
1846594
2490922
1213715
2802119
1718428
3872884
2981900
4517072
3396651
2235269
4073088
5100867
1200628
2433106
1478088
5772394
10547246
9332014
3275149
9550078
6659980
489063
1965269
2662617
3210823
4220677
131604
4981953
9212991
2263634
6026947
5464800
5341391
4103804
1361734
3078910
1399770
675656
2128415
2629691
7064123
5126522
4844095
4738409
4241388
2288150
1621844
2323994
2495136
1882520
663974
16355804
12245964
10676343
8399033
6097067
4003097
6603016
3020792
6527170
2365186
1152582
6889201
4361587
4484175
2028352
5231969
7103916
2721644
6890396
2425228
2931614
304685
1410722
1489723
4762748
2487389
4817131
4699966
3467825
2521279
4120692
2850746
4514965
1651403
2572575
3212337
2099542
6875017
3669950
17850294
4231322
2669985
197854
1686203
1122151
1838416
3658084
162228
3853799
2311481
308713
5218892
3073666
4482434
3657645
15334532
2379258
12989695
1739215
1059109
1205823
342207
3975067
3059375
3813865
55175
1019888
4289735
4182483
2231387
4174730
5953118
7345168
4499392
2222004
2259221
2936823
3084271
5272281
2570339
6261110
5885812
2502212
3479934
2781545
3002235
3206388
368772
3756487
906730
2692332
5910339
3997541
3590036
4077571
1190143
4100413
2848379
1052852
4236546
2747844
813192
6750435
4353545
6004176
2844688
4539510
22950895
18801495
17604439
16194350
14620101
12933366
9530818
5274227
3287299
5177178
19383841
3993389
2796853
17214185
13540752
10220741
10345821
7935359
7970761
6779753
4552959
4326864
1671992
3459931
1161973
1150556
4416103
6528061
2376814
4515718
605804
3466531
4878918
3031245
1141477
1986702
2910631
6600623
18580324
2969544
24750583
22167871
20123959
16111997
11576519
11447956
1571884
2377801
5740771
3334222
1468553
4135909
4259350
4228290
1257993
4423627
23669527
21558931
15521562
32348
13450
4846445
4750747
4617458
3566982
4848878
4078695
1926546
3612399
4710792
2221848
5513191
4317937
4103392
5913899
5167497
1349935
5538291
1315022
3682139
1639954
25289
2891523
3804036
2271051
7180375
6545244
3689592
5696609
4074167
797131
1744812
933672
3922676
1542762
376279
2668546
146982
3438444
27868256
20389586
20245928
15928556
11808628
9432246
5185514
3342582
688128
32280
3820580
390383
3119736
148239
3500631
105475
1213858
3052977
4982934
2902974
2316150
2117929
3657188
2348021
3681865
542398
2992456
2808575
243218
5593433
6043113
23088828
19439386
14765116
14626272
10755400
6915467
7232077
6275486
4399890
4086126
5655171
6720536
1686510
93791
1425005
1412564
3801229
2915912
1920177
7145259
4902698
3126664
4171144
6995276
5100545
3774684
5794958
5645901
16006752
2112555
17645175
13564913
13512566
9857998
8779808
8672404
6155887
5614928
1558406
2673543
3542182
4324075
4494891
5423887
1944201
7818274
18856091
17579786
4612768
16476185
1322322
3852371
1606208
3092933
696633
6463452
6775147
4632182
7218517
21977429
18595861
15246894
12875493
11484253
11589652
8934577
7170721
7059366
2705515
4561390
1957972
4748668
3602205
5747099
1738279
4433746
1716330
5125015
4012198
19089856
16588454
1831101
14072351
13873368
9891799
8952922
6135922
6399091
4199364
3488792
2513352
5674589
4865452
3090377
2123119
2183113
3129123
6088415
2797770
6806793
4987611
306644
991069
2366565
1014092
4721976
3914898
6273183
21031499
4244500
14617688
12545770
11032626
10871869
8530182
8301746
6306948
4182880
214918
1154920
6145113
5470231
2907467
6179592
4737539
2972218
5636427
3128162
5642023
4249710
570227
2464090
181755
1862965
5581268
4109985
17261498
2906894
1206173
17569935
13279819
1286803
2359256
4206871
3687173
7310228
4178340
6082162
5612524
4192657
5503128
2697559
4409438
4181054
3637710
8609016
7319776
3781366
1610827
2082479
302444
4000832
1788538
5213267
850180
2460507
6759895
5271171
3269849
4308169
3257898
4892672
2262264
2393148
4304730
2843226
2062533
2884056
2728389
4246286
6253689
1933403
1177573
3135645
1672616
18369944
17524891
17419427
15489881
5624753
19004552
15260687
11985061
10377742
5523554
6865340
4079590
2203410
10227
1742630
982883
1231053
2671109
3779702
3464125
3027362
3043740
12184917
9228162
8264736
5358966
9859048
7620721
5464037
6245913
11455132
1171644
5197275
4415556
13389451
27680
1121254
3717584
2565364
766238
1664884
12952773
12861353
11374609
9954879
7568095
5931397
3200067
2292681
1785385
2100684
8710570
4341946
14237581
11464584
3408342
1716848
2326985
4842945
1987633
4417529
1142716
19418079
15796424
14725274
11729722
11619658
3918328
63872
1542089
8985
5754459
1860703
3668919
3530422
1029577
3135738
1253807
2687285
5372907
3350578
1603096
6666748
5567897
2328387
2013879
6160745
5680383
6183126
5604471
18037085
15677416
10915269
6781421
4436207
2409749
7222442
5877970
5742380
28973
1438510
937828
826342
2740461
5998227
5534151
5298694
20921191
1153284
821789
2606091
974530
3593680
2260114
2492804
468167
2709222
4198199
2266632
4487076
2625482
3475523
3471188
12921901
491403
8625436
6379967
6137603
5133057
3073163
4968743
3709403
3009055
1657213
13150317
11009060
9085305
6538758
6411355
1114284
680253
2384973
5279870
3130846
6032132
7312316
9145905
7060468
6207305
11682429
10135701
167733
2839436
1734685
4972241
2342539
4730996
4994882
2322937
1905285
2424357
6307498
7032597
15744725
1671773
3099292
2940307
2804062
2904464
335312
21475245
17351811
15618116
13731738
11794557
10517245
8739324
3071654
2816665
1348134
1532029
478441
1167715
1606952
446676
776562
5076683
2962785
6468909
7383915
5011825
5574546
5011894
2646307
4802690
3178050
2246803
15993123
14061144
10620590
10395624
8069185
7906174
5603618
4088512
4969976
6923602
1285287
3767364
4387318
5206306
712060
3731522
5016223
4215314
2751357
14147118
11294167
16147017
11418526
9131250
1178584
13190443
9899018
447703
5967086
18014167
16325716
2672435
17630388
15474207
13968161
13863757
5159144
24509235
20199843
1228171
15570446
12684840
6101472
4404454
5053431
5018857
13261019
3068113
13042949
11328136
9877585
3935632
1235073
3426610
1733794
2204045
187632
21801591
19437141
18081328
14504909
14329401
10396719
7736855
3927102
983739
2635668
2204433
6486490
6402863
20314902
750557
1861714
5950919
6313276
5834234
4276510
4696331
3826045
5998172
2416077
32178
4003760
4159706
3673743
5525827
1657441
3745039
678143
3522367
3677217
2061946
2154388
4420275
1709933
1591670
114456
1515015
1184405
2054859
1021525
5311218
2758905
3633841
18707446
17534678
15628267
12946479
10535425
10398915
5883491
3573717
605903
1300777
1413606
4613925
676455
3316170
509771
171320
2544076
1293376
3379329
1884837
3523635
5493864
3063779
4419142
5537871
3016382
4655520
4330403
3313069
4327494
3263469
4726030
4882874
5565827
3407955
8196339
2719631
7863582
11918644
8988634
9133389
6412822
1822987
2453460
1257675
5065179
374284
2994095
821313
3985150
2870813
247897
567882
5034895
1040965
1843882
1996050
1101699
3795797
28104194
22187327
21997068
16629775
13775117
9457984
7245108
3714559
1435732
265110
3721677
14250
5230644
13536891
14608066
11607844
10169884
8824954
8718702
6683228
6328823
5587427
4944847
3679893
3262312
2803797
4816629
2811539
2531127
2404599
2247345
212542
5915859
5575326
5617467
1103582
1446989
1817081
2193397
4255157
5288716
1360173
4222477
1409981
3262644
944535
4372264
3712874
24186522
18840781
18747034
15013832
105777
19989908
16890845
12783100
384588
1708716
5206170
4869859
3107963
1981126
4523107
17868194
16341438
13221912
12964082
10693431
8963089
7918230
5939958
3387011
5224321
3434462
3396661
1920555
3036791
6187502
5101736
2304191
2129266
2766106
2526079
946395
1728208
870390
2412965
450130
3007959
5132475
4986666
2259669
723515
4349270
5106500
2906358
4329220
4856955
5170581
5462732
4685757
2693149
8748117
4090952
3066697
1692612
15682531
13972809
13241413
11219059
11487609
9190192
4543431
1471013
6384310
4062306
4579504
4225450
1449205
1736240
2534400
2518232
4371368
2423225
6554052
21333275
18665874
14937946
13727027
11900280
11715930
7973351
4931526
3455706
4908789
4480112
1963928
2439242
4255568
1969268
1686235
8597761
7694779
3910564
1124715
2988654
2983192
552531
2219296
2359958
1633201
3083768
6170488
508553
3191465
329552
1572124
588286
5392433
3956244
4057022
3264736
7129523
821277
3199064
3859900
2490590
1881927
1898627
920823
4324184
14343469
132415
10870350
1684489
12334105
11355581
9210914
69764
11599850
126222
1691527
693307
3090810
2889222
1655313
5040839
4446812
3382049
11955165
10044708
9376933
7365630
5033168
6159546
2574112
5831873
6340885
4626744
2842989
3248840
609600
6667730
424026
610968
4884976
3468164
5752098
7733764
2172244
2021305
3538141
653613
234845
5786305
5280023
4977456
1721455
5648449
2538834
5209640
3764810
2979575
1461249
4554336
155236
4632265
481700
2295102
1075407
3661085
1165018
4313952
1226256
3659362
224176
13538
709072
2588693
3298381
20984695
18671188
18528829
13158076
10479126
7313093
6301044
3879293
2822112
2719421
4263555
9846792
686242
11063991
10321550
6304342
5851092
4437140
18370334
16349252
383218
14643571
10131516
8940268
3853108
3454263
7443033
6032640
5062688
691648
4423453
2566183
3176731
4769546
7087695
25915396
2264595
20919193
35226
3402354
3439688
2865788
5343830
3519602
2356205
12639312
10137466
9240314
6424638
16350895
4615051
3162361
626128
8526
1417615
153223
3916162
4032828
5631197
649533
2155394
5176688
4361543
7803432
6342395
4738695
4736761
1465041
646910
15080705
13744266
13021498
12014338
10339039
10096898
7116357
4485862
17234662
13255812
10821698
9854096
7818102
6865473
5553991
4242934
1466096
1461703
3974779
4280139
2331559
9518418
7488475
2511779
6438277
11035170
9383509
7758691
171061
5547508
2142882
4320281
3718459
3239509
12402438
10553781
7435766
7293923
8776392
472771
934734
4056015
4273742
2291342
28146
3499253
2908073
2400800
4703122
4964302
4124852
4337616
16093647
16059847
14283459
5396982
4280546
2079903
4932913
2721203
25517
7732512
3207838
2693439
1823811
1505761
1211561
2608904
2208528
26621865
21605839
17729284
15239734
11382485
8763141
4164945
3777158
1539951
3875662
629939
2527830
3658476
2777477
2093519
664833
3529213
92282
2105956
113796
1521456
9506598
9083516
2052665
4337278
25474771
817056
24000033
20174471
14537645
14205534
7649622
6663189
4251308
3741056
10492095
374432
5327560
5844783
6226860
4435666
2213457
1579699
3541173
2445314
5011062
4651154
3457673
3537663
13816714
980284
14219127
12126411
4385960
1985075
2665862
6545836
11124880
4632513
7141044
4792813
6389150
4440606
4680515
4849992
4197392
2476804
1088431
782766
4425159
1487923
3999745
6073995
2673535
3218206
3334683
903175
1241955
3211347
3134270
3893800
740451
2568192
2641052
2885494
221323
5464603
4390881
4289941
683371
974727
6291167
5815871
2890682
2556878
19984069
19842495
15428481
12286273
11088122
9989700
6124966
4347705
3981349
3890976
1743376
1598881
3093620
3228966
1694423
3179949
4053191
3936743
1193555
2185800
801614
2403334
4241817
3934068
3787984
5433530
2777321
3338100
427322
3460695
4034965
1272209
3490946
5752359
16488137
292451
20111553
18601805
15672711
13917580
12998435
12836049
9493744
6695184
4989227
5563877
4043279
4200928
4287141
4272939
416950
13281246
12112434
9852064
9909783
7049319
7023609
4662202
1670289
3619137
3000420
1183397
3637981
5266247
1733540
3169953
1205794
2282399
462958
2383780
2232259
5560878
3896426
4276416
2892437
4070028
6167929
7719445
2154472
3364337
2601011
5550954
16855946
14669115
13155175
11777996
4495781
18425146
16936731
16777859
14107468
11491354
5721562
5298284
4227822
3218629
2628560
6184910
4662936
3691812
3060315
490512
3418645
3740950
3103002
7314800
4471611
2353567
3342796
1962372
2267155
506133
2421655
2320634
136104
1456610
390331
638885
1346758
856475
2050215
3123606
2092629
2265265
2360002
2122595
3352253
4744305
1188919
4765810
3580605
1243738
3888484
2445562
3942995
1632814
2897946
4599472
2753960
4180506
2644363
2712558
3511702
3802821
6623627
6502019
5063274
2694377
5037934
2974189
3760978
3660957
3753150
6925511
4212701
925449
3650804
3556158
4485084
2955822
5043054
6965134
4327068
3669306
1748611
2808355
1361747
6303745
4170196
6172923
149723
2339373
2643088
4408739
4576721
2319847
203991
3926827
2290808
927966
4589163
3989340
4587668
4089409
2371784
8058389
5462581
3181435
857768
2843495
470722
2882573
2842538
3647004
842998
224586
1621115
3898625
5030080
4706439
584935
4164670
2419928
4304756
1370656
3747713
1057735
5425348
3370561
5406215
2257979
2669115
437532
2072977
2265246
3706740
3521636
3402252
17723124
14147643
11950101
9429631
7608628
6377274
3958304
5425315
1956651
1622112
18384437
729087
16760249
18147
2434356
20508041
16102925
2473954
20037586
18757186
2669850
1460668
3765874
3708920
65008
96987
492494
5195317
3815392
1522300
4027071
4937530
2586638
4687869
6212776
5002214
4479576
3912316
3328067
5435218
4711611
5245922
3654313
1191592
4715385
4915326
1979195
3735911
49167
1630989
2667837
2636733
20671031
17680973
12991404
12821089
7653051
497797
12720393
11642397
5201745
4223093
1248802
4206606
815227
2597590
2366999
4276227
2854445
4408569
4142795
8860993
7262121
2108864
125116
2939864
4113312
6845981
6516407
5646817
4736425
2634562
3499750
3862795
3452715
3993830
8783332
4133899
5415735
3355418
1337059
2300935
3879843
4206377
5115609
5358638
2662854
4370663
4005720
3181649
107855
3827699
3621349
5151724
2801286
1762554
1614616
2768420
7498386
5191268
314866
9803594
6401190
7878532
4618519
3768751
1227787
5947313
6576900
6475653
2943694
27976
2025397
1379855
4285851
1731435
3236342
4558880
2221689
1369758
2396803
1504393
20771550
16430505
14459252
14358191
11959584
8867091
8725168
7695892
5451107
4676151
1240532
4722691
2908239
6175881
6379592
5363412
3116075
5695919
4366141
7410767
3754346
1722540
4584642
3315767
1110967
2121497
18243191
18072159
14390285
12183966
10911071
8999746
6139496
3748878
852618
3303989
1034829
2833041
3666400
2713103
2527050
5474932
3381871
4737651
2745307
115718
195768
3160619
1617208
4695810
3995707
3759584
1964598
4799011
5778300
4752649
2305287
4824336
3762282
5016387
3194771
3554150
3433253
3637739
2377803
3634328
1853878
3894270
931526
2428904
780172
6544398
5441616
6268945
2518508
4534120
2068117
3673955
4882097
2283409
1979973
3732131
3813020
3689499
36891
3583967
1427868
6811296
2796455
1478838
3345227
5541678
3778688
4859575
3478275
2171703
1434984
6178292
3421804
6594270
5091873
4872263
3601022
4117235
3405595
1139779
4214861
5340175
4495538
2685960
5382314
873293
4757745
5694613
4814540
5734381
715923
1503083
4181009
4383458
3350657
3696325
4386597
5961142
3403552
3532660
2770255
4326369
4722653
2686660
3660579
6314130
2011691
905980
5550630
6045272
4368311
2825825
203431
2652118
674461
3904394
4340617
4671005
1530307
3846142
2730043
5960966
2570067
69419
948004
4300431
1154556
4352409
3666683
5220575
1418818
130824
566675
3886474
3167090
2835582
2152306
8353385
5602144
5963510
5714325
4391098
2197120
4873353
2792642
3755104
655307
2718421
243522
4867098
2842679
6593314
5622290
5483846
2048050
1569452
1564954
4643988
6639302
4989722
2875551
4805276
14183530
628623
2110900
200573
3137635
4406537
3793927
6421243
21331075
15481
22961197
18756675
17709142
16301099
2352631
2342627
462118
124008
1063294
2546213
3056985
5136682
3280969
5099487
3037630
1624356
3320647
2394233
6245914
5450378
3697157
5799816
3519596
1755997
4336045
3801630
3504718
2363114
2418923
4694141
1893148
4658640
4686961
4851683
4424512
3192063
261132
3161985
1554044
4708972
4442976
2788397
4175233
5477683
1495888
4141427
1860090
6038790
4865690
3704433
2260240
3122076
2154600
3094081
1185210
1377164
3702378
2791342
6193048
6152927
1822344
1372859
4341184
1942995
1161136
816052
2984020
1850320
2979134
3911351
43397
1039003
1636952
19551646
18700488
326533
3496615
5703324
3944157
2602734
1155138
1976563
938775
5717182
5331345
5672996
4414141
699341
1824154
1579881
2935047
3623724
110597
2916234
363651
882251
3565965
3904119
3034572
1825066
16842612
19013158
14318602
6926611
8741138
9545753
7026234
3401789
1590464
5076782
4328451
3929605
2184312
2257045
4300186
5738416
1350019
3991479
17333230
2268211
16786673
15843335
15261621
12347510
8015263
7888100
5296371
3142815
645786
4826338
3026716
3373873
6901608
7856435
5079888
2017624
1262291
1025285
4875234
1740054
2848374
3849774
1513212
2142123
104854
1628380
3123274
4767121
4271673
4278646
2256822
2289573
2160560
1506991
3067818
2198182
698801
5102743
4122948
3369158
3384424
16456368
13535019
11187989
9668985
9462384
6660086
5935715
6991092
4682961
3660753
2507963
2142922
3067035
197412
1300931
775773
330540
3853971
2031724
1798301
2894060
308780
3053816
2665950
2984165
2870156
2814434
2868781
4252069
377259
1103694
953343
1255607
4650420
4841335
5661821
7028825
2887990
3660630
2131773
4115723
3858678
3326426
1841009
14398936
9474906
7355456
6402917
3546772
4103617
10556565
8335837
8162912
5834320
2982746
11131193
6257845
3832054
2418535
1589204
2676322
2028843
158053
23872802
20574661
18192808
15743015
11543155
11321759
7090309
2006559
2109947
4301460
4383186
4554721
3294834
5111761
1570191
75839
4569756
3200901
6222106
4489045
1499779
3800575
2386567
3297072
1474190
3896794
1059362
2926438
2978941
6481386
4257754
5363437
4660936
6116580
4243678
3576487
1921599
5452259
4382376
3346452
1767520
3363362
6102363
4688422
3429418
4403960
970754
2812219
948471
4630001
1399652
5003057
4547521
5256490
3599712
1747351
4966488
5421807
3141510
12990853
610655
2259127
11355273
4786430
17379160
15739491
14482097
3269007
15488133
15485465
13739032
5500599
16846294
15966038
13512831
11698292
11588494
11453993
6450713
5335239
3983455
3847462
4049726
4400034
2055299
3063792
400673
2243093
2642136
6031343
6274189
6101972
4022306
5395556
551060
700153
2420740
528562
3196180
3910642
1012615
4970625
3897587
463542
407241
2305768
1154320
3203432
131598
3781757
1938919
3264216
22946053
18908575
15897697
6010923
4043188
7252280
2347860
3589955
1527578
1629886
15376391
14307211
13050829
14951561
10303851
8243892
7629675
3753825
2706984
700103
5556025
6755946
4265201
2397884
2567868
232627
3308590
3508244
728666
4969188
1590639
1460679
1917027
4764199
5075497
1368974
1621247
3549863
697678
4083505
2501948
2186399
3822992
4720975
3343593
5041793
7618776
4787279
13769978
10226139
1820879
4157722
4452762
4618783
64286
1941710
5577734
5200188
4136858
1369513
329597
3996409
877886
2234180
2387946
2276496
2926879
1657125
1811014
2676898
3422871
2625134
1452166
5629221
2048523
2453240
2267183
17565341
15255905
25475
2459499
984387
5589138
5770698
3656200
6928090
2593313
5568726
5324643
16391658
14002955
11311981
8228369
13714775
8263847
8436791
6751889
6903088
5657820
4698717
2634370
4395075
403021
161044
1345197
322719
2614803
701849
1709060
2661747
2243327
222913
108279
5110885
4854041
5508486
1949935
4260982
1361249
4839763
2585234
356003
3001194
2538541
1880875
5435857
4895669
4050772
1788381
3151708
2672849
1627871
4600728
6274087
2445805
4168380
2130687
137164
2838046
3051489
2438190
5033514
15457104
5860579
17280539
14287841
12991141
11770279
10771872
8389083
307596
3589177
257149
2128257
4417503
4251287
1039488
1550715
20336766
4486332
2149433
1728055
2015391
1093625
1687022
6359308
22213254
879054
21926855
19575469
17516187
15036057
11195908
11031709
8104541
4119354
4364113
3772221
4384459
2693056
2071460
3327933
142271
438784
3304387
2832597
3873278
5734202
2981012
2869709
103195
164792
3603617
3570563
2736605
2810192
3125119
3021161
105751
2001167
2663030
164091
4441580
4434152
1152422
3914105
48028
375201
4530872
4435441
3509680
1663237
3921217
4769624
12528357
435306
13698070
11329286
6731047
6597519
3644098
4677940
1876972
3350593
2924123
2471171
1908951
2485496
121688
3935095
2724943
400698
1912994
1323924
3645539
3625136
2729393
2597985
1142253
4452704
3274985
929217
4028035
3297738
3194652
7614424
2554194
4896038
4819594
4566615
5230989
3870534
3432579
4367381
1637962
5785493
4619353
2811717
2906358
4756167
2188951
5544353
16304827
4403888
10946732
11208684
11284857
11049231
7845922
7728445
5187789
4298905
3572629
2878436
2842068
2137066
990551
5148816
2111854
316436
2505001
4197684
37933
157429
3997156
3895754
1100947
2957211
2123606
1821536
5238096
4550279
544764
2623259
30331
1784281
1119028
2256481
4811759
4627337
1543154
3735626
18463814
2389356
312822
21755368
20465363
18592006
15459165
15315220
9431811
7635076
3716852
3035525
1295484
2164035
1751523
6344385
4325393
1223422
3626438
1750723
211305
3061841
1008356
5551268
4688272
1739511
5214929
5618302
2078722
5326150
3230718
7037801
5800513
5520248
3657083
5203291
3802511
8065430
5405
2274514
4085323
3791602
4083904
1452733
2963565
3775809
661869
4700543
2512537
1720065
903394
5474011
5290164
4108617
5332970
5220187
7148253
4170032
2760945
2682205
105260
1941640
5596362
6973306
4777665
2850519
5425859
3373563
2739976
2128219
1286459
4679994
3970173
2712181
3920420
1094473
2241941
3330416
1109599
4009367
29045
3232860
486629
5114815
4724867
3748018
4437638
5136970
1690983
1790070
1254968
2299045
418946
1611335
3819766
5558033
2893590
3958463
2454111
1860273
2914920
3044254
1360450
5571914
16619052
2472504
7098402
6112237
4743913
845675
2378109
10264471
8391360
6068377
4002312
2580772
3463941
3927021
1754723
4997167
4336293
1417364
5303938
939715
2506831
4556182
5867568
4474232
3060176
109634
2576871
2118885
3682150
4728199
16588779
16538694
14270213
12289432
10694695
7806050
2467527
954973
72924
5121384
8407681
1587046
8100946
5373753
4816298
2819570
1431863
2329648
2044778
2971703
4580501
4468177
1167831
1254587
2058071
4998813
1986453
7133716
4544419
2972099
1801137
2245704
2912122
2881528
6133619
4131874
2454231
5020539
259056
2682090
2757502
1648514
3047694
169306
3529621
22976864
133109
35301
1782939
5001476
2084307
94240
915978
2136227
2251275
24188131
20625347
20477709
16667019
13106935
8843439
6755263
2274068
3736479
564573
4713374
2703267
208444
14276478
147402
1178405
4786096
3250987
4836203
2819963
643254
3205698
2215562
1091436
5328372
5545027
5504642
108120
482642
6739340
4913233
4636272
14670
15346379
15211645
12045564
5531389
4478623
4573766
1805248
19450488
2126596
23051520
19194220
1106023
19986146
15595223
13177815
12472540
9328066
3357685
15926527
146471
1947951
19592683
145263
369409
2164236
5575152
22375045
3038771
4540256
5027946
5628774
4275216
4620481
5906380
2540586
3771009
2683049
110701
3540656
2580898
2328498
3733987
36307
1172974
3569121
3128308
20995838
20013293
17516847
17299053
11963139
8789138
7063921
1609719
6214843
3129052
4414249
5169477
3055755
1920125
3893913
4448358
3390138
5632634
5220414
5535628
5300401
2603437
5630820
4499988
4425534
2322888
438743
4446642
17476978
1028519
3581333
2952163
17029756
4072871
5481490
7216783
4121717
4530303
689113
602092
2875387
7807059
571397
5210580
17170878
883088
209031
4545685
16019490
3221790
1302166
5138521
1029972
1457895
6611237
7495058
5971276
18043006
2142697
3776396
846512
4227699
3743407
2519543
2738183
1866499
3937641
3814244
1424517
3286646
849929
4108027
776770
1559791
4237474
5371071
1718061
4429128
3303932
2106974
4692813
3865415
1693731
5977797
6592738
3632925
14402072
11598858
10416752
9579310
7424002
3690400
1246393
1118995
1896272
2613503
3723085
791967
3193736
3174267
2262267
5979963
2654799
2618000
1002983
3779151
1853890
4530920
21876282
1968395
18866453
2913705
1184190
3651283
3860368
4439277
2355086
5141153
14515854
11750738
11671986
9130382
7539033
7426807
3818717
1428298
5144286
5680134
4195308
1338509
2813964
5415742
5355660
5565535
4263032
3581326
1862753
5911914
5614314
5547492
14569999
1171868
1356748
103244
490049
21775385
5229968
5163871
2017562
2372754
2499216
3509202
5993614
1394735
4079827
5419107
486320
674986
4202794
3375583
1020195
4537833
1821306
4883090
1701101
4730389
3988524
7306942
4632343
3776951
21738426
21529143
17079507
14500242
12350026
10080954
9898448
7431045
6276558
6185390
5876398
4380749
12872176
113552
4048563
2960468
437135
4285521
2608053
5056024
5917568
4406707
19799490
18352939
13554605
1020586
15891069
1176073
4038793
17610400
15772337
14640557
9345848
9234501
6608391
5081124
1282695
4857376
3830713
1574223
3826784
4552219
1798892
3703936
10694600
10602030
5281098
2346182
7720
4680426
3503550
4526882
2651143
1418510
6336310
5691341
3518129
5896721
18282254
213522
17185967
1070029
19102684
4118754
1510494
4836400
57361
196733
2399358
2210329
386616
2343427
15084030
15002126
13639915
2620850
14103896
14177680
8515174
7769012
7098126
6887438
1646003
1472178
3554678
3133336
775417
5947298
2717749
6986749
17123729
3673738
14683226
15342547
13355262
11134468
8357355
8246793
4639118
5050734
2740018
757938
3990749
4072943
1607291
5351788
2908438
5736113
6620759
4596139
2778058
5514772
5074274
4918418
2301216
5162084
3022822
1543326
3752127
3667445
1011964
5331827
4272121
2396328
1956448
328778
4856400
2966966
1023298
4592286
2525757
3216951
3118220
1030192
4758991
3999518
3732783
4490557
1410314
112368
3697523
2846663
1595053
4151930
1257744
3148651
1955925
4587776
3229327
4078153
4548472
1051381
2435758
4668544
2949398
3522161
2958815
825743
3205594
3422721
2011623
4957782
5870917
3244934
5109775
3866781
5441089
10492494
8238601
8109687
1484120
2060811
994280
3148825
1785188
3563435
3494220
3495484
48998
34175
4921690
4607688
4606252
2227283
105498
4343537
3804518
1154365
5557769
3736445
3053364
5846516
5661085
5542613
2440511
1641974
1512429
4412823
4161368
21291547
17965996
840107
17753536
1624045
2803261
4072916
14349149
12231073
1020327
3834946
14193578
5769255
3701996
3788883
1570258
5385304
4468309
5570086
1254245
2872488
2827876
215547
1956079
6130807
4874628
4700934
1915921
280304
17223340
14403380
13325313
11588019
6247246
2405878
228155
3223619
31759
3292654
1631316
4419948
174698
4181981
2051156
1942992
5921197
5086382
5216702
3243992
3061658
1651290
14675943
1575483
4953592
1844238
454580
4915763
5933824
4063375
1894482
4920656
2138600
5575815
5869143
3917131
3643696
5153856
235415
4633917
3276545
1542005
3995850
4608601
20428517
2773085
15855462
2267649
687842
18579916
16621179
14285157
12656652
356600
14330164
180996
829645
20053060
16614966
317443
2288534
6150697
2277228
6086464
3726030
5410264
24980781
22560539
19976520
19820990
13825570
12093066
9719112
2499929
5805204
5947718
2590372
4383071
595091
3979690
4251397
3842285
1336765
8090021
4130291
6170066
2073982
5479091
3545605
4462870
4462754
3522736
503034
4398144
4602465
283766
14469242
11384767
10173574
461090
4640468
4462532
2398473
1541256
9886596
10853914
9770565
8560530
6749006
133800
9066456
3348862
2170977
1129764
4377324
2265747
2434477
19560019
14613085
1246729
12909217
10476763
8761823
6571032
2483205
3679745
99010
5335138
2945715
3781460
3634287
1868335
3895589
5073994
3476217
683633
939943
75568
3532955
4115979
4463743
5876888
3222154
4386188
3085329
3221980
4595978
4490589
35748
5015241
1956877
5067428
3331886
12273359
1899182
1321731
4687610
5528243
7666336
3578560
4218554
5710457
917760
3232666
5932743
7267272
2586668
4565046
2522293
1864766
12930254
12441053
11233211
11104462
8554267
5253219
16426230
11818369
11992700
10218539
10097771
9993476
7488986
5111008
4121892
4860658
1872533
24635
2247266
4196949
1576042
3587144
2429566
17956776
13056848
10900564
6060978
5887227
3805506
5593453
19908544
17691300
15579874
15583413
10226030
10137716
6447376
6420877
5029581
4158640
6879014
4570438
4354025
5035108
1454955
4639294
2262058
3450268
3987761
2908249
820745
4450580
3732542
4119325
3613242
738897
5469226
4711578
4659209
4561331
1925005
2794614
1988653
2422335
183170
6177604
5438824
6335288
2173728
3533571
1565697
3897408
472134
2327773
3144829
3731650
966076
2766941
21675126
20316716
15994521
13760226
9485794
9437004
5276861
2359927
11685896
14493604
11590945
9198277
7529314
7522667
4990865
4697676
4360679
2183341
4052070
1508232
1821123
2827783
574407
2918459
3758944
1161969
1472009
6553855
6451520
7040805
2633840
6585634
3058107
4388273
4714511
3467619
3992987
6135645
5420153
4941808
2446738
1556781
4971668
3368539
1117446
4529934
2706522
6361878
9150160
7828493
5814822
1162975
4650012
6349495
2467069
2001389
4130960
3589591
6624009
4776250
8271796
8172102
4229175
2370502
1999947
525848
7007096
3109813
2795840
4032015
2447341
4122658
4834735
1046987
4783496
4830055
1201402
5414428
2031049
5329437
1617223
1987546
5483109
3112723
343394
5681438
1880028
4808918
2298313
3077091
3199681
1175212
1290999
2474793
886231
657270
5260646
3587880
2746716
1633445
4944931
6070511
15253157
290389
1684542
18204187
2999075
2691742
3931868
2934435
21052655
2224258
3353477
2017087
3466140
2350543
3749870
4616776
15197766
13463167
11539674
8240325
8387927
5617713
3732188
5344734
1397879
2880406
734746
5110270
2773935
6082331
4742190
4930392
2516170
4889621
3227133
2668667
17346736
17229004
14755369
14677844
11856597
11274341
9611127
7232278
4012160
4248054
3542564
6992693
3090119
1788618
1231364
1556392
5515381
4236496
2090873
10901410
5307278
1010114
5797413
6624196
3031217
5383906
5331019
5216242
1411011
4782437
895108
3997612
1797021
6946963
5286032
5794190
19721473
2158056
19573899
272185
8454
5500106
4964552
4957502
2260016
4025421
3140897
2938735
347169
3211086
3181709
18262158
16572943
184385
17078073
16150558
11945403
10508953
9604786
9384512
6945239
3857498
2986429
2355659
2118033
591588
2530621
2236483
16515052
3241162
1895634
3569665
5798750
3839121
18372910
18183101
13487249
106157
14377336
13932929
12002383
7507156
18616577
16852797
14204758
28134
2606317
6555313
2315465
4644773
6000290
5798162
14499212
93565
17054605
16546962
11698454
10414560
6334702
6272142
3730587
7185530
9657579
6805631
5389104
954258
746442
1606395
25374
4073700
3157540
2547349
5567630
3632483
10842
3829883
3965473
2404960
6007437
6365881
3602860
4893909
4073201
15325042
12557796
555012
15263291
12953563
11051273
10267145
824993
3140876
409638
3146577
1937717
2642388
3307871
4226230
1072719
2919354
5180896
5208045
2740214
19315545
1335797
14776064
12879143
12608968
9212066
7030789
6601080
6709352
5258114
3370376
7217384
18456517
16158359
14377538
5538046
4568775
4011715
5094608
18623182
1936865
17296328
474942
1201825
1036841
272484
4135423
4375024
5694796
1133291
1570764
652885
3627205
1478090
16626141
1080794
5748533
2982895
6243530
6204979
6239517
2649230
8110177
4772614
4662167
28636
5324582
4525005
3596703
4312225
3714226
3061996
2994647
647106
2639404
2287479
14937543
435378
2389838
3856058
3723887
13314489
3405027
13787506
9115208
9118719
7276626
6467769
6355070
2190950
4654602
2842496
3334504
2304523
2590904
2735381
6358403
5393375
5450963
3454517
989639
2507205
1589461
4896795
5981171
4529493
992856
2253994
5511071
6395959
6312474
2946554
4692902
107657
3215853
4356736
3550225
5993082
5702842
4120001
4059390
2171918
2051173
4872839
4266075
3529338
4066489
1671824
2423102
1133753
1960733
2376676
3802874
2419923
2784814
2112174
3896861
1786195
1992720
3916499
4129273
4430817
3362083
2064968
5697711
15479810
686978
970743
4976852
3895628
3142861
2853822
21557156
17509902
235958
17205617
1990964
5713165
16906840
15138446
15082932
11113616
8010288
5693009
6547619
3814359
1777837
3083895
7424728
5723294
662601
3957778
3944720
1983069
2554179
1812871
5573306
4974293
9337
1448905
4517748
4793914
1174119
3658032
3651639
22030760
817497
831580
4462560
22056360
19680810
5178729
5117742
3921908
4138275
2207630
2543992
1525333
4784360
4293680
4208459
1429674
5295848
4084016
2956417
5833842
5701437
3444169
5082830
5275798
5019253
5394379
6089451
3953237
4742704
3326192
3962029
18848
1843245
2094192
3058924
3262139
2840998
3806408
5462468
5225014
2644745
4002894
3189956
1683444
3745902
3126456
6681387
10472157
181707
1512612
675229
4385818
4803154
3594136
5351357
3099521
1429496
5396166
4985467
5227085
2840536
7030146
2154531
3965182
4073560
2035245
4950034
5234668
3782366
3338247
4914682
2007712
1682583
4855926
4420958
3741459
2475298
3628676
197674
7186294
54099
54258
3861931
87820
1825119
5036766
4997498
4519221
1118795
2073587
3829363
4375377
2592038
3729906
4818747
2840181
2045775
17391148
15366624
14209785
12419305
10434280
10245314
7721051
6749280
5614204
2564893
4716966
3948595
3328929
4056441
1385437
5163379
2475564
5164693
6300985
3877159
107558
1661887
1974159
3041568
1242799
5870557
4298710
3551801
3403027
3151210
1080750
2552146
2278266
4980834
1005030
5681101
3670387
6157032
901045
1994009
2258115
4243884
458756
1934653
4726844
3395177
15130616
643669
218828
4273492
17208264
3805948
15245892
15134641
11256104
8763951
7153474
4401583
2297711
8058066
5362486
5255674
1116049
4826726
2924014
3187363
3718827
4228463
2762436
6061632
4771424
4873580
6150575
5319635
3535054
5477545
4025573
4790835
2512836
4571323
4311808
4254386
1813246
4863293
3879517
3893748
2557166
492757
4948278
6743648
5481427
4143389
3036141
2676388
2419984
118670
5194915
6529826
5001096
3417736
4945687
4802925
794156
1472637
1953136
4856331
2437895
2549716
4698796
4583564
913418
3827488
3188795
6561031
5199413
18871632
16635152
16525736
53512
5338124
2862294
18995128
15936382
14782932
11294572
11176379
12099812
5840879
6658903
7171522
5519582
4234655
3604271
5026904
5250396
2354033
5037891
5822747
5312973
2841040
4859284
5947234
3099588
1847683
3995484
3550758
4172135
4324859
4575190
5917953
2781651
2053297
1429376
3053982
7883
2753216
4651553
5036212
2071075
1730493
963728
5892966
1009016
8162486
3025534
8164932
111370
673709
4915582
4714263
7585858
7990128
5886025
5828030
47723
1128593
3480177
5395984
5092972
3888172
4406678
5331902
3898764
176659
406364
1754887
2489945
1821903
4026439
5359937
718688
4406158
4343164
918863
5779662
5045941
4944150
4822968
325792
2103607
2449645
5507135
3581443
1524742
6141561
17158468
14337816
11327
22806817
21677164
15597554
17355339
17150867
17043094
13083661
8148953
526457
3778796
1903662
926727
2407621
3694660
2107667
160898
936196
2726501
2426154
5465489
3594171
5448676
3709152
127446
432322
3709144
3702377
2566489
3811762
5708090
3417095
2068674
4485705
3499860
2899900
4708289
4161088
4118886
757141
1011854
6023238
6195526
4821038
2876459
3364286
2617048
320938
3637417
2682578
1976620
1324393
22612712
20072197
19863468
14738126
5657669
16514596
12574357
1766790
15844176
12710265
12605377
10901623
5258754
15280313
15322732
11593275
11492633
9305939
9166168
5325061
4529481
13865113
2233132
50637
15042591
11435300
12888973
10671204
9855726
5938660
6019414
3614689
5143734
3942327
3894097
1376786
5824953
3332253
3036018
3610202
3812621
1839180
4598216
2112019
1995721
4653993
5326352
14371437
4667210
581285
12069579
7648527
683635
1534425
12976478
5120106
16363728
16473124
16198754
14326827
8770653
7050697
3644732
6662369
2774088
1867177
3586291
1140781
99959
338247
619266
3706016
21159446
23579306
23491405
17899855
15889515
11944346
6089130
4264275
4180344
3502029
6507380
5728854
4809679
4283881
3812823
110907
6137729
6308405
6207942
4780129
2085595
947352
1435006
109375
4245718
1786613
4530198
542347
1125574
5546549
3688590
5486585
4097910
1216807
4236727
21437518
2095704
1930053
728148
4835282
1966005
16234008
16142290
13478862
11286059
9699896
7260621
5495016
4113107
3458723
11349759
8205147
445935
373501
15201654
13016665
1934033
6076439
5958849
13506248
1375550
11367642
11529447
6883687
6769606
5538894
5432344
2711915
2861706
2021252
6391157
2512112
5689890
5954728
5891425
2025263
4112225
2101477
3777071
2861362
7813757
4804324
7348926
119175
894198
2080362
3378014
1847433
2682662
805857
4520242
4542769
3464107
2712772
2309588
1728266
5485207
4121069
3863454
837812
2832676
1049158
3539411
152949
1496305
3779337
24572329
22447538
21281029
18425065
15534406
12154407
7977964
2940788
1679960
16310830
130482
2297483
17230652
14180022
12286092
8833519
8597882
6042590
4043331
1805956
4506361
3161758
2070763
3704896
6538534
5399305
4636904
1853166
875106
5837539
6724658
5685803
5586637
1886005
491769
19968083
2030693
1896975
1406167
6015836
6787695
3038307
607489
2295480
1776107
3699809
186369
2968761
6060831
9828027
762116
956939
3227313
3336993
4958141
5624208
5557922
3574592
1565477
633904
2424355
2074794
3909342
2557173
2468070
1052550
3680414
2567232
1499677
6105218
5849925
3324142
3188188
325071
1363169
3174303
3183394
184031
378510
15197259
4896472
4823528
3552716
134722
2207983
2374616
29844480
16175001
15429090
10178078
8482389
7846646
6746172
5056049
651136
4774015
15165588
10837136
1243768
5035189
3608779
4350035
3129344
1571988
5184893
17355367
1550295
15646372
14270958
10842256
9288262
5426810
5820376
3364293
5806916
9848756
8316929
3386817
2833506
3184426
4482925
2105962
3621541
449758
6159685
3841616
4279553
3638261
5235329
1287863
34751
3572920
2570618
1623222
5374032
4904634
5075323
1935105
4067148
1728855
7870
5410465
6582903
15614961
1729513
154724
428293
20563581
20386178
18188294
17469081
12602349
12443685
7559285
4717248
3312079
3201370
855073
4232684
3510792
6315154
6497510
1803055
6749068
7142747
5571235
1985344
23715
6418583
3758918
5000679
2515808
3948441
5740197
1418250
3949919
6253795
2346442
6023387
5786667
16561457
14602377
11923395
9707416
11744683
7689410
6691276
498834
2135867
4849674
5798910
5609954
6377176
3355133
5274776
4654017
3083875
1705718
2430739
1508257
5641148
5256924
3855954
2433748
4090090
2308158
3934707
718535
5100441
2899338
151219
2105856
3828177
3103333
1975123
4663992
5883280
3314116
2721365
4529454
4489196
3351100
625915
543804
4131280
2559739
4849946
3663754
1247304
3335498
5790561
1162875
3329320
1372370
2870870
1926392
852482
1119726
1989315
869323
4399589
1840601
6118270
2780523
1669595
1423894
3016472
2350451
4689743
2721464
2118997
5030944
4667462
2666744
10867783
20066412
19943216
16612212
15306074
10967425
11157566
9702555
9040608
5437109
6811195
2060004
14681
2422236
1834449
4791605
4578314
1083124
3001598
11129079
1145476
11702708
11604152
9873604
6271517
6186159
6773244
3477943
3685739
15650361
12982691
10800631
9169750
6051658
7310009
4673795
2122832
1780301
1347091
2497032
5002622
18507063
19318730
14352231
820009
13978603
12349178
9064268
3893851
2524764
4922859
2088010
4828791
1708514
2715832
4569752
613087
15811822
15743903
11941670
9709868
9075301
7585946
4068036
5074363
2870339
6022398
4079418
2591797
4354655
5438861
3878090
1336598
837970
5420826
91958
1250054
1910836
1276312
3568371
6008409
3204517
5861263
3418186
311296
4666432
4439833
1126717
4447217
3277658
6226874
3054954
5143270
5188715
4158953
2503920
3503796
1614953
15230803
12009126
7964071
5978019
2829391
4105248
2462088
2770911
4911728
2306259
1871592
5026112
5085970
7377961
4920586
61854
2929863
5312399
4039120
4446199
1938393
2830134
6517725
1936819
4550807
753460
4036978
3570918
2059789
2450230
919577
460678
3700041
3583605
1037089
3035676
1771697
3175250
2934472
851937
4564541
3800078
2989286
1682536
2603548
14218164
12260618
9736648
9734546
9740322
5205891
5430248
4497789
1566273
4518929
323591
18427762
16834518
15505479
10973724
10145743
8738725
6950752
18681903
18531148
97973
1172107
2842063
4971335
4058254
3470375
1809126
7873057
7397733
3319747
17435394
4529564
2401180
86032
4767414
6443944
2463508
6762999
3582787
5125073
4030012
3350633
1224480
4862420
3940045
2948444
5158324
2934058
2566228
5335102
5885971
5669163
3552934
1661656
3678488
372116
8622989
1881486
8312831
3177531
21153271
4757678
24970775
23041172
20930454
7220315
29045879
28886574
23598412
16827942
18138696
16679515
12124426
7211429
7512746
7209705
4521999
2694914
3559995
2643256
1200963
3412062
3073753
4453076
1323699
309452
4685498
5850084
6127965
6025957
2475343
3301176
2455383
2916551
14002932
12973861
12390847
10621705
7773405
7583538
4416469
3738733
1503777
5080914
4447281
5354560
1335044
3212150
3465214
4711879
2771431
3896144
3180099
5974152
180673
2895002
1697070
426766
4711757
2832503
2013284
5837017
2874065
6630735
4145222
6168324
2579064
5369942
11989608
10571897
13091404
12896597
10619636
7510081
5241125
5322617
1007549
5241421
5720862
5532547
3211189
2540258
2749384
9854125
8015410
2046604
3934220
5764817
196786
3837470
3325364
2397788
6644426
18522261
13613579
2018118
13695712
12305244
9969734
9736828
12810942
9838837
5488965
6313079
3957812
4328239
177727
4371479
4103437
365919
3657857
6544238
4874180
2709720
6975303
5703592
5389184
4343512
2737264
4909234
3894519
2149937
20333232
19436892
16376899
14165901
10166260
10012443
6804666
5635120
4535088
2386190
4591072
3227237
1124091
4400536
3027792
6246896
2591652
5603559
5967598
2923211
5129952
6299888
5815812
4406753
2849744
1173801
5311647
8383827
6453489
5982416
1447181
1152465
4878476
5414864
6145939
4729468
1424604
5444133
6459100
4533927
7984518
7072250
5765669
1767923
368899
4685671
17307342
2692280
18486456
16585346
16633238
12598497
10165867
9856795
5966936
7746864
6003454
3473314
4230150
1651951
3837519
5737159
2410759
2845047
2806538
252586
1178689
7027278
3547554
5769449
3669585
2816475
2061187
5537067
5537462
4119647
2641552
4621762
8102058
3131200
15661332
14473208
13083402
11289814
6647619
2689085
221052
516293
27672187
24208194
22058623
20744097
12392741
12220456
7933533
5952838
3971487
2009948
4794926
2480503
2984188
5203505
5109090
3134262
4494977
1128233
2394540
445501
5923389
7262538
3926572
1460051
944614
5274646
4312141
4464396
5246356
7947009
3809969
4572712
18091658
2310837
3240780
1416544
6262877
20896065
17957227
2976429
1796922
18360510
16301874
265956
865988
22126762
19996379
1989720
25708715
25078201
21022944
17275026
12991066
12988174
9621136
6147316
1814958
4262808
5253358
2324578
123064
2618241
684737
1421001
826634
2557058
2218664
2848959
2159101
5256316
5512323
4861474
1900345
3037323
7149010
4776710
4618858
6186596
2804227
6340839
3537001
1465438
4995664
6729416
2265744
4228760
11761363
5591520
1041669
3213854
24121954
22122432
65897
22060131
17721798
535186
15811871
14389042
13687097
12544043
7375001
7303986
4905136
4349849
2192832
6045023
6283147
5094475
1303415
4261924
2144511
288898
5476067
5616254
3233062
6328198
5566147
5601980
1932443
4013329
13065352
12972010
11253156
9718340
8914485
8819291
5286816
3243815
2030453
1961395
3521625
6693791
2262977
2751564
1150551
4777908
12377561
8738219
2034583
98360
1008056
17870325
14238954
43400
3349138
981506
4609084
3439303
3170269
4124618
1956911
966648
2138360
726764
1879313
2920557
4369345
6083962
18896204
2544219
17728247
13341828
11951318
10637732
8607581
8421290
2488778
1497130
5512475
5612083
4805560
4520602
4508051
4823544
2560750
4989533
2144951
4903440
4568078
3187181
5214248
20015526
14942629
12411105
12490437
10049378
9104165
7650862
5099038
4992119
3687232
4616868
21302527
19789061
17736038
16210899
11588498
11458629
7027441
4502011
2738608
3115881
246652
5279391
4702573
5937142
4264087
2694621
5218550
5103775
3751698
3254945
909688
4368767
2967089
4167365
1957330
2407336
439066
4128328
5156602
11925712
496631
4855084
2371606
2798114
4181835
7581133
5905803
7226352
2309497
2560251
3053435
2409023
4049067
1979317
4002864
5068715
15479910
476977
5105189
2890589
4303307
4581226
13478357
13354862
11971276
9522657
7432410
6041053
5332635
4139381
1832647
6242919
4919037
1476510
2561265
1293862
4024408
2525708
1396027
6305611
5153912
3927150
4820083
5165184
3433598
1410539
2220907
5223692
803743
2518041
3091213
856563
7323795
6462713
1390838
5384166
645468
2900851
297569
1965455
3621467
1449535
21497403
4616596
1374342
3887053
2321137
5584871
19831394
4173734
34625
2236428
988139
471607
4748157
386511
1758141
1655781
34602
4381509
439403
1899265
42659
2119314
4310103
3909270
3763141
5181976
695997
3549939
3564241
4410154
5660006
4185656
2317238
4096395
1832352
2820457
3254615
173178
5359255
3665972
1331980
4104070
53024
3282703
2959414
2454841
3483372
2922236
2052826
6526677
3354272
2048049
1541877
2045526
1082863
5000770
4351078
4210432
1733165
910921
725158
3467835
1466327
6402971
1583997
5586210
3789919
3054889
2161755
2695794
1928602
3862286
3294286
3877219
651040
1320359
5109020
4750970
547744
4194802
4113246
5970139
3084550
1089414
2683865
3357189
3451022
2780969
3514437
2724587
4626331
3989452
6484144
6902314
5971024
4949343
3168662
5885748
5655489
4482304
1046342
2816259
1450066
3500526
4083097
5623931
1895824
918158
12806256
10464571
9212781
7070025
10392114
25859233
7518733
6492057
1666359
5768106
5577671
4465665
4866730
5575226
1266290
2023980
3004758
4352193
2379871
6220460
2032270
7463295
3124043
4872356
4446154
3223248
3562410
1321391
5729919
6472577
4107877
2371971
2878182
3478727
3936555
342716
2571327
7172659
7342083
4334161
3653211
4037607
6290400
4964393
1936234
5614987
7209810
3815401
3650312
6473081
7430583
6070136
2118840
5553696
6227950
4684395
4764657
554000
3331020
2734087
482886
1811324
1370127
758642
567535
3814358
4829282
3074842
263402
4198586
1085440
1065845
4310744
25399735
2411386
6727841
4610918
6544860
1001008
3513338
2631601
3588179
7018354
5780514
3846087
5109475
1709161
6075096
5285236
2376428
5773066
5260646
2198416
3784431
12980300
2041310
680520
5252633
4970972
5762403
4037081
6447171
5634553
4969816
6356878
5193816
3332935
5301910
16726007
3755466
2184691
3989589
1154772
3541782
1243058
825423
2902883
4298414
2205520
1657975
2347991
1661774
903558
3711193
1007139
4836265
3479251
6083209
3918781
2652179
22723124
17967619
13878310
2306896
16729687
4142992
2067429
1855190
7323111
5962735
2815716
4952647
1890922
4710744
5956018
3889754
5188766
3263177
3297583
3202628
3580559
3309396
5129730
1781207
3179601
1785154
2558201
4928564
2403556
3616922
2886041
4051526
2535608
5622668
4066183
18426366
16234017
15503860
14879321
13977702
9558725
7482881
5879882
5775990
3484511
1690447
1709956
4753701
5443321
3300511
5158459
4876463
4393854
2336180
3308789
18408477
14872679
15460663
13572531
13328942
10419503
658602
9544013
6756293
5148550
6849274
2544613
4858295
8265185
6379225
3758313
3635017
6130310
4423707
189774
2372995
4044151
2037716
1919432
5086693
6114112
4550148
3498945
4949158
4427761
229400
2530925
2617081
25298166
5741744
4002139
24738727
5194933
1336653
6660305
2296375
1390943
2324732
635543
10931113
9039450
7339954
6736682
4197334
5575621
6218
835172
5116916
3757229
2097520
2628353
79380
2737861
4778233
980840
3737892
3748219
2381892
4405282
3898094
4111644
6142398
2844372
9535194
4912376
1098551
18482272
1640311
22481853
21765441
17631934
17433669
14355964
11288249
9024801
6853532
2451571
4131286
4161752
15680193
13595171
11741187
11074876
6722134
4329838
4885581
2174013
6392097
4812082
1883368
16937408
15443443
14304407
319015
1379082
22109217
15152043
13328397
11502322
10050484
11066847
6753672
4337284
4219778
3135343
1948358
14877571
13149349
892474
15905602
11654512
11557771
9149049
4485524
7033494
5456455
3657273
3574029
57404
2047820
479510
580090
6931838
3553056
6705218
2163383
2857223
5697247
4722702
2798356
2733842
3931438
4203758
5056728
16731132
818287
18739448
415127
20015505
17296654
15881563
15539540
9938836
9783661
5618228
4739171
2743263
568124
2656668
3520204
3796521
5781725
3252385
1628461
4852600
3778356
3557754
4647488
3865283
2320703
1246874
3041508
591102
4121457
5535230
4325206
3133058
5673262
5443493
3760764
5770085
4990664
5979000
4648637
187240
2614160
170020
998565
418463
3354469
6518038
20868892
15314245
15062063
11519796
4245532
54855
4534523
3850585
3707192
2543020
5945219
20064467
253037
3507886
26101954
21775673
95960
1066382
6263777
3054464
402886
1677485
1101762
6605505
6507425
4127346
4051324
3114463
568869
3377830
77127
3373080
10275524
264071
2414073
20760967
329872
20325750
9143621
7197485
6388265
2398805
6115854
3432636
2171038
15623456
22740350
17817965
7966947
9292
2507087
108108
1135713
2006047
4717665
159239
4153128
3665131
3555477
1343101
16354
17351431
15417487
14232900
12698470
10487554
10405144
7574995
4678119
1430367
3274335
1900729
3324109
3965172
3895553
717212
516302
1482030
5553600
6129090
4325487
2191867
5184252
4322285
2510130
3580818
2820070
583986
4101398
5487930
5383079
2467006
2848425
1094739
4157617
3030295
1432456
2265929
4932419
2764866
3520889
2300152
3289809
990101
2691982
2463769
5459823
1715382
4188550
7124850
5400637
4525012
14545324
14421341
14204461
10506428
515582
6397352
11824933
10933949
10523605
4641124
4542173
1882157
3416241
8110464
6764498
4983354
4151925
3811507
6564272
3055239
143767
2253097
2199630
3913979
3467296
4434955
5773065
3096991
3514265
1396290
3663010
3575713
4535601
1099426
3115392
126075
510172
4832751
4419144
2516527
4286724
5996644
5992772
1724872
2893145
13442147
2112869
11892522
464236
315481
3203009
1357582
4927114
2541331
4731691
3547618
2560418
3518875
4285969
1544096
1082395
2497341
3781641
1958206
15197965
2938272
14754214
16891418
169903
10244923
11925757
626259
14179039
12922280
12828831
10490290
9002058
7763729
6985758
742106
9176995
9337931
8995068
5785568
88838
1790287
3662141
4961413
4199365
3073376
4548617
1741172
1572051
5660303
4601236
447759
4585214
5336653
5801723
2620101
4500240
4303588
7471622
5753107
4698316
3055447
2937134
10609616
724743
1036377
3551704
4013793
4101392
4136743
4042405
808448
2154656
2821248
3911581
7184
2743381
6685938
6575633
4615281
4642593
2652255
5241226
5077360
3468680
3607398
5049136
1897936
3603101
2343710
3472748
4790710
4059867
4262817
4244921
618209
203861
2327340
2529835
1961715
54017
2287782
8014252
6057737
3118463
3184724
1027718
267223
3172301
534946
6528867
4997501
2289148
805457
1908226
3109445
4665320
1110288
4947249
1874638
2240529
1569230
1972406
2367794
1006948
4255147
4865552
2333522
4093917
2952227
6010780
4387947
4547057
4891864
6021661
6433978
5185919
2078516
3302531
3615466
1939955
3110228
4591556
1820169
1555362
7425594
9889630
3365912
2886023
2181250
6065641
3289445
655595
3897311
3093779
4213064
3097171
2424424
6698063
7430735
6240802
4444167
4236124
5595302
3613880
441143
4240475
1868022
5078324
5190932
3667758
1285443
4915331
4520078
6612177
2325989
4240075
1497854
5003946
5633053
6772920
5995062
7679546
3475811
32852
4989863
5243839
1899170
3785175
4213492
5415284
3336470
249482
4119674
3751412
3120265
5477764
5571703
7508338
14115392
17011
14483456
17877082
15423110
13525748
11524879
11377270
5783563
2921033
2802107
1993559
2063628
901864
2839843
4360107
1179806
3916260
1088325
1887059
1412069
4829983
2492305
5975251
4207549
860822
6130480
3057552
1743664
3064975
798341
4757897
1402797
2390528
2524165
4299743
4780760
3741319
627353
3862417
2887989
3791494
3371747
1750224
3287392
1590138
1707029
2769796
3027057
1359623
4129832
4843847
4129901
2615636
3819001
4716620
1145634
4890550
4755612
3811557
4838098
3562969
1699663
11087428
7171502
4641418
4377050
2802030
201329
3921088
4719019
4575489
2117656
3061819
77951
3071036
1642080
2663630
282282
2117044
653116
1582132
3449705
3561096
569558
3059037
2392863
4023826
1753814
777893
5357062
5642827
7086926
6011859
2297369
7042938
15394538
237915
15457036
13832105
12441973
9567484
8154176
2522794
10818485
6580834
4231175
4045114
1683124
15912007
13273185
2266842
100156
3281206
2352799
13088297
10574307
8618443
4338907
4187788
3944775
335162
814462
3604015
14464520
1181598
159076
19151353
16468733
1141133
24587749
3960575
21594140
1284342
340240
4113263
575190
2591040
1912664
1785890
5254675
3749157
92778
6541140
4426163
3403815
1559617
3665148
1199257
2836712
599603
4056337
2027488
902122
3215466
4043644
2283124
4846048
3850374
4737258
1541312
2491260
1194144
4001270
5762330
4907605
1165653
3706772
14424179
5313568
20889852
20049198
19044907
18100409
12437652
12367756
8876019
5213143
2980236
1795680
4853027
4743705
6167366
6081762
6154183
3932252
811154
3172477
4052214
1634499
582133
3638813
1254711
4321494
1157464
3069446
3172230
1857885
6515139
7780548
4355092
2090739
973522
2585628
2653366
1854082
3910115
5431732
3121328
2703467
6666072
18593186
680225
4307477
1451603
5310064
5354240
3659749
3678803
21567271
21416818
19830415
15309010
15174041
11813094
8897903
7007589
5744504
4563789
3444426
3836504
4315500
7103512
4993816
6143517
7040116
929833
6813621
6454100
6386068
971939
624830
2386417
3254567
5633835
3390730
452519
6155622
5005951
1111013
5657407
5724075
3855486
2302658
7106218
7056682
11508304
825769
13182087
2947536
93078
1801244
2979845
2832031
79988
631431
2556558
3739299
1893491
2869433
564898
3695671
3024687
4496821
4756298
5423629
6831502
5453316
1368386
6543158
3580424
1761691
9707288
5545650
10978687
7957222
4062268
6191161
5548016
4147015
20367756
17052027
14742895
13961974
6109884
8417482
3508937
470785
2023069
1287587
4201319
6184095
2437980
4840513
6153295
2697150
2617016
1809218
3532598
965533
361029
6029612
3791378
1972047
4953454
4986660
5265838
881028
11205
7142328
9304882
5094273
7264565
4006053
326251
5211065
4739883
4659439
519002
108847
20409580
19223984
14729247
13317437
8839712
8718077
6054439
5231217
543260
4328122
1345640
1623752
681313
5283701
4616420
2078995
4919135
4939514
3184473
1856349
1834146
5083556
16417386
500376
17583107
16165085
9821545
7955243
7760524
5452902
4285
4895709
642066
5299503
4712908
1392640
3460341
4095916
874384
3117735
16084166
14084487
9521038
7775521
5923260
5859911
3733929
2601865
2741671
798809
4315092
2668378
6385850
526924
492186
7100351
4705586
4437891
4627422
3880447
4171015
5496240
1944509
5401313
6231307
3753751
1055122
2434713
7877858
7795390
5889352
2629509
518014
4577817
4245736
3764366
6066368
4113420
14854029
11543144
7523118
6252737
2002732
716451
2123141
3842878
7751
226881
1468908
1834981
21126119
17364319
14743479
14670620
8088041
6528142
5354905
4162842
1045328
4345348
1060773
4982267
2704947
4501531
18187849
16389773
11468910
9599390
7786751
7616675
6183683
3854243
17214691
14798837
14860653
9883916
7666656
7550910
4520957
918302
1612590
3955234
7490841
9117201
7058756
6881927
1789154
286109
1912407
4616247
2823695
5742571
5302846
5265325
172034
4699
3190757
3355991
2498211
3405217
2011567
7144160
4971335
3817870
3584771
992196
2112459
1699576
3170757
4166764
1575105
3663762
4060342
1234334
4591265
3111594
4906439
5805380
1707784
3140101
4419727
1955103
3055166
2742881
1021250
4941231
4938341
3512833
4804624
4807553
1998475
5869164
4574778
4485931
4187855
4185264
4770680
3484207
5939814
6036207
5052681
3811530
1656120
1514109
696119
3893873
3241469
2133231
3538531
5416495
4561579
3033771
2612818
1663915
2717900
5090918
2683029
379862
2639868
12938521
2668210
2071668
5953041
3521846
6497800
7284928
5466803
3104608
3701832
5475341
3087339
105626
4978709
4891405
1014326
3327404
1230869
6054262
547112
3607162
570516
3666406
2090150
4558400
4675369
3376525
6492298
4522093
1121444
3931502
148163
109865
3617744
1646422
3434714
3462251
1127811
25010032
19616782
15695288
14061069
10431276
8971054
8046109
5436539
5265006
5011959
5766667
3330301
2053068
5286654
7294569
75278
3951775
2863999
2113796
4523451
5670621
5260567
6612318
5921227
6038062
1681554
4174711
7677342
7634448
6431734
5345740
2950666
3733704
437391
367265
9578151
6788031
6696775
4101122
906179
14194028
18895659
125570
16650000
9423767
10752463
7762298
7175583
7068560
4707088
3616424
17625058
16485537
7343612
7234911
6909006
4804298
185044
1770324
1735674
4272696
3634303
4062556
5320038
5234722
3551313
5032533
460045
1895698
4096692
5381990
1220322
6179700
5281238
2467469
4126971
3833148
2748366
2666604
33858
4689844
1503588
5291311
4676083
2439585
6012680
7177414
3885565
6134144
2928892
1351487
3650039
2207389
4610055
2405981
1621004
6011468
5274966
2775492
7388452
2743221
3392848
5949328
1035402
6071502
11955654
3473008
4968586
4907507
3794226
6762092
4068835
3943617
1361039
3257330
2640020
6563258
6239573
1350712
2256914
3294599
1062057
1780145
2173225
7192496
5058540
5415718
3727290
4758449
2778479
530479
4055054
2777212
7141468
7121506
6125981
4284925
1669154
1100975
1809548
5180284
3677697
2516543
2172351
2999152
15014937
3791457
137908
516715
131069
7597926
4668035
6597192
42064
1669123
5507720
4544202
4457040
4651540
6496746
6395134
3030966
1403144
4076424
13105634
11143646
125165
313841
3888024
15783379
1396625
15513638
1333794
59646
20984357
3636631
3364458
14742931
2165479
50149
1257305
4550905
2566084
1985506
3095271
3021805
2314383
4350846
4667391
2871658
490730
4277088
5693262
4038283
4684411
3292609
4316660
2622706
2571113
5657628
5587558
282154
341992
2235189
1605482
2824222
6067902
3071232
7042815
2797034
4496193
2241316
8731893
4322916
5398810
3231247
3131977
2238500
2472073
1725699
3428234
4435263
1595277
2805835
4013556
1575224
1564227
4446619
4587417
3605276
6205694
5540613
7105806
3974124
4209766
1217954
3334018
3617374
1241083
4183400
5184443
5402592
3190473
1328948
3834564
3646082
2816149
2830103
4883441
2791343
3961881
1062357
3954043
16006592
15002711
14439421
12872676
9567874
7994342
4997897
4577230
2728990
30026
826550
4913402
2522540
5973397
28071993
25646202
22334504
19451476
14340369
14197245
8195176
6231724
16712347
16828367
14950766
13293149
11342994
11246128
6782557
6186669
1647574
4715325
3890983
3625806
3977003
6252496
3669044
3246520
2337076
2322983
4109710
6932780
2762753
6060730
9869092
8489013
4817194
2855606
3988101
1394339
3352426
5182050
3187055
1821460
7411533
5717811
5692720
3455173
1645029
2915424
15550352
14576744
13365713
14332006
13166042
10007023
6573383
6337945
2597107
119775
6419676
4494333
5120621
3643963
1388674
2336793
4083005
981544
1685047
5961689
6469546
4023797
1472256
4579371
84526
1155975
9783559
9884669
17156778
14666429
12135509
11990159
5719859
3833585
166359
2014588
2122489
3971316
7073170
8332752
4578532
1049376
835344
827382
7724096
7147233
3976801
4202789
5717294
1143527
484259
1020960
8849404
4788079
1858325
5364390
15056519
3683862
5472472
10672694
11689
308646
2998281
6255272
3484402
520905
2657285
964421
2944519
2786011
216221
5009895
2544090
1741352
1232132
2481119
1511170
1836382
1989674
5490032
20552804
3050165
16615327
16491596
13645991
11656591
8531425
8436652
4048559
3529956
1360447
4754121
16458743
965061
346158
15686604
13066505
783915
19738202
17877299
15713210
12601448
9284706
9122298
7045956
4171082
2714393
3251875
2224807
4632818
5933183
6690309
3681305
2508760
2834059
5178514
3993047
667746
713723
5435942
4055082
1494282
202973
4895755
2140540
881238
4816024
4352753
2691591
1999087
1782921
5925131
4921924
5527181
2657903
3376243
290990
1012381
4807867
4551833
2337958
4826749
4552603
4408053
3844074
2766450
2558765
13974770
10970941
9791929
9548981
8336228
7592886
3000797
18879583
16099398
13095140
10892339
8029373
4628019
599046
212871
21369764
19870618
16409183
16284871
12451635
12317310
6984334
6463632
3393209
2291931
6463570
6706280
2219419
5834565
3370803
1101903
4514278
1929954
2770778
978811
4439497
6027339
3872136
1641674
2563482
6891349
5976087
6077983
2462193
5136536
2849079
302423
1704678
5041582
5407718
3225128
371495
3619344
2589860
4559383
1572018
1511708
817771
2672657
5828655
5742833
16354260
244231
3212292
2576840
14937838
77077
17468749
17246949
14123648
5773124
4486957
2735624
1395760
4428685
2803076
5173761
3069312
2015464
5429386
7499387
6441114
4242352
3103634
5004608
3691840
5450013
3819781
119194
3134565
1513402
2780447
5984934
2146427
467473
949224
19967391
16406770
5826638
20422603
20235806
15511531
34470
450506
5611209
4841067
1808840
5232243
4010188
3605315
4859398
4591695
6057294
4699787
1013261
2887494
4574166
1429761
3020718
6134066
6736356
6738466
4587873
3208064
1475338
1981875
73757
5447298
5193517
1927798
5264999
3598275
4079712
15635569
2104612
2098184
2130572
4314464
1818153
5007924
3388739
1001454
2367686
2710900
5206941
1550584
2500228
846611
7422082
4802367
2190931
6788174
5809959
5254667
4325748
3399328
5838271
14997362
2817636
1292282
10772246
1708690
981381
4288416
3991276
20350595
3357865
15837487
15442430
12813621
10949149
8503054
8342666
6926263
7025994
2216175
8569620
6862353
2662120
3022420
3182926
3187010
3125976
2238591
2422814
1240878
5030577
3850981
3590722
751164
1109299
4331369
18805476
15516254
13497734
13128196
199592
16192108
5784461
19489590
18630687
3986940
3204296
1769279
7033557
22133188
532897
20826558
4656649
2075106
3057287
2396076
2317197
10103969
2094957
2175034
2979146
4334452
3784342
1279732
16718963
21950762
568658
21480269
12700387
11125710
8808788
8735050
23114
11935117
501012
3970413
4329075
12366712
3787670
1421985
5353940
1469779
4326770
2698366
1517217
6732500
5275570
1289267
24988317
21042325
19049093
16390097
10562134
10702618
5091481
2416161
3893933
496900
1037984
857999
4109363
803746
2351712
2141343
5355413
21216884
295151
242497
3529452
925942
676938
2860457
4925857
1648771
2673346
141072
4665461
4557947
3419670
1753411
1751041
181997
2128158
1220023
5219340
5434976
2738832
1446203
3608207
3664863
26989
1568173
4755790
18630410
3265933
2604531
18804080
15918661
714320
1025541
4570926
5638567
3938025
2444724
4331322
3145095
5116496
16363768
15420854
12776997
11076995
8883285
8647393
6125178
5005506
2347810
4069195
5802118
4976667
2214554
4188053
3502642
4509545
538905
1131021
5694256
4880367
1846554
4284329
4952581
4322619
3233529
3907805
3084398
6914629
5477954
5319423
147329
1526119
1046356
124962
4552344
1481491
1927161
5507807
2280781
924551
3409424
3265116
1692208
3052886
1994457
4572564
2611957
6852466
5887090
4497968
12074003
10449163
6373246
6899377
5440578
4945350
14393828
11600129
9551477
21114718
11571072
11508312
9609604
4902761
2191140
662872
2645538
2774048
6219
4897925
4333471
2361362
3584354
3312714
2179522
4596911
5696627
5582554
2809554
5206985
2220779
3844255
2699719
550615
2269829
2175157
3845062
2821575
2228637
3637197
3918286
3211854
4028050
17728255
15278326
915572
8796437
6422843
5055740
4337231
2013880
4775967
5282727
3149067
4422447
4619311
6335263
6574773
3421851
6460252
4796281
2392292
5848453
5040300
7813271
6928366
5480577
5923352
1614513
1486780
5226479
5230613
6466344
5673323
1385308
3191041
2282162
107114
723732
22439972
19308333
17498540
14744729
14578008
12317294
8175781
3811597
4046994
3103055
5575667
3548142
4137983
223483
440431
3460009
4329326
3806434
5685945
2769904
1519674
3340812
1011790
1924682
2455226
2383022
4710678
2617858
3608230
1349577
2397341
874366
1522531
7980150
4340006
25318311
25160460
20740519
18594409
15294664
12065042
9263057
4997457
68944
4047833
4908535
2975080
4293558
17259428
986050
2123075
19792723
19728379
16857761
2625819
34649405
32342634
6143793
5444554
3117794
1273052
4723265
3394314
1814768
3522720
18269158
4147075
15747527
15536844
13257880
12346321
10754090
9811170
1307340
762559
396749
7047714
2913482
5721354
8201558
3852649
6034056
5926552
265777
1954739
397038
1055730
3068887
12549865
9873527
17782216
14743547
7462033
2824121
2043913
9961300
9308327
2851755
1255007
2909840
4086494
2432725
4047203
3275411
3428897
4217960
2973809
3347228
5074565
3561207
2078076
1227607
21483835
18908992
16711404
12258554
12138258
7824633
7883053
2877477
1544798
3370039
5715826
3130060
6314892
3315241
1186951
3953795
2200907
5256054
5221052
2480090
4995230
2485431
643790
99118
3188104
2871099
2628323
5784315
7363919
3085130
3931091
23546215
1865710
497217
1468483
478045
4720920
3846875
196711
6700001
2680818
3659222
8487969
6901481
6778708
16427315
4360951
21997234
17985723
17850922
16797533
12205497
11957491
8546841
4282398
32051
2496127
28476513
27423619
22816771
22548933
19121754
14950998
10646286
8205489
6223678
4438655
1177475
2177577
5954773
3902154
20198116
17811813
13641896
11425261
4517889
4389414
3250589
2016226
1937627
2412087
4861034
5277342
6721488
6629845
2814991
3840303
1599799
22475828
2010109
20149485
19937720
19459642
15946529
13862451
10472079
6072697
5470766
2215651
465045
20481336
17171336
16667177
14160873
13161986
10490613
4948841
4245381
4060693
1678135
7219021
5123599
6020497
5029999
3253205
3215224
3208841
301773
2286762
226793
2021450
2755004
8488675
4188154
6274994
725194
3628115
20507971
556340
4056088
3870529
2493999
4935311
2330541
4778238
3089981
5596851
6786863
4654157
15516846
15419406
13127067
59412
14208679
12497653
12568420
11187554
6300922
6233031
3159903
1631900
5602448
3700121
4531300
2309172
3549250
3512655
2367566
6282687
4252918
3165250
5644168
3540814
2321629
5252689
3799215
1094229
810884
5018480
5865683
3493671
6597197
10631175
4028295
641616
1568832
3888075
1996342
1389365
2529505
6017150
932168
1018568
4670602
3305731
5985227
4822116
4811816
4809912
8681
1106990
1163279
425581
2805061
1379255
3037332
4430289
2407938
1849573
5623417
2499951
4842586
2731163
634355
6397032
3917687
1506707
5060808
4409729
4038019
3808592
3844768
1759702
1890829
277620
296151
5894732
3988489
1873177
2243512
2817284
6577978
5153036
5315489
3641277
3397346
3806516
1249749
4507217
1570932
2549348
3707042
4697489
3080288
2692757
2849380
6619198
5249305
3149595
7210207
5078288
516087
3732170
5941897
7465638
4040810
199359
15520
3321137
1369316
5691372
4942403
4827408
1868249
3709272
2036976
3074855
1611877
4756958
3076554
3751433
1693820
4346156
3494416
3125096
2040033
786229
4303930
4948911
2902170
2821822
1672091
1761095
3665230
2616803
4327071
4221672
3420732
3385743
1563754
5503807
497325
1120692
2683506
4446067
1935164
2870193
2570162
4075672
2149447
5543734
4506251
4403904
827610
1522548
2817554
4742461
35150
671927
1695906
24252144
20701609
16807838
2519785
849354
4030632
4704731
3366738
5326907
2858779
108388
4059512
2439787
1963288
749106
3081346
2495482
1513271
827030
3934230
4109249
2679421
3861352
3736124
3327808
786634
3026720
5122231
5224541
3266063
7751737
3004759
6750759
2207148
4426315
1249888
5568077
3882171
5923098
4319740
3971483
4635399
3166364
5555986
2554635
13847879
22470973
18661464
18438583
14535702
12323156
2783458
12165792
10988786
9092180
6787837
13243870
8007303
4738878
2908205
5214755
4760663
3142664
3580160
3437536
1877326
1752177
2498952
3327502
2130470
1534186
5390385
7174712
3560834
3706232
2599090
3049624
3311040
5265021
1285411
317859
5382449
746132
3276024
2572881
1904901
4825707
2101951
4421417
14652443
404019
2015869
3515359
8443511
7693025
2240954
11303279
16279633
14191550
11431122
9518467
9347765
8441855
3020104
2264693
2295389
1352883
735824
1974186
6085309
6844036
408390
2593933
498471
2984486
5342804
4694376
6346214
4182479
721299
3059859
3378126
28381
1658506
1805251
4542862
3652543
3423464
3316217
1018421
163149
5637804
4255603
5239436
2899453
1884698
4463307
2157239
1284061
3840412
4093610
7011674
7992111
3691100
375682
6255879
5129823
2566024
3219974
6079937
5035427
4834230
5445520
10819562
5055242
5170879
3582074
7675704
4363889
253529
4367737
5688043
5173064
2566592
3748478
7810336
6729272
16445
5388768
3571544
1919612
1743036
1374948
4756383
3215851
1658092
5987175
3155361
1841156
1708293
4159066
3920138
2398963
2861328
5872113
2836025
1738571
15349076
2900748
13723932
11400049
10389774
10312336
7514183
4253140
3063749
2069101
3075010
486651
3715002
5020507
2400238
780198
7807827
3823785
6084214
6281715
11431446
2120462
2608486
4362329
4789578
3537854
3507302
2240841
753627
1846074
604031
23148
12310920
10265823
8767401
8639654
1875445
3046861
232595
3528162
1368909
3970159
7059260
4808186
2592469
5279218
369179
1173798
1909976
957287
4401348
2324757
2121485
3653816
917006
2081128
2665399
11681809
5699460
1855246
316986
25210643
22980504
2936789
725927
3095936
28786470
24912560
19473640
19383331
2950841
603849
6773224
19389620
5975744
3857713
13506381
13449847
11613290
1382914
4582278
4315099
2761799
4348385
5225160
6874055
4246101
3128627
11494106
11117120
10470900
9181530
5587834
6582734
651860
4149291
3175598
3877657
1342651
3110953
4315855
4160072
1935319
154460
605437
2185591
5896358
31081752
22777945
22682913
19188865
526702
18281426
17130588
408613
2142870
1236136
5202693
8675147
7422382
5865158
4640386
8030162
7067257
837079
7196813
9016040
2877097
7448053
4816136
24322087
2516559
3793061
4712393
1984546
2781149
7919079
208998
5718565
8753121
6726718
6653301
1592187
660269
5441990
4596373
6195290
5235162
2622617
3875917
15614468
1489878
1456159
7616488
7054665
6491102
1635310
5675198
3695858
6512476
4912296
2026256
6315516
5905885
2015130
5966239
1024600
2761663
2461750
2976851
3715007
5338673
4261886
3895135
1300818
1293983
3196071
20761235
16667585
16509654
13700403
13258255
8626611
4528228
5442366
4393099
2706290
743714
191542
5484822
2794627
2557027
2130399
1292618
9718147
6546130
2689994
7548226
7571677
3887859
3349430
4281278
3099022
3024019
11814266
11686092
13217850
5974953
2131894
14593928
21345795
18816794
15514361
15406485
12591836
10608739
6814267
6154138
4653368
4383215
3478375
4874537
3579171
6163955
21718481
19353329
18344676
13586164
610676
15205956
11883451
10414796
9546004
23600985
22646438
17887852
3198959
3148630
1320328
2481524
3704120
3415129
2682933
5026986
1370888
4790823
2519533
3149182
13879748
12258321
10475690
8808910
10135776
9983100
6147791
1235691
6856880
5464645
3413592
4430432
4531100
4382035
398199
950485
4337674
3552890
1738174
2449775
1842268
6448437
84288
606330
7189429
5436200
12851344
10705986
9000716
8882339
5856664
5916499
22988894
22309502
19873187
14629099
14505500
14431891
10160128
5791036
1958818
1647932
916099
4410171
3803617
6184076
4681299
5267265
2661818
3432772
70676
3336681
3096469
6203977
1877932
2321194
1370341
2558409
7865535
1029268
5460997
18463331
16196145
15095199
13258928
12647264
15643579
13971836
5364252
3610315
3071568
2641647
330030
4357170
3123992
4888699
4385439
4011839
14990473
417123
15968576
13572596
9692501
9792445
8386838
8315412
5959859
2299908
3781976
2037118
5055048
9549
5605
12719378
23798902
19320823
33291587
33284559
28236766
19319684
14298072
14295933
11110187
6999
4303
2745
634407
22130176
22126952
4740
9527
6070
4653
7262
1538
5559
3639131
3637903
3471682
10767
5859
2637
3328
11163
3603
1700
5350
3513
2120
775
7909238
10891
7144125
7143086
1501
16685
13950
4582538
1939664
1937296
8339160
8339218
3663337
5114365
4472697
1276541
5776610
4519941
4693
2265926
18082279
12003
17235765
17231404
2715322
359550
1640157
4246643
15894482
358672
15189734
11073436
10348481
11063717
10121229
9880802
5724213
6297208
4370391
3588190
4839743
4991638
1081260
5451774
2288551
449545
1899386
1507165
1730
6089
11178097
11176559
7401205
26060
22416
509030
10455053
8410959
4605502
4199127
2466691
5673968
3636837
2366126
9274505
8034073
6348716
12996925
22395661
1580789
13229617
21017670
18388732
17190685
11546103
11064595
7820946
5025637
2517023
10896
16498920
24071610
11817214
11665481
14783048
11887005
9467833
4384243
2985168
2785355
1561195
19650715
22657661
15079720
17444243
12450634
11050430
10662554
5428839
5426624
577347
3734926
4546373
2243509
5002716
5998354
2589387
3152214
1940060
4255446
4645968
3726197
15327142
11927254
17263120
17156991
15128325
12114171
10905814
9980607
15198227
6608413
7165191
8668187
15401908
12786536
11612014
16768315
15516153
12284919
8898184
8667476
15368216
12711697
11555614
16606863
15205696
12177416
8829852
8454952
15252894
12656757
5888367
20126387
16316935
16007676
4179521
4122662
17310109
15548990
13766818
12595270
11351652
8868449
97336
4124989
2187788
2663262
12937109
2144601
5800822
8655847
2679005
6281655
9435412
4797951
2824378
2516166
3407162
3552923
1253066
2922042
5710487
5268905
6555249
1753184
4001688
6419994
3804322
7583539
9539196
6579200
6842831
5509496
6752570
3852019
1227251
4756514
8403714
30575
18456948
17345019
16595672
204626
15363714
3490767
22129364
18931541
16757669
13578698
11696587
9110101
3546069
8014495
2499050
1289650
1747390
1817663
8205276
5636927
1525678
4661718
3081192
1328163
1983853
1366609
5010809
4728922
2817412
5913228
5720347
1128801
13545661
15022590
13363957
12131796
7942243
9348011
6216882
6183442
25646470
23344233
21671022
6997581
2679359
32025888
26560951
3195175
22975472
20735642
18207372
16469332
7904451
6787201
2400920
63679
21104293
17247020
17384814
15889500
11933871
11598436
7446729
5728124
1805535
1640867
6916491
4942471
67934
2512075
425538
403087
1544142
4515174
5175564
3429677
1096562
5310723
4745775
3070395
1432226
1431244
19589131
18306655
2676021
17799578
15166672
12388750
10595156
9275348
3503197
1821122
205648
1600351
16448723
186336
21419563
21506111
19938810
16569018
13074312
12897114
8428695
5838869
3509265
188447
4985630
2218059
3559181
6040582
6582980
2636988
17603608
15528734
13174129
10778399
4530141
7555819
5732881
3690413
3633674
2807055
2462572
4328972
141418
4400661
4236072
2824171
5291960
4702801
3786311
1869670
3728297
4239300
2832339
2572536
13891983
10164414
8224993
430744
1253644
2035985
1119582
398360
3458445
13932514
11309061
19749556
13538053
13365305
9540647
5293646
5393334
1575321
5499568
5724504
154141
2562500
1865316
3727245
874876
71589
4251624
3259570
4737152
6505530
4195777
2856752
17664231
14316369
92595
17034761
14689578
14511207
11750018
743690
10985316
11015802
10558526
8784836
2389002
5913956
13086623
6430913
6062969
7666331
5340216
7021275
5795774
5659979
423883
47300
2718341
4019127
4875504
5359220
5723163
6019662
3790309
4556052
4638875
1591246
5960597
17829415
16566073
10305
2663961
280715
4397660
5090516
5114641
4859262
931888
6491421
10839883
656487
9175787
8320357
7165570
6490300
1780862
4450349
247833
5436415
19313791
18458620
676548
4477223
3505011
5830010
4758157
2423792
2286261
18030759
14819308
12540242
10576607
10341355
8766663
5945902
4314251
4569382
1606278
4198825
4172997
2625514
4244655
1943590
4603537
5055935
4142984
1878018
3138936
4210318
2042449
3221814
913220
3700148
5844525
5023956
2521365
4911284
3240728
3759514
1344525
1379386
1482158
4283243
865131
4428984
2484546
3865263
26254951
26898
8159359
7043763
3212652
5154474
1249066
606739
24748394
21217089
191066
3609550
18724067
20506834
14666152
12174491
9924174
6316332
5364147
3440698
767162
3895963
2458941
3984499
2795636
4163275
2369188
4506252
10113835
9982576
7964073
5184093
12128681
9747853
7478426
6057270
5995282
7213556
4295488
5009014
3153780
10687538
6873296
5646948
16077333
16006438
13028394
859369
16815396
15341044
12469811
11211400
5655198
8757068
4832896
721589
2532892
958924
3195991
4785277
903974
4403730
3817143
2204258
4559044
3403362
2685836
1942361
1044303
26106045
22887559
22570419
21326214
20384110
6039
3363275
1300097
4603948
3087078
1557769
7868890
4842553
6656137
4626937
1659095
3002600
13574110
2898126
2284823
3374836
2109734
2002620
3277167
3908515
4356879
1365368
28082
4506983
3641437
63257
517790
2892266
2658992
4137574
11328640
9887536
11282698
11122479
9651673
8088685
7879760
4138961
3231938
2650193
5005077
5443468
2041990
6487187
1837518
4779297
4772213
3872618
2256345
6211656
3478961
5853908
261878
1804131
20754918
20005918
18477504
15841058
14335642
14217421
8939904
5293679
2096608
2197179
4295749
4015151
2013641
4610278
1848488
854058
3360486
3274743
3522314
2572857
2136162
3462008
46373
6870400
3973139
4625358
6739712
5300088
753324
6669085
13520966
12473954
8984396
8912980
7287307
6547666
8605261
7844361
3005242
6225217
19098
602516
5680843
6361811
1943233
4904440
10195034
39997
9370708
183977
2298311
3901735
3742741
17531939
12117812
11061114
7998553
5421541
22127
2066164
15044
18546425
21455058
20513369
17450570
14556519
9421273
9413094
4629964
4628140
21457463
15122
27095898
24202348
19066918
14284143
14273023
14271060
9659345
8316481
7846
5767
3705640
1664712
1275057
4043681
1000153
5542
3975523
863185
4884879
2850176
2085953
3856673
28109092
155393
32375130
28473964
22706173
14838260
11201686
11196199
7354419
5179912
5694488
19266150
658676
16391858
12145549
12040970
7354348
5268686
10733885
4141056
4418446
778015
4063204
4568690
4651252
4172
1672132
2117607
14732733
18446897
7313984
17146314
14732349
385098
582266
12068917
10266202
898958
912365
5000775
6383177
2712874
349947
3920901
5053465
4116430
5534
5262784
10654816
9636337
7246969
8554035
6222813
6414902
407856
6588684
2684401
3887715
23206993
22697531
20546664
19441118
11109809
11070330
6910352
1530226
1158718
11307
3282074
2812619
700477
3455201
1380593
324003
2195758
38607
6571790
2875378
29141157
28979834
24499401
20831934
19044259
12724360
10047102
6482499
1866076
2003353
167611
631549
2812457
1442193
4959173
3844928
6391172
4480618
2140733
2208938
2215542
3041304
350090
3919166
1986682
3281717
700428
4540323
16468
3922284
5414063
8304598
12957895
12840408
10533138
9502056
29606
11238612
6239012
31914303
26182677
26186543
26176798
25744696
17961166
11247342
6240376
2079460
33529429
33528330
33524527
25307593
25305545
18594054
13587184
7328812
4865
8870297
1512538
2860
4827356
4472218
4469513
4464685
10944
7671756
6345242
4424455
6208
1404869
17279
8741605
15022
13593
523588
1670427
3703968
326089
1967941
14308082
10334113
9727306
3371521
3367457
5245299
5241988
2441220
2438340
4165
4843084
398366
1485
18686607
535901
9704
670857
2579765
6216696
2527622
1928862
33572539
29563052
25154973
20439950
17262252
17103439
12490181
7068642
5314354
7749396
5118083
7366275
7362583
7359262
6435
1652
16835350
16508307
14150357
9018682
9014212
9010099
1613006
1606655
1605075
1023792
348913
160282
7293230
7753855
4323656
3199419
2398156
2148662
2842556
2947326
4066315
4688156
15155411
11474896
10764266
7484138
4695979
3301904
4969032
6962188
4141680
5356031
397853
1900507
1609828
3331248
559736
4556833
2823542
2832984
2742750
2964151
284424
48524
5058632
12925129
20915317
18063308
13052356
11362769
8614525
4475512
2567988
2725950
4305332
7889556
7083908
5600252
7128056
4442517
6536973
9126578
6522488
4902812
3173299
1438107
3083537
3960357
15987834
31413841
27514896
23864873
19236021
16007961
13325333
12688931
10657091
12020230
9366143
8357351
7410282
2738212
5303737
4147964
1590988
23887705
21388515
19706737
17772044
25498130
14073781
8488742
4281427
23835588
21357929
19607093
17656704
7285429
28696141
2871483
20622724
20506272
37645465
11215776
9040640
8835806
30330135
4392583
20545832
20350268
37580901
11093203
7044242
4211259
14823563
11399379
24570530
27392794
21339229
16255940
13978228
9359146
14806491
2905955
13303204
29979261
24382363
19248048
16952384
12376338
17682892
5826525
209980
32480508
29245391
1165930
1700070
23613642
21645951
17050235
11466518
11373280
8449943
6217127
4282212
189357
5194595
4203712
2352675
21938646
4153931
2604687
18232083
15195271
13441295
11648330
6931790
8153599
4414925
773512
6310876
9283924
7173738
4526137
2487104
8798070
7003555
5109810
19034283
15444502
10390638
12808572
10562616
10331425
8612652
5110865
3256601
2543450
5246720
3663143
3304621
5906881
15258528
196849
23901835
21471238
19333078
17162088
13360654
13014464
10612331
6190505
5026593
5151200
14801934
2914212
13964487
197270
9483202
8480743
6313823
12120376
10353769
7625381
5955906
7677357
3805953
6300162
6851899
5282619
4977923
2675556
2932691
4923245
1995928
982035
5334709
5581620
2754797
2661212
3238457
5604899
6157618
2110567
6230908
4695280
2524586
6022055
5567652
6447261
4476495
2191550
3111798
2629352
3838628
2864507
4422890
6321862
23377817
4054687
18541276
17788335
14764507
12154331
8200276
8058276
3332028
2851819
146715
675937
2572864
1824320
15023739
19295024
17018321
15663253
12849865
10201382
8010947
5544835
3710466
4194458
4191516
1565669
3365497
4125006
5349372
4010628
2732331
5562440
19331406
16657926
13949432
11542841
11546162
9280627
6118108
8107523
4081757
815499
13848106
13418104
12053031
11109101
7031048
7928741
4252576
4421945
1629903
4572955
1448339
2533900
1646413
3799209
1837529
2832214
1446608
24593411
19324231
17255219
14620568
14615584
11113588
8352767
5677282
736767
2869536
1262853
10961
4761120
1235612
3421849
1099344
2538044
2904048
2184821
227525
5052951
4207674
2331781
1118801
2046343
689793
4365863
5603317
6234877
4621255
3022055
4027832
1787770
4187282
3924850
2272772
7652116
5140579
2386902
7013121
2289468
1630117
10651
2322004
5214670
3532314
4594142
7184025
6085310
5931809
4254182
4092741
3946538
9320335
1820055
10717116
8798460
3385255
5021972
2202573
21046132
15320911
12179574
10721239
9913446
5664495
17968510
12592447
14328472
8854456
5645371
6794052
4232903
2445301
4359981
6071659
6055520
4931184
2106789
848317
1701285
2813605
19284217
16902605
16746069
9427834
3468757
11706973
5537108
6165071
4972228
14427209
14322048
12503477
200138
1766696
1379692
7449462
17906032
4082331
29691651
29128877
25390187
25271041
21541641
20871372
6472292
3876759
3870301
160821
6809
3755975
1608344
8372617
6805275
25566
2419888
4284622
12865
171019
4548085
3939996
33426313
26086604
26081751
17680609
11779421
6327556
6333981
3309727
4229552
2297568
3913042
4170220
4720832
8896595
6830755
3548430
3088519
2467037
5544868
11723298
603624
4623472
5592802
11416329
8001910
6276295
6166344
4253336
2678583
9736788
6445328
3056846
1855748
321747
14370667
10628060
9550072
8574002
6446911
4733517
6615631
5507451
5275978
2773039
4942468
864063
1820853
204914
3423940
989949
4690695
2691573
1855218
4231757
3181701
999368
4415493
7527061
7430303
6465871
4810408
719865
2415225
21411982
2741588
6336580
8467826
5339040
2217329
3427904
2001924
4912376
5939388
4434409
4381809
2288897
6272874
3317849
3239083
6195797
3281709
2207968
5728993
2202868
3425906
5050864
2993249
3416645
3248759
2606445
5850322
2820052
909278
2129487
63630
14725
5216370
4024413
4253533
16725796
15609631
14450754
11862961
6922120
6917195
4864482
4666257
1715116
12670165
15328072
13592140
12243928
9553557
8623770
8482362
355143
3157624
2837401
4218712
4390040
5142896
1825217
4725757
16839866
190234
1292038
4108919
1026048
21510795
18765328
18589469
16117569
12766517
10812501
8118373
4951668
3578962
1780200
4118234
3459137
1928773
2084988
2800913
750309
103282
4818270
6316988
2085719
4130614
1131279
5086580
2570675
6276532
3976002
9333283
3762434
16366
3425839
4038095
1910203
2188262
5022309
5160054
178558
516736
602557
2121808
937051
3898358
1815178
5100320
5385734
5298248
2388731
6878131
7917729
21628829
17926733
17723929
13428760
8409586
22268525
21523913
3341529
3599903
20146673
19964827
16780610
13022653
12089850
10535086
7854192
5061371
3974711
3835353
165257
286363
1712424
552464
1161712
709184
730385
3812056
2042776
4030765
1697490
8141147
6797789
9353635
7622620
7528007
2270564
978616
3500293
4600344
371253
5859384
1153171
6006055
1763035
5605264
3571211
5618584
6247555
2698563
2799890
7525529
5350962
2609095
8308
1711159
14966600
13291189
11764470
11690991
9629913
8520381
3218878
1541707
4361873
4393582
581483
7165823
4333020
999800
2854764
755663
2953539
3089501
4223109
6879500
6496957
5128145
1629947
1725647
4071228
4227129
2782720
5377770
4533735
3119671
1609030
2627786
1846141
1189606
2441565
4465816
3240028
111225
1778321
1865721
2412697
2103311
1880680
4697438
3866135
1396749
2131324
23536303
19528261
17719887
13203428
13148618
9788512
7252725
3738726
5326417
2109507
7384473
6304701
6298981
11958124
4845554
16156849
14056524
11494382
9052454
5732915
7569560
3683234
2202686
3293617
6089686
4168955
3665285
2912008
5992383
2059416
2327850
6030041
5583247
13486732
10861274
9094042
9091062
4932901
1957880
212531
2416252
1607851
3363315
8002462
7438890
4210240
895725
143437
1137150
6004406
4909488
3451786
4448954
5318658
4647555
2805754
3303068
901123
6026745
7484938
7730113
19827347
2210322
23377710
22182755
18896192
17767844
14445969
13887776
9213643
7990704
1835780
1073709
2500781
4250906
4281028
4588164
1850733
8668774
19651978
18017561
6775999
5081355
4875257
5535404
14206120
1464741
4887167
2161880
5394045
4573017
12538944
28972215
25072370
9630887
2338037
4804470
5682303
7972732
4140188
8388802
4704891
1973569
2129602
2099095
2960424
7367446
4412884
7062503
3802699
2438765
893056
123031
2502672
5759043
26972823
29921357
25457336
24035284
16829104
13076313
8837930
8749530
6905782
6898985
2904110
3173327
3305061
4923399
2402189
15628512
11156198
11051799
9047137
5850524
2514780
3824358
4095908
6877543
4964633
5512937
2050011
4910774
7339449
5512343
4904054
6531678
9243623
9129157
6667339
6115683
3965615
2546298
3966257
6629777
3857819
5283649
3142354
3500790
1845012
11444170
7876725
388066
22719571
22717415
18084536
16583799
13904997
9070376
6917950
5516694
4271189
5539593
1620298
55696
1486249
16908266
16176366
3310753
17711207
17584493
14817363
13713594
9041148
7814984
4259969
2910849
5357352
5204293
647819
4553664
2027676
3709258
7677609
6029218
15806754
15816598
15805792
12070666
10414483
8910621
7738767
6001959
1211101
3360830
1551729
9744
1161530
3739168
21382932
18729646
15163440
15002675
12717643
10707788
8385567
6174289
2597505
15012
4728151
4726636
523737
3728850
3377663
4200039
9080834
8300131
2444355
4112806
4091255
8740689
18263730
23849524
18257276
14326962
11406419
11277874
8790326
8751044
8872282
5232618
976886
5082954
1480696
5153336
5453677
3207133
772566
5115812
4662378
5882283
1783087
8678710
5197161
1636878
3647230
4139200
2777018
2047309
300777
1906167
2225800
1755946
16148731
18058166
17884017
16940385
24672444
10976982
17888559
3208727
1641163
1343617
3884602
4333359
2974224
3711244
820953
2049907
2514949
4922666
6775894
4244624
25511815
25502784
21371949
7597248
14216258
12771137
12073152
5189972
12792236
12658197
6157904
5089708
651552
2880018
4899389
7626497
17333679
17214700
14618598
12966090
7625572
6209166
5422329
4068477
5232324
6288252
7892525
1301621
7982033
7333667
6549859
5389548
9463276
9979236
7041993
187445
7765913
7071040
3355403
7947700
4174181
6497042
2560104
1413998
5117941
3457604
3217249
2629973
5397669
6372353
23564605
4429858
7585001
6651414
5789339
3299880
6289312
19020667
14856545
10155536
3862398
14908741
14017293
11692985
742229
2218852
265137
6049292
16729006
13875601
11664354
10326118
7246551
7871888
16225290
4325378
13480322
10995136
9317494
4479207
4142232
3977211
13425032
380810
8136763
6635477
3546735
3779243
17397613
17282228
14996765
1798768
9390281
6576449
4180620
4640029
5252603
5098634
9960326
671268
2672304
15502933
14560869
6396
1695289
3881587
1834188
2537100
3495644
2925902
3742845
5319806
15007599
14764624
11045009
8081649
9304542
8023944
6292717
3491048
5977106
6691221
4189213
2877410
5127535
4433313
7353586
4726495
6310562
6217742
2810075
4137303
1864267
4640113
3645719
2669098
16430441
16123469
13839296
12239601
8320825
7153535
4763927
2487559
151408
4276510
4495610
145773
717083
4152292
4808578
2034328
3580234
7315780
5678007
2961123
4256097
3546947
6342433
43394
7599249
7482715
7173806
5421102
3719273
7021842
2078808
510718
4822996
5229280
4077656
1712963
11737287
21894168
16212051
6884397
8668690
8687073
19416236
6730197
12651534
11374233
9345022
7942481
9239269
9035461
3655925
2279831
8654
3665151
2477959
1599604
15325807
19991055
16724453
294588
242022
3410918
7664052
5440829
273996
27756008
22022496
7707
25811298
20260716
16843420
6145052
20970800
20761215
17647882
12149993
13527051
7011996
10170568
8677531
3076402
5562818
12421004
10224016
6170906
5858393
5413419
3234321
1217355
2211810
6047808
6750924
5746817
3836973
9528172
8337867
5413473
5945705
3695425
2155413
506260
4281866
22944705
6401607
14794011
14791781
12776014
5001458
19517910
18153001
15084573
415287
920834
3402569
19865600
464410
18109360
16807639
15830388
14431354
9836913
9771122
6370593
6624799
2576497
2618648
1678514
824767
3261121
5041332
3920573
5939766
7100938
3585349
2694486
3275436
2313068
3248588
3073621
2821374
1422545
4428946
5296708
4563912
7297833
7991025
2938198
1406649
4277790
6241617
1798480
1185142
3968585
7247267
29821430
9408523
5608324
2519880
7252476
5833652
19964090
19805027
16138544
3570723
18387661
15219507
13673988
12179711
8245136
8134507
3988725
2493414
303802
5660590
4308102
413717
4779145
7724926
1572530
1662656
32263588
29839619
24531633
20576904
15107017
15102487
8175847
3236338
3330795
2605588
5828927
2533102
10055
3540295
3061669
3239648
6476673
3866936
5645052
332683
13445067
13407058
10179382
3922796
11548956
7773166
783552
817157
898230
5215930
16589565
14703241
12438350
11496372
15488956
14140712
3033881
3720172
5062394
4457569
1688006
1443921
4132517
4717796
6507604
6210046
4513883
3553616
28441442
27190401
23952137
21852359
19513290
19306721
15702358
14335865
2485116
4219287
2016720
3386423
1684884
4473215
8982811
6813453
2205810
2354893
3130134
4725997
9145082
9050373
2980367
2063122
15601084
14122795
11603925
9721242
7583022
6205177
5240497
3184705
3678075
4358349
689370
1947523
278272
1878596
1513310
2543158
906908
3278237
326390
4435407
7106689
9246415
8275316
4510785
165561
3258260
2187589
477565
31207339
30952731
27778505
16797059
21475034
16668867
8194302
7681932
4359697
4801248
2107497
4654715
3929944
4128198
3879274
2493354
6710491
6734332
3591326
104835
3763997
2655586
2947709
3049010
689838
6269580
3415956
8079432
7979349
6192619
19743280
4351786
3809461
4764684
2609259
1449544
2524956
3146335
4847150
2563174
2849168
6398180
3540545
4354885
7363719
924813
16226595
15054454
9626034
12971653
9554199
4838072
23046391
21554215
18679184
14477131
13887488
13773431
7679599
4742019
376940
3366273
3991751
5183575
3985839
3612155
13921020
3707074
28214865
27082687
23915653
21174708
14638716
14216297
9546363
7187849
5719038
4149446
3753430
9336327
5912818
5821673
3637239
5745526
15342184
12381610
8354441
7465383
4099632
4446031
594534
862550
3996877
5413888
1545625
3916158
849136
4155825
374159
4075154
4620600
6535718
2495881
309194
24738609
24587668
17115316
14865853
14804000
12948888
9576991
5145449
5002352
4293081
4644275
1873352
10281487
8219794
7190744
4708205
21115885
20961737
18215500
15733663
13113351
11583965
8393209
8077208
3371096
4265929
1726971
3647661
2679724
861324
4405036
4788440
5816459
5578207
3974871
2690134
4287296
1961573
3146630
452899
22133500
9988007
8162167
5398577
3506433
1282896
5852026
6445091
4896860
6155828
5096382
5040943
1146842
2935142
1854614
4385597
17793214
17646443
13402856
2922343
17680283
8067
4233815
2365491
3011665
4505816
1565576
1099424
19656120
4186510
5685720
5552958
1566467
16574945
11473311
453765
12619848
7860215
13230667
12618993
8613733
8611384
5227560
3655044
2424802
4540069
3674017
3441608
1971503
4942675
6034122
3555362
3649067
3790744
4633459
4249350
1125974
3750234
9843453
5636921
2710208
3034569
2300710
1169535
25986777
17643439
13179536
3159915
20677128
18812356
16311966
12219055
11581818
11443611
6544081
3157394
6366606
5654111
5817935
17522353
13753878
13646441
9942168
8184534
4692199
17673386
21869998
18067984
15059693
14889927
12339067
9345978
6199257
6334471
4989198
4381506
4164280
3747565
144605
887163
1150386
3412495
4907095
3746379
231085
3075078
234213
2020862
1093545
2177244
2612990
2524322
3505718
5892674
5711471
3355864
5005784
5611449
4066648
6022281
4923771
9963277
16146038
4100308
15025936
14568468
11217751
10606479
8186738
2279532
18296753
6648182
24239059
6076131
7304905
4665156
16326526
16324160
13484915
6947772
22700692
12689941
13642796
13356138
2645281
6008476
3681491
598711
1864267
3279073
7287205
9170655
642821
8458611
5036016
1023750
2623787
4442768
4162057
3610713
1865937
5253400
14160712
4779976
230856
3403235
988840
3047116
2336495
4360942
3413973
1443457
19884485
17257247
13884938
12739166
9705281
9537506
6592374
4696066
1318411
319600
779626
3240779
4035502
4697201
2246940
3780008
4059311
17835294
13533636
11342038
9880700
9752885
6144333
1929187
3119981
5825473
4564117
11706841
9030268
9027883
6181644
1023
3478047
4146652
716117
637385
3547979
4452522
291788
2421929
95727
613031
3993476
4085204
23290
1345595
5448618
212867
18298726
14636123
13533918
12104669
7303960
7299405
3311351
3760519
1531988
5483441
4422731
2474538
3169217
4921447
13934273
465782
3011473
3187641
2402482
15377805
381743
6482883
12776042
115941
3801028
3436401
5945799
4696148
498102
3411979
5180
630301
2558465
14659
4541498
5087982
5287019
5077874
365596
1259681
22832246
18655073
14865044
13831197
12554910
12241230
7610646
5052127
22838132
18521038
14698483
13726127
9325621
9179347
6881182
3455471
1591656
927670
3520201
4743731
2071154
6590468
3169182
3951860
2497482
912607
6622299
5730607
579799
3444117
1060990
3908142
17211844
14657786
390847
15521440
13871756
13685740
10525874
8513661
7658184
5504814
5860182
2220090
2050777
2048199
757897
5673
4492372
4591901
4855727
3930745
18780
1744084
2711245
2380531
1042815
3252964
3796991
3624949
1832374
5713982
2031230
3518991
395591
2100116
3189357
4348898
1881144
24889832
20671372
17663220
14414632
9860026
6073973
7937427
5276561
669141
7842656
6373490
6790339
6296384
5822745
5823761
2416933
5910689
3607773
2991287
2156986
2511095
4329419
2697189
4896039
4894122
2525669
3713541
5306141
5402228
5036420
2782185
12444368
12328175
7281775
641259
5643254
4249122
5891988
4130951
2010367
4374202
4316963
1769384
6567907
3090364
3345151
3446280
2287396
5321553
3583963
2137441
11770926
8312844
18996765
7548289
4154051
12017760
9827326
8937346
6457533
2853818
2729438
6525914
6523714
17857339
14489434
2858373
2184032
5895273
4721356
2182829
3520485
7238050
6372357
5393629
6364391
6251568
6517939
4519094
6339123
9036760
22760602
2191882
6692693
4675276
5446161
4567119
5217898
6173422
2348446
6983737
2996679
6290714
7600460
3026868
1760327
7596716
21481941
1797663
15430939
2083212
1536728
5747792
6056468
5637943
4117206
2384282
15658569
12958612
11906894
9857156
8803276
8717158
8864610
6091073
5192934
4289422
3435830
6597256
5315520
5408966
171041
2559773
2573735
4166728
4583265
3470959
807250
1838238
274902
339944
7214920
7427197
4087265
2115077
2745307
5256951
2731217
2563172
3495345
14046716
14038107
12550237
5649713
20619855
18843244
15471797
11514638
10922132
7676120
6536435
5256550
5036796
2927762
4822901
5120056
6079197
6257566
4091938
3283079
6358104
6351692
3766816
2085169
3511904
2307434
8104
9203558
8967405
5672132
3463363
1358758
3544066
285336
2822916
4442969
6034845
9621173
6141827
3477843
5210734
3504952
6566043
6146188
6143498
6520
32408
3672990
1602425
4305506
3648322
9219612
9838333
3947741
369985
7170413
5963103
2926559
2275066
5178254
7128350
968532
8014361
5931439
4357652
29943900
28051547
23993310
23819487
17604203
15924805
12259001
9593223
5106782
3976465
546595
2101079
1704158
838822
3638714
373513
3629515
6906492
13356629
3606043
9549848
5973843
1584367
4378683
11446549
5967622
5355077
5079326
4617844
4337801
2977217
7225488
7011509
4647742
1609986
3557232
3244496
4960472
15374023
14219037
11296293
10132845
5993654
8313399
5046650
1136234
2653614
2824297
1350791
4704533
14192414
14086857
10706217
6532503
4826185
2463665
5504048
6082421
1272658
6316170
11675871
2537565
10771030
9096209
5917164
3010903
4815963
4813344
954347
2262105
4228760
3625338
431828
873141
3464493
4495409
1950435
315013
7054803
4229466
5709139
3905116
2183291
2965672
2809715
3010951
5971794
5969931
5937312
3054676
17951896
17732713
13050919
13048709
10506603
8625995
8083856
7051701
7263696
7695336
6032771
1282995
6471681
6537584
3241474
7967271
11128241
11013755
5554033
2573855
4867903
1598679
5448109
4476976
1644396
6674640
6401500
3541861
3823732
2916957
2510967
18747558
17756958
17596060
15270731
11721667
5876879
6354745
7536160
4491618
18048764
18004357
12011275
10596039
10198654
9285174
4518906
2847649
2925252
2918122
418814
579602
4372130
5162566
4427970
6014815
5098967
5023367
4605385
1344595
3761121
3470460
9506564
8064417
19171310
19060736
16174752
5428396
3330508
4317720
27225089
25539522
18905305
17601351
14595111
12183898
10031479
6454804
1507853
1181560
5039494
6747671
5026199
5803133
5437732
91041
1790900
2245882
5664239
5991301
2137322
2772205
469280
3184324
2035773
3170263
1480561
3091593
5880649
3757364
4316862
2638818
4157378
4818795
3602280
290019
5330181
834222
7068221
4133505
4195949
4057087
4025110
4043505
122944
2860011
624098
1728465
5845311
6095869
5204
6603858
5061044
3183496
5836765
5737210
2549648
4549964
4131974
9358527
11750665
9892018
6972421
4359324
15094665
14933362
13629099
13626946
7111233
5134967
3838370
3889559
4076102
4133181
6933675
18937977
16965230
13360618
12660065
11467306
9325688
7635872
5445452
7561857
4879000
1372286
5505285
3910973
1510119
3402332
607040
3282984
1479208
4255523
1160752
3131520
761873
3446255
297766
3177018
737735
3219323
2029582
22368890
20578952
19051786
14254286
14109806
9862702
3115242
21976163
934343
9348579
8139387
17035
4416708
4859721
4778587
25350640
6878238
4077650
3237040
2310509
15782428
11248404
52398
14538555
16475732
14098131
11533225
11330252
11328308
8828115
7504492
3381607
2547100
8216846
6087782
5745724
4180959
4315440
3885216
8278431
7760674
6224346
4005029
2399588
6902450
3633941
3424920
2562605
3469444
8937
4431067
27656367
27541975
22124013
21365569
17641183
16299466
9437161
6930869
3409218
8279916
6350093
2265252
6499530
5510752
4065919
1847983
1067333
6006218
4706611
4239336
3725977
3791822
2231433
5187644
1096959
13584231
11603554
32260
3549533
10993973
4320213
9175298
14811376
17912867
13739698
10086132
4122785
1282274
5473757
3058200
9509422
5184159
7012192
1523090
3947192
3723954
3101050
74769
2884335
22004540
18509280
16195388
12681166
11195706
9077696
6053121
3442688
3331608
4296119
3323281
9452274
8000079
6474609
3008371
7493866
8006824
19833140
548504
16385239
21988533
19740346
17236787
13679597
13480059
10431681
5994494
2334169
1505199
2034801
4655511
1737395
3736518
3154164
463580
3176065
2986632
6659261
7127709
4569339
5586980
1294730
1645350
13539880
13537924
16678852
9141763
12449950
12328043
6873263
3692725
1602671
1043127
2917003
2337228
4205937
5890935
1261611
1792729
4845773
3406537
693070
8432832
14988069
14958170
11057471
11055101
8742923
8263782
5793780
4691969
2534510
6042488
4220312
3970420
2119703
3732127
10157
3622448
12432495
10936251
11008
9132
7503
16434552
16430362
871969
25807603
24990930
15736576
15734898
15730113
13075829
12610879
10415781
7779521
7777715
4459
15283
2275084
404166
3715436
4202277
5411855
14879925
10554016
10354873
5373049
5172307
1187880
189024
6131981
6616763
2954478
4115869
2898302
4384228
3372900
5129141
4669963
6427526
4756104
14410
1077535
90044
2638548
2765858
2073068
3485172
8112337
796951
3454498
3560802
2441294
3911655
17998168
17878616
15690594
14329245
12636835
10180425
8185191
4319834
12437982
12386506
7680144
6880143
2583391
3566953
5327387
3245031
5102965
4987159
2531207
3292953
5382133
5870373
4214979
2023311
3237518
4457105
2102911
5698414
4948917
3807596
4792342
2734300
1782982
4491010
4953172
2057460
4003701
5456964
3817746
3317962
2186221
6091933
4827128
2452738
4151721
5620252
5662
211986
460974
4705830
2886033
2899255
1199711
4640405
414762
598881
7427741
4318580
3329796
1052564
2080835
6463397
7104421
3106006
4191702
6363866
3218108
6261902
4375265
5819915
3468513
3681113
15303912
15228554
11924716
187106
486041
4397220
4250003
118406
5168093
5932806
8479992
2574430
5809846
3483389
2452531
4883195
4221781
6587448
14884522
1882513
4263738
14025491
13556627
9336065
8821132
8813750
5652031
3284939
1237498
1804788
845997
3807142
2745595
6600925
5281309
4466812
1589721
2353283
2678748
6133705
4588434
6352603
3457683
2360451
1928263
1164165
3518235
3804980
1273544
5197512
5100295
2323551
3733318
2747714
822577
7392343
6114343
7407302
2320002
1473681
655730
1853251
3090758
1740241
4545490
6142083
14016496
1031078
1937680
2441248
1002935
3985237
3601329
3502404
8129
2218368
5647561
3811741
5586416
3751480
3724578
21046372
19536247
18449759
12791952
10993833
10367222
8638650
6791557
6692283
1910523
2772776
1963230
1440742
909304
1492970
1681380
7516471
1976446
3844588
2189744
5806052
3433720
3557258
2522617
4887539
2688980
2345622
106769
4136793
3076236
618827
3065869
5891630
3609217
1620643
2729782
2985910
1903407
14245066
10498485
10396662
4874039
1922160
1135325
649730
3262028
9329526
9208014
9201847
1673810
334143
1605787
3164516
3969855
2759054
5595584
5526921
17851257
16767505
825674
151843
1951614
7240349
3451761
3441029
147799394
144602421
142868612
138102005
136178530
7121643
3456368
3445804
147695398
144441402
142740635
137091017
136031596
7085178
3457854
3447457
147657201
144438849
136031852
136987015
135972695
6995390
3458987
3448646
1890348
4236729
465928
142736550
961435
5771742
1716197
4105131
129296077
2827622
133819090
261937
521862
491579
3229504
3767157
2760863
3282847
4590709
9367755
7602572
499350
3026231
6310575
18819812
371632
2551123
1268957
3206718
825712
2533904
4536636
3297862
4879
3283801
1721514
3395571
886351
1053383
4660083
2294593
3586391
5604110
4110447
4593770
2388708
857563
1942306
8816886
87190
6145055
5599850
1240449
6862217
3575575
48231676
43941095
43902328
40771036
39537167
36053398
10336871
6332207
6131261
1817898
1885767
512971
3090468
1300414
3594310
3991365
4918966
2281100
3978336
3512007
3222993
448025
5700507
9605975
8579145
47604053
47366807
45064910
41494575
36165370
5598825
9566636
8582643
47611168
47369807
45063464
41497097
36168059
5501011
9505030
8526050
47613873
41396835
45065431
41499362
36167670
5175798
9442014
8414395
43427105
41398741
40298282
41501884
35962220
5128748
9378273
8392322
43425232
41400844
38213346
36682904
34831831
5073148
9283201
8284979
43426713
40583185
38214710
36563516
34782590
5020346
9219011
8201493
43431326
40587717
38219648
36426461
34608359
4965769
9146112
8187118
43432516
40589068
38216466
36193358
34609511
4859621
8806723
8001295
816703
5475956
6935363
4502171
7332608
5226806
1509186
7704516
6383641
5818652
4656869
23129730
21762803
4524615
1708286
3804821
4694708
4408
3206351
4915999
2838333
5763086
10676176
5290258
2348838
5056925
4619008
3912110
903552
19608397
20503083
20499646
19778431
12841105
10011982
7337909
3235156
9816315
17239022
15196656
59463877
58005769
55261278
52705488
48602613
9266481
15945691
15161150
59467717
58009751
55128170
52709206
48365542
9141988
15823585
15072982
59179879
58012507
55130943
52405378
48368354
9144541
15820479
7774643
59024852
58015738
54982184
52354239
48370812
8904308
15312865
7777020
58900257
58018151
54984259
52356439
48373173
8906153
9290528
7779300
58902331
57890558
54875656
52358726
48330795
8483704
9042568
7781229
58726407
57669379
54810321
52335025
48332655
8485167
9044193
7728472
58471718
51284846
54708076
52336992
48131173
8486915
7802657
7729718
52752696
50851474
49513583
47279726
44839732
8488412
7803735
5272714
54079139
52175668
50705312
48515829
46078932
9815906
7202288
6599402
54081888
52178057
50465867
48428233
45999480
9822526
6999108
7664555
55140108
53243732
51530959
49482638
46977350
10883729
8066223
7674370
54915297
43579795
42708652
42150613
46904035
10892643
7892612
7517927
44852253
43494645
42569917
36468825
36578639
10894592
7695421
7519471
44771544
43378120
42435085
36470217
36574088
10238784
7696567
7517878
8556273
8078352
5691357
4603655
1790306
980110
2018322
2001581
28508037
27997799
24411872
24405466
21416714
11728269
10817871
10801838
35046071
34652981
31064121
31062603
27649354
18387298
10822196
10929056
32446756
32218170
28210943
31191079
27586418
18515386
10950046
10931911
32332413
31328798
27964825
31197121
22053935
18521215
10955858
10937214
32304968
31224102
27966437
23725465
21634363
18522765
10957353
10938951
32236866
31218114
27637117
23726748
21631540
18524387
10958943
10940489
32101845
31219634
27638529
23728044
21632559
67332
5925158
7626297
1826337
4519671
28777665
28891276
25625960
9109900
6293956
6207821
8886085
229101
13950330
14155693
11975902
3526319
6163805
23057932
20831389
17576951
24603467
23204530
18536545
5870404
1428768
4070138
1753381
3177096
1003412
2925774
1816868
6283644
3787413
4982484
5385362
5835660
5945950
31300495
29572148
18421412
15829859
15820920
9262118
7130649
4894570
3024606
4203985
6014829
2187445
5462494
6037444
81960
506777
6000843
5460933
5599724
2188796
3284190
2996553
2991976
26419968
24450421
22782633
13358186
9930646
9925585
4468580
3626020
826870
4316286
2359431
1399792
72862
4024246
25276582
6432042
22159276
21167028
17176111
9635728
6177240
5994756
1911682
1139727
29678815
24853092
24669949
17131500
12404851
13503775
9431613
5913694
4025820
2933829
910422
416390
2051392
25616263
25938245
23364453
22255375
19442626
17386281
8657486
4109792
3962715
12846458
736134
5516304
27736820
18925314
14694481
14011215
11561012
7000219
6987677
6291045
27738900
18887090
14600334
11788922
11464809
6995632
261135
6644588
6648430
6643777
67231
1037781
5053704
23448763
15281671
123353
14448709
12188668
7959967
7724419
7718966
6143584
4153285
8902049
19865881
17554774
13197336
10992089
10987603
7393843
7262512
6792199
5953207
1322619
6005157
7753918
8350399
20935385
18442236
21801659
18653968
16326938
6976225
4230898
3832244
18589678
18337110
16162471
16165797
13592440
6600179
6242995
4799580
19990022
19830214
17806164
15344170
15103515
7905216
5872197
4805352
19987962
19476627
17811643
15099190
15108715
7907253
5873916
4807351
19844391
18328752
12590484
10643926
8272054
7906659
4846224
4809008
17816009
15108855
10287107
10284717
7920220
5887483
4871518
4860201
17867154
15157150
10332886
10335740
7965858
4894914
4594388
4290963
17868587
15158696
10184716
10320590
7964795
4895566
4498237
4291826
3277452
2694722
219594
4745335
3011793
5913333
3263915
3261752
5234077
3544427
3077836
3141562
2954016
7257085
8302071
8296976
8717209
6561911
5709830
5774307
4162153
1991946
12345143
12340866
5988507
4468598
1777961
13404600
11690839
6916143
4254519
15748953
9574883
7054345
3119068
1539274
1497832
1427330
3662438
4305337
12994309
11716017
6759599
3964891
1668187
10112218
8704509
8696221
5867714
2441505
12557196
9644791
7397666
12223753
6072672
6009261
16426174
12873407
62504
20480852
183489
2427234
19817642
19699315
17604574
15219346
13721087
8905039
5591685
4792569
2424933
6386898
6484835
3024518
3087038
7466145
4730326
9372316
6645869
18451931
16557135
12866850
9053284
9051150
6317595
4331712
5758585
7076334
5703654
2613836
15861838
219941
3836266
273153
180373
25851737
23750873
21310628
17641465
6564224
5945799
5948718
3047749
5364576
21406920
18932430
15898470
12936522
10468430
8432146
7914854
8297606
5996821
1832672
1108937
4593406
2666079
1963589
153847
6099933
4998077
572732
22738041
21615156
18536708
15617440
11130368
10953693
8429310
4158510
1560728
4275206
1445916
891733
2846072
2696000
14171931
5008990
14691165
24207806
20269052
14447527
12396062
11613904
4978203
4571734
3090771
2327359
6354102
14473913
1043242
5092880
17448507
17070935
15499895
13950307
12186160
8301359
7489588
7342876
5018197
2035164
106435
4828748
2275945
5081676
7195597
7560889
1855575
1188410
1316803
554308
1872476
3404482
179966
10560018
25819507
5577687
20581903
3485800
3776564
3590974
8740294
2742028
7941008
4711118
1904686
4935382
3124756
3999404
4235575
6181419
3811814
4862712
3129100
11782680
9351874
6983760
4230908
4109679
3496005
2235027
2047232
5817005
4764422
786865
5679887
6698921
4226308
3882831
1399566
3712280
287014
622686
6204758
8231820
6412607
3077808
835826
3241937
4980379
4407424
5442134
7504843
5023844
3221623
8737023
6993755
6331054
13116854
2465550
4014861
6303
2372141
4379590
12822794
12248578
8980532
5973718
140724
11650146
9095540
7756358
5483747
3334151
3433628
3491130
11971186
9624859
26261
6731023
8290974
3177704
6216385
8440015
8394288
5326749
2508865
2825484
3312675
7732050
6340349
6192941
6103147
20156799
1038438
18486458
15433552
12371222
10837821
8757254
8510710
2061238
2969882
6783619
6967420
5952380
4375570
5199165
1975574
8527642
1864798
5102101
7005246
5146612
2379044
968972
4744815
13090552
395849
8815463
8831315
8966230
5420523
531231
10672957
6457045
5628687
4920163
3742985
5411622
4831847
340014
2950694
200002
1829388
1183455
4592107
4996951
3807821
14997286
15001190
10928529
8497809
5635436
6131255
3257784
3941173
1845698
6580750
153972
4623152
1896224
1243731
1432330
14030273
13092457
547028
15000513
3521663
1179694
5589486
2998921
1739872
5001994
4916698
1071582
2391942
3908534
5602760
4898920
980432
5258109
6053326
14047332
1913050
5388096
13964418
12166463
7883721
9056512
8951595
6959278
3924003
4866452
1510565
4619761
4130948
5022264
1231
484469
273364
8868131
3580188
6634800
7073455
7249526
7216125
14471718
2892863
582823
2241332
6378495
3864756
3946137
2115775
1064897
933503
5050692
4213506
2487676
5960413
11918422
18330850
13975174
11163479
9599463
7689367
5543478
3497832
4412508
3455686
1985643
4179611
3382441
4494700
1600301
5469943
4828551
6904824
19856574
919588
18897637
17209884
13621653
11739712
9447428
9203158
5344021
5491006
11124778
1525402
2705671
3218351
7809315
1814873
3449945
1697636
3911362
3175173
2623466
980958
4009174
5686914
3781970
7277997
2514108
3860007
3712766
462270
5817262
17695959
11340976
995812
16122205
14765427
12390028
9884948
9725825
9715561
7393148
5667995
3368879
2823863
726730
2325435
1088304
4554743
5880828
4260278
4147275
4829668
3774528
2853413
4894268
3360166
339100
5779500
2729392
127214862
764846
2134379
2192404
4265950
12230322
509749
15041755
13170005
15501275
12377827
9096542
9929158
6489150
4800326
2748846
3007941
2780540
3916185
3786883
6374542
3291016
1689176
1468989
2782847
1315869
3173316
4593530
15449077
12604818
12390906
315595
1950362
4765677
5489124
3694014
6655411
2688198
1863891
3249198
571060
4655120
970066
2017274
10343372
5433644
2067828
383826
3611417
5277381
4572610
4219433
4808937
2358956
2721691
1812856
756859
16941822
15289823
18449119
18336387
15849147
4433739
1081203
7743289
7198126
9689196
48029027
48021996
43769421
41526936
38068721
36657524
7146004
7591978
4816336
344949
30484678
1027212
1612673
5397783
350100
6881925
5295869
7022521
7763270
6388419
6172568
4560393
181058
265427
4509963
32886603
30978936
29643833
27737115
26150094
17149688
9142204
7393930
32880688
30886555
29494079
27668315
26085502
17092275
9050700
7215916
32879182
30835957
18711835
27611640
26056846
17001475
9004203
7217425
25107269
30780928
18709002
16215459
11450043
16975135
2164926
131338629
149218178
145384492
142833970
140397034
135540558
5020891
3620927
1353288
157348767
153479093
150993046
148491636
143722418
13026380
10136803
7546497
157264697
153484092
150932612
148469078
143514113
13027562
10141865
7543975
156944578
153409187
150518167
148442298
143426091
13028545
10038836
7545168
7543632
5921635
6200956
1469611
6374816
6285099
6960682
4974260
4865173
253367
406391
2530165
2894225
3030070
6637873
25941191
25840959
22738031
5711747
5441043
6595690
14950359
8475909
8177760
8122112
5063438
3840516
6262952
2632172
311316
1626866
4409917
8564880
17378448
5053425
4400695
10012487
100269
1026855
3946686
35260579
32651213
888616
33612726
13953
3371299
8055417
5161168
24404239
21321933
18487640
15282843
11214800
8945622
8878101
4911100
24321593
21224950
18210811
14971585
11224412
6177348
6008289
2810704
26200160
20554217
20116552
14984720
13123820
7780973
7787955
4567218
24614063
20423097
19265331
14976664
11015367
7716196
5215341
7594755
27502023
23443069
22216418
17959044
13707984
10408902
8012904
4804521
27358894
23332317
22157234
17794196
13708555
10293478
8015945
4707675
27290562
23334783
22024028
17759085
13636141
10292638
7880521
4673662
27292409
23177494
21950024
17678369
13547063
10216391
7881972
4616359
26060518
22379561
19983266
17635346
13423605
10057183
7880145
4617859
26058654
22109444
19940593
17560301
13424859
9890699
7778396
4547779
26616175
20849255
20585495
18020553
14132050
9148636
6150552
5247289
4774394
20851046
18941446
17236220
14046889
8806710
5719193
5223938
4754017
1146661
7002
348157
4913267
3869763
6636430
6377439
8845880
6514758
3512039
6199414
7966433
4454827
3458183
2901484
6507319
14262235
6840142
11075584
10411540
3773704
6604295
22357
6018610
9343475
6868157
5747253
5014449
3492643
263439
4281668
23780777
23882809
22781427
19899485
16181035
10771115
7498661
6623047
6380205
21543232
13523233
17611047
16178036
10592847
4629125
5153741
6136802
3282472
2704924
980105
3898370
2528638
1651360
4574964
5858859
16023924
9975235
9978460
8311415
7450894
346629
7979691
7886308
5443483
7991716
3016889
8104817
7167475
5016047
11619760
11614163
11076516
7979681
11074987
10534074
6605910
4771418
13380007
13261650
9034863
7388910
7832717
15453362
2812300
2828969
3934998
19065136
14717390
13118887
11099864
10578127
8157734
5827572
3942082
17829133
14719941
13121705
10587278
10580504
7914798
5829385
3944204
17826689
14635495
13057577
10318154
10582569
7912494
5831522
3946538
16885518
13549959
12996627
10319533
10508763
7913962
5640223
2679993
18423591
15294518
14838794
12161852
10106531
9640798
7482340
4521676
18426080
15114211
12450011
12163593
9905109
9569417
7479879
4523171
9314062
15114956
12445676
12047128
6312742
17072496
2085031
14737839
19442152
25334069
13189165
22266504
8810605
6472629
4639472
2832240
19320580
16664406
14525853
12905065
11083289
7296398
3857759
960226
4494844
8465893
5867068
4143141
2659752
1219400
4021633
7630922
7491381
74209166
71894047
69160862
3411295
4299556
3255391
4126081
11593510
6699773
5123884
13826332
1712514
1343811
1950257
3415287
5731179
13791110
629849
1624818
17905318
11994792
7443037
7841281
9254904
15430863
12936210
9517391
9259717
6940498
6047068
3526134
5916303
3638416
3201885
1491220
4982170
4084500
2137268
3075029
5740307
23444106
19113620
16820888
17002269
12952725
10615538
6869212
6840341
3543001
185215
479466
5058538
1145497
5694510
4444758
7256540
3979218
31422
2095585
4691683
4950151
1934898
5336434
5277366
2553605
1642292
813995
3090102
2918974
4033382
930855
4221561
610480
1584569
3973971
6460451
20755568
233658
24106280
23784003
18884827
16546772
14050214
12716030
7392727
5011212
4789636
6613074
3665378
5851517
3371091
5716004
825361
358499
11418033
11199009
7103850
2025152
1122029
797015
3318534
6006346
4057131
7895193
5169375
3833983
2050713
671194
3281615
2141399
2443323
5070086
14532369
9184567
8102862
7231525
5105073
3992324
5643971
6794653
5073104
3232095
5408569
3379662
6209015
5055847
6289462
6693233
4668978
240332
3820147
4055545
1672113
17142762
11375112
18974361
14892435
8995207
9170377
7573474
5091709
4220188
2817418
24113631
20487577
14233891
14392271
13229070
10733746
9773905
7199622
23974885
20315650
14153924
14245824
4397373
856144
4642869
5263724
23425100
17436286
20928100
14268875
11165596
7536143
6101749
5122569
23319037
17437909
16070089
14123127
11166691
7432314
6059441
4934459
4930889
2258734
3251750
900745
6812995
4692166
7676744
6427046
6735005
9812647
8153479
8058401
6152948
1208928
782376
3182334
4802397
20221530
5739712
4852311
16770976
2763287
1063080
292249
6239263
4851042
3903736
986849
4311886
1710396
2484500
4732507
15292961
12543572
5259638
14650450
12497643
11598296
11145370
8720596
8616072
6941509
133502
6170455
7086058
5053758
4268661
656924
2865726
2111925
3665840
863440
3875239
4223030
2893694
2776557
6643661
5707347
5178723
3588492
1414535
2484313
1223866
4625352
4447519
1413775
4251584
1650729
4104937
5804938
2735335
3927133
3922922
12756467
9166091
6281894
6284969
5848808
9206809
9750119
9745872
5543831
2019065
3828879
1171360
1483566
5636662
4726038
6399213
447789
2527292
2531761
4286525
1960870
3357829
1215872
4293182
889716
2177531
1544704
4322996
1019544
1816262
2626033
6063503
5850155
4806144
1872804
527643
4162568
3817337
1955018
5510356
16928727
15907852
15070053
11056470
10394681
8875322
6538301
6298529
3747312
3190393
1653304
4225612
3061361
5633106
2804804
5865874
1008852
2930341
4089156
1622622
3103288
2002301
3309612
4133486
1310304
3119238
3593960
17395686
1071849
2526144
7290642
7289691
18351223
1318505
15695282
11176132
11173013
7301631
7048257
7003582
3890326
1207986
5985844
3198310
2664291
960885
23360176
22570312
17176922
1415454
16906987
14564618
10545370
10407139
6417752
8294267
4022524
1772383
2857542
2179086
2659773
3524577
3146960
4537999
6136543
3815210
1442929
4332423
3902954
2031989
2863795
4383215
1040129
2583767
1116935
3420646
1775308
18242847
15987086
15856736
11662751
9625433
8372426
3544293
1633353
3724948
3279187
3276376
2287400
3335385
140407
2692980
1793684
4003026
4390811
5354759
3087783
4543173
3293411
3240048
4719316
2374842
2002464
8320343
5465029
1421984
3024031
2916008
2159508
3838170
2541596
7321753
1702764
1805276
1866810
4443246
3012634
2296932
2369990
4008382
545055
1339708
1510674
4251500
547119
3863446
4128086
4013595
1451293
1181212
527776
3780316
4832645
5544864
3589236
8534797
5195009
6340268
1835021
4744527
1465179
5154958
3927457
6404567
2481121
8300641
6224728
2313907
5833736
4132418
1282728
7387651
4900453
2841105
8407258
7844361
2835178
4930817
5715177
7259538
4728229
2779274
928131
2421015
3570957
2657695
919074
8332462
6120754
1893026
4700484
5682581
2018071
4858866
3701367
3586773
2702167
1642540
4650502
3096638
3172743
883390
4843114
5274492
3513732
205865
4917799
3999179
3127057
2471109
3916873
3911168
564807
1549951
1289519
1231087
1058167
4616099
6425022
6564340
2346812
1284649
5820177
8029474
6811756
8153442
18995819
18445263
12895132
2865903
9422
4190587
1242404
9036909
2791084
1805528
619277
229080
5318707
1818245
5669960
5918734
2434648
4652280
16838699
373689
1601171
6366701
1019396
5980699
1199512
3333804
1419021
1940535
7798255
6187964
3176605
13342
4185102
17286455
20673789
4185837
19118729
17237250
14671612
11463240
8505552
8323774
3966497
5480127
20808182
15511667
14237122
995093
1281403
5442156
17844253
652701
3877376
705760
5332768
5588828
1107167
3808588
2358997
4731884
1724522
5498838
5203489
4454927
590994
5089116
2829887
239502
1560563
3020170
3557827
5092884
256634
1890482
16003243
826997
815237
18701390
114039
2480995
2883896
6215241
5313784
2903388
6261557
6289039
4847464
1545915
3590047
16618539
14289234
12018427
10704682
10590397
9361732
5040731
3950817
3948596
2345170
2653932
2561015
5172
5275121
14881984
12983266
1345546
14413259
340290
19143707
19283123
16288077
11740205
7191045
7092897
3662915
1252
2996674
2216995
1943908
4192572
2759831
2833749
345806
662071
2848895
1598643
3558894
2401068
4392716
6363420
3757535
5304795
168114
2745550
2151801
2168246
1656135
6018997
5324553
1128063
1958645
3137349
4021349
2386014
3350674
144439829
141479407
2881718
140099484
138795269
10215809
8475224
4117250
3999546
16464282
1650201
19194089
16908396
1504006
18342860
2638323
3856395
573468
273267
16311783
14014691
294768
15793619
11485840
11378562
7794883
406332
9995
2398319
2906043
1526310
2849111
4001602
2700527
5817620
14426201
11675376
3046133
3081263
12562080
14439607
11289264
9272928
8454373
6728638
3635957
1133581
1137624
5611451
5490514
4137660
2110749
2278426
853127
2561991
126431
1584814
3534536
738975
3221848
2127979
5269733
5566677
1126178
2959824
1440610
1802620
273646
3413595
920504
4946481
4954201
4774314
11978
1661357
2154490
3872476
1149702
1956018
16956110
16954743
14720034
1382996
13454229
289283
256226
13733179
339888
6006875
23286874
17770097
15137242
12845788
12046730
10410419
6730589
6725393
2564928
1328811
4498697
32824
7144866
4085220
588354
23348161
18783849
17794922
16721916
11197129
12756227
9058429
5556846
23348495
18787880
15321022
16721210
11203053
10155326
9066381
5564237
23355772
18795056
15092574
14353074
11205680
9799728
9068490
5566256
22758530
18797348
14774494
12768752
11207583
9380207
9070593
5340666
21274210
18424177
14374022
12770473
11209466
9376416
7820591
5341890
20895855
18425576
14370294
12772008
10672085
9091047
7816668
5335185
20896189
17080917
14371916
10178114
10673239
8617029
7818029
3683500
12776319
9820866
5977556
6313391
998523
1747193
5637061
3452786
3352727
893351
1286625
3584209
2848877
3137562
525144
2768823
4077035
2738884
4547040
19389407
15960246
12970646
9279781
7863248
7692295
5410818
4977929
11175413
10641715
8109915
9338195
6024691
9264791
6891888
3817970
1545391
3095260
4562119
2083844
3951884
3786488
3572358
4649311
4720380
533796
8738709
6780674
17873709
17761250
16659255
5448351
13625441
10860101
8922818
7287875
2299565
2199618
221052
95134
3246573
2957132
5633223
6135268
5012180
3183768
1065705
5055806
1752059
6446150
5640038
4207021
2422519
5320706
4520505
2517130
3862927
3927152
3227335
705658
3461162
6505555
4184613
500206
2035023
3308347
4148278
3790871
2976430
5788342
1941716
2007074
4401612
1935716
2791407
2342447
153210
9706073
5226246
992865
3659365
3088580
2500086
4748314
4346746
4905661
803807
6059606
7952923
5939616
3998297
16692
1956453
7087489
5192147
6484056
18708027
17848100
14093351
11948665
9009483
9672101
6335030
5448217
14746315
11812366
14604142
12209179
9749507
10470640
7109427
6268862
14647797
11744989
14605955
12114575
4141066
11374192
2168910
5726327
22156898
19380459
16668666
15656033
11665529
11629640
8773523
7394541
11958116
10065300
6881007
5210413
3948199
8833081
4013474
4373235
4408230
4522647
1420102
2867433
811097
3673762
874427
2059212
1577535
5301773
5864372
2839282
4625310
4309042
11182119
1808552
17323375
16123416
14532518
10818223
10650687
8005215
8189445
1817410
7197672
6305437
679167
2719082
4714744
6621299
7770048
3437733
16120770
15051128
11867185
11758817
9481752
9367665
4609365
5512687
2417207
3127959
2071745
5879350
3640377
1221927
7787751
4315215
23393503
21555699
18181931
14476401
12190351
12058205
9260905
7062888
6975622
4918855
2791977
5868163
16713416
17861286
14631880
13515157
11072248
11218397
7940868
4740386
3772584
5466467
3626355
6661543
4763816
2611102
3862555
3653479
3979606
3942406
3163891
2596852
4199950
1857936
3286398
1505212
125249
3229051
825497
1423020
4116405
3281612
2637888
6370140
8354068
2933912
20714268
3205859
5658521
5342362
5444768
5431876
823535
7718392
17812848
12333043
1727457
13850431
14599592
8777020
764238
13865060
9689251
10667
10662719
9191264
7787369
6979374
5266966
4137806
837897
4593721
4236151
4520246
3528919
626967
3381921
5242409
3206571
1476853
4828384
2476731
4445777
17338522
13929605
13923647
8964941
4506381
1962576
3173317
4373824
5991334
5861130
6821046
2081474
4547703
1000225
2382098
1002464
3892216
3608842
4881465
2616415
2573357
793905
1067257
2493481
4565766
1087941
4588197
24027855
69502
690657
4473188
3614974
5953646
5090931
4861424
227417
2554510
851469
120440
6447609
4732540
666936
10775565
6721256
4525162
5369867
2474821
3721545
3588421
378705
4248009
4671213
1786269
3308881
17734443
15130927
12822851
11788468
11582484
10183435
7346060
5549424
2560169
4059694
1123846
3350392
3244819
2294063
6043646
3642607
2649699
3946151
18032932
15420774
15301505
12847182
11581054
5938202
6087572
4635820
3512740
1335582
5394624
3602085
4484715
6701461
4533203
510639
308869
1789748
349226
3215022
1461439
12637398
6723073
10767386
2161853
13058913
4775891
11172597
6473920
4635125
3717427
4479641
4420169
2178761
5545686
4174159
1063517
5625168
5695209
4763611
3429887
2022726
5556362
3031124
456207
6945002
4327269
2457022
1658001
8206387
8037559
16989166
14997478
13267732
11039500
6418790
49828
3692885
3561294
7184915
5078751
3382111
4582936
3511982
4416649
5068613
4950527
29632
277344
4261946
2248270
2845942
201990
6777366
5643338
19118572
17084237
14437792
16931531
14415659
11603994
8258806
7766527
3924522
2663573
2806182
21560271
17053442
13957613
12956757
12392802
8484144
7238318
4228088
19668586
16726506
13826934
12862099
12288015
8442729
7118739
4199201
19444244
16630224
13800018
12732838
12194881
8358235
7070201
3825841
19445838
16448769
13643319
12662794
12174480
8209997
6958152
3750677
19428034
16289288
13333516
12641248
12066335
8090592
6857909
3721029
19261398
16294251
13225380
10045318
11926312
8040793
6763944
3725944
16929825
16235897
13176366
9775528
11923866
6216051
6764731
1061726
4426716
3064301
2955326
2007685
3448627
3633145
7187771
7298620
4927241
5090715
2822586
2391680
4269807
1934906
2749880
1357793
19123469
17158532
15244175
12139352
12022251
9060033
746256
290628
5734219
2443752
4564309
17244069
17195428
15299654
909747
14636978
12832975
10977023
9779506
9071849
8998888
5946687
5151467
1254009
2794208
984171
3402275
2923833
6351264
2930352
3864541
813181
2741184
3105288
1664124
3094946
5637931
4110325
546343
2252812
2267526
4254911
1846316
3435861
23261967
17326981
1027707
2241762
5582293
5120094
16477970
13552821
13464854
11001666
6011144
6669702
4923342
2473049
394453
3678566
5177993
2906908
4749721
1026513
4843771
3302460
1171093
3786549
4897730
3351551
3944902
3568118
6917240
4888137
4560214
3745377
3672284
795099
1070934
6239084
4799491
4482986
6010388
2481475
5680878
1140386
5652424
5533683
4804720
3584953
5175382
2689303
2682774
28132
87711
2587163
2423760
4445996
1142354
2955305
4294545
1159371
2046117
646581
3055890
875549
98437
4351617
4219527
2349235
6531524
2296457
3873726
4458360
3234729
3713200
4916058
1745165
6455645
5405493
3732835
2205579
4159313
612790
6923947
2785245
3289117
2252017
5109340
4221189
6079712
16140916
15992489
3338963
2379931
3551005
3869430
1052821
15069863
14960921
14836297
11249604
2780153
1932939
4801803
3099853
4141171
948966
4534329
20401526
336707
20737955
14740506
172224
9827166
6382897
152352
7457087
4514757
12469991
11200322
416901
4163426
11159160
20519180
15699808
3115562
13592926
12991883
11483051
5067451
1740462
2860152
3634106
125974
23394434
1132068
2932994
9349
4133548
4798793
2266761
5220375
3632169
3787212
5794897
16093490
14408773
14230260
12252539
10431660
4986402
14245517
12422814
11675209
10458942
7977053
5778643
5796014
5289282
4657329
2376727
2079138
1582998
4793734
3557121
2760322
2909067
1984340
2413190
5841890
2883901
5863933
4125744
1323034
1784403
585932
3356805
3225816
1472540
4934902
1055661
1334357
5918473
4426402
1344076
1762043
2230076
4617622
2625513
482776
3915412
3395377
6142178
5261043
1427631
3003014
2804502
1514435
3391300
1820799
6672828
5195281
152960
3670468
3187036
689370
3628363
4574875
891432
3317573
1179280
16725602
17804599
15365496
14530435
12231251
8573185
4415821
3384199
3234485
634282
2443763
1705425
1745981
3532046
2245229
3989433
5562192
1877756
521375
5374
2941012
791859
4096643
3627686
7044100
2790220
845708
3442967
3118958
1453640
5341378
7444266
7348466
3340182
2195516
15026672
1195149
238895
4292677
6464816
6356086
5267152
1865218
1907325
2168851
6064941
6079725
3902733
4616334
1621591
4342397
1808984
6447397
6718866
5974224
4404674
6351945
3956177
2871524
5902418
2083773
1152240
16562
143807
4070614
3374932
1892309
2637275
1961751
1359254
7340903
5594943
17144728
14234614
3134554
16099393
14789121
14011212
9629345
9361898
3441323
21483624
2738397
136977
13014571
9432627
258168
3791394
13672430
11106608
402237
10677957
8506071
8330373
6739934
5334062
6296644
4291132
2608666
4160956
112616
1523435
3368040
3301347
3229277
5865464
1821489
764356
4653699
5596970
3940647
1890104
5618719
5643341
3666256
4093392
5440571
5534381
5180175
212041
1757998
2193125
5195803
1553619
3738384
3268647
5005707
4652930
4598630
293813
4530847
4948891
4868595
5013839
2995852
18112999
19713994
15513109
14989772
13691577
12129536
9561791
6481031
3222743
2863721
4190454
3772356
1776537
3434928
3785338
1581680
3399286
4364130
730627
2233744
1475073
5342294
724620
1752133
3926031
4808192
3284719
2086904
8279705
6861574
4972703
3796551
2932369
10468114
4230566
3235314
1514585
6512694
2414200
18430411
2117947
1904051
3015668
1703535
4586861
6451449
17144775
2381757
16888082
15053963
13250522
10434285
9516667
9063938
6000350
6625241
4981774
5430369
3264295
1759460
5676892
4873696
2896762
4406072
5430160
5740915
2152281
1509139
1586153
3997451
4179350
4234602
3237684
4375164
13382526
12263701
9620766
10840088
9513662
8288442
4474202
4264663
1439927
2054976
1395035
2694495
1310519
4924462
4249544
7175435
5002299
116450
3836721
4593759
8045
3861298
250183
3166768
1476101
5205329
6920436
5111678
3042843
5270363
5417808
16186244
2486519
1266690
12161071
10793172
9945506
9005897
6337061
6232645
3855460
3440440
181960
18693995
2749775
2641667
1674769
6751107
5184103
3496167
17804479
4889
298470
13441793
11215498
8649654
5762308
4576152
4072912
2523863
3643787
497035
2625093
6341971
21103640
2361043
19229114
16875923
14263914
11008982
7809975
7624557
5412104
3596848
2412962
5181498
3076559
3822042
4856415
4500259
1020774
2520826
1256425
5096513
2366031
4277301
763503
4386361
578796
268408
2927893
5825100
6175494
3543005
3699560
6421801
27168776
5620742
4162489
3902513
2055539
5685790
5190526
5040832
117109
2000184
91523
4825038
888012
1998831
423515
2866648
1872457
249146
3372101
289473
362052
2838988
1726519
6186020
4900215
3482040
3966577
3578047
3270412
13778909
10559464
12626102
9562220
5983131
5761202
5865777
4986146
3365806
3843505
5182302
1479709
6261842
2041713
18071649
17067048
15076562
4849575
22163804
17333969
5672596
5748438
3111870
2770008
5266579
7236352
9370188
17227506
2039387
14312639
13300376
11582371
9294046
7923631
7751574
4243910
4506041
3709020
14345370
14454093
13075390
9340959
9225047
6811397
6373886
5293618
2964555
2954814
3591885
4950491
7287520
3963142
3061243
4220509
2093532
3497112
5579480
3854627
3798636
1293512
2305713
1342746
3730962
3236489
6680401
10520487
10402994
5692214
3698258
2826356
4378774
1048859
5612899
2512619
7844510
22780045
1991558
21752960
18524835
534873
843296
5623920
5493880
16904696
787080
14591132
619506
15898353
14910355
12875867
12799187
10932885
9230494
6056337
5587416
2696996
4613439
3813966
3688315
5180306
5265313
5334418
2701711
5665596
5063978
3463030
5537684
3172663
756818
795332
3318184
3647764
2596794
1385275
5700201
2275732
522821
5686446
1931820
4688376
4282059
1132784
4837478
2896876
6274592
6620530
3973828
5203856
6350891
17185791
17022918
13182573
12268423
11436174
8722233
7488361
6998389
5388976
5259341
16133039
408736
643003
3819721
3081731
5600137
3848350
5885512
3124327
1005793
3299568
3321285
3228330
4924799
1631293
5617445
4156632
5152014
1391381
5784520
9803
433076
1751751
2905321
759397
3342398
2411562
1654617
3048912
2294429
2494959
3606916
1553672
3840039
1159256
4918003
4926188
3102847
2289496
3613749
3676892
3208923
3172787
5210739
15309273
13461498
11101101
10050192
7599938
4447987
2998896
6662502
4718960
6222256
13294081
12738358
11429116
3587297
57910
1844266
5834997
6770546
2151963
4297905
2713785
1895113
7094690
6929871
7276618
7362941
52709
6938907
2932906
4192402
5575828
5756430
2854751
7618480
4694560
5801275
1506088
746205
3908920
3655954
17260683
4481216
819477
4253525
455775
703628
6335877
2164747
3594979
524781
2937778
5121063
9101006
6441679
5762445
7977053
4160688
1713780
1622597
3558897
2202562
2236732
7054088
4775654
4974443
4849457
14558052
3116613
1416183
1002921
14085125
13002168
1285293
11199299
8302600
8250227
6354389
5659018
2984855
10031168
7758345
7954921
2859018
24939044
18662300
3591322
22228778
9761638
8548234
6536088
4239891
4127208
373842
603819
1303461
3859447
2348824
2986360
154803
3895948
3580639
8829
1581984
7599172
1066556
653906
4545319
4452211
2696325
485736
1810014
1534367
2118875
7683
2603536
2524249
7225796
6027580
2700354
5059412
5261355
6625140
5793147
5679519
2377472
3339676
18184089
11555870
10077937
8447457
7254507
7232386
2190296
6036288
12285847
3047357
3492082
13097438
9752972
9638764
7933706
2878296
9665900
4867493
3733998
3624736
1730955
18983178
13752107
424621
16498190
14145817
13712037
9773445
7487388
7396429
6480516
5196359
14535911
16884369
12605546
11714300
3051852
5192917
3612784
4678489
3014736
5359563
3886572
12062
1144314
1984856
1399716
2582715
2578788
11791405
7924273
7906680
7917009
7912544
7161895
2589646
2195036
3083781
4281838
1507929
5648775
4998722
3694532
1752
1096101
9982
2398765
2332690
1392658
5950820
4549736
2159268
3548975
1151022
3047540
21868787
16750377
18587572
15339029
12919272
11272475
6606279
5150595
3187142
1252945
5761265
2739108
5026511
2000398
4897804
5184079
4201181
1549433
3847477
2494224
1887367
3346808
3808531
427952
3524634
2653144
6078826
4812326
2971658
6379840
7006207
3563718
1227492
4427930
6861592
2249809
2164661
4104067
2344720
3183439
1562563
2045097
4110221
759721
203358
2386882
2971490
3869416
2483014
3329166
4977057
2145931
3337315
1263691
3910870
3581949
474907
2441021
4056820
700293
3379531
1063628
3052824
798267
2156302
203159
3596444
29700
54934
1990412
1761850
5310139
3993603
3707453
4826795
1853010
4904655
5546394
3796005
3097276
4853498
6132608
4464352
2516973
4814102
4229363
1966442
319020
3379358
1368988
4488640
3081544
603853
83047
4342462
2863206
1660992
3005563
4470740
1010253
1727267
5358888
5424386
326231
818358
61764
3709552
626177
2116362
944424
255026
27365177
25587834
18695509
5979
21389001
16839442
16631889
6929071
3404983
2776377
18142039
18038050
12452345
10107951
8414926
6484108
5176908
4493855
3281704
159584
5400752
6858826
16906520
16842362
14416496
15340852
11655261
11505692
8425409
6691024
5163254
4018891
3559323
3255664
38584
3173501
4108490
4028342
6138142
5839942
4719639
3539387
4144843
6067470
3300436
2414753
1265238
1766119
898175
3720539
3338800
3687926
231698
223240
970693
2879639
3675010
2390349
3487229
4997450
2041934
5864223
6683656
5527012
16444390
13170931
11775485
9960430
8696009
4740415
7338944
2201905
34347
5374409
4721083
5672676
4069949
6574604
3067776
6814888
6130096
5873816
1471998
632437
6153077
2028599
6356242
12112413
13161150
11471612
10147522
9901384
6888916
4686158
2608226
5279611
3652616
6647349
3265676
5179150
1828302
1047405
313573
1998231
2512435
4168757
3380847
7185082
2982151
4267602
1300729
5670679
3761151
3877814
7000657
6911014
7860551
1513645
8130509
7374520
11327090
10248552
9199474
9643099
7263153
4504975
5696180
4285357
178481
2840045
3943040
14933665
3156112
3023989
14927941
4134622
111159
1435622
4151359
4567438
14340868
2075342
14033054
13441324
11554976
10497505
9185821
6427139
2577901
1745223
2579546
4606796
3089682
1556500
4423210
5514348
19483749
1996061
16796678
1698548
4603416
3179139
4468581
4407566
2694300
5168595
2244905
6238026
6034539
1792479
2661173
4172935
3234346
7673210
5545455
5395317
4054830
5315711
2586364
3478596
15428211
187847
20241941
17829290
15695375
14496598
12033770
11891301
9134384
4553571
295517
140395
601775
744251
1124119
2385306
307681
1006710
114107
5240687
3317497
4099326
4422929
6647132
4771379
939050
3682011
15641402
15733898
13609202
11187799
11104738
4798657
4415269
15482623
1891684
3524786
4660900
4974608
4872174
848770
8326987
3788585
3051837
1633604
1326689
4415878
20119627
17707265
599968
13677914
285376
2649317
3943000
1399766
3764759
14767614
1020323
16042170
1263329
4582309
16959434
14387402
14299831
10929187
6897934
3716738
1128356
5699655
4003349
4082874
6455695
2844842
2853967
3350333
2908742
4799651
3870006
1432069
8440014
5478869
3305074
4148071
5079118
3593839
6399840
3464607
6961382
2642471
3051499
1642363
4201535
3403521
3269986
639430
4639145
4123330
3883972
2979866
2952177
4998176
5918864
776824
4783168
3198128
7134235
3060108
3425636
12782837
9130088
8616212
8610469
4524906
818242
3563808
4166427
14150652
16434793
13973739
13894049
10943967
4291308
9134769
6723912
5056608
4254455
864585
3099486
1972785
5629835
6263468
5580758
3266790
4436888
6145695
6061035
4169223
1047049
990824
3250500
3351115
5905775
3449299
2039779
3977929
619099
3667884
1376744
3311596
3312688
2215698
5382752
3603033
4759971
2187606
1103967
4133733
3357810
3252087
6185099
3122804
6707854
5399636
3916976
4328613
909221
18826984
18740146
15125589
16132721
12924625
11434258
6820001
5257416
3703337
4624589
2701226
843362
2201494
2895033
4776009
1535909
2506266
4076645
1623883
2788792
629579
2634543
1217186
4338967
3585373
3429498
242896
1809284
4056552
4564969
3325691
4468067
679062
4797863
2626754
4403886
1895688
450741
1927455
1830046
2463532
2913087
1521152
3919796
7020910
16469488
14673240
12504537
9960195
9626529
7531513
5625768
2873452
5853346
4939066
3813096
3695668
881485
2172875
4172895
4806963
2400223
5047099
4319198
3397303
3320925
267127
88998
2375044
2832569
9025
4388440
4190949
3994548
1690916
5579176
2362438
2751132
2036520
4485730
4071807
4170218
5429863
380238
4435044
227773
3476472
2671178
7080974
7823023
5196813
3359243
42891
1583944
3551345
776442
2024710
3947513
1483433
1801463
6607577
2884424
4426557
3451714
3742577
1746564
2968939
1283906
5279873
5248764
3052429
7038089
4416388
6166815
18513542
888490
18191840
17140760
15501075
14600751
11227264
10752427
6975448
4943289
3842020
4424623
3547010
15707507
12945182
12608194
7627472
5287583
7190557
5722296
4250192
2451915
2818934
3965855
1851971
5513207
3802118
3886915
2921318
6023345
5696954
3126478
1457748
1691770
18024641
2662644
3588386
3666204
15906672
15678582
11203698
380733
9711761
7723537
5598202
5824374
5211529
5685434
4632685
4051857
1621896
3728294
4805825
3741083
1885009
5645293
5081122
2145314
3478576
2950122
4877512
4286713
5127064
12861702
9797823
3474285
1517028
3749441
3466308
1799556
3180489
4688702
2816297
449300
79952
4211650
4521844
2311204
1494249
1831862
2715416
2850284
16484300
14387772
171341
5482720
5446822
15538500
12047726
393767
10277884
9169332
7213606
5092004
4473388
4229185
2361429
1165897
1376928
13571489
12921271
2900367
113014
1968450
145112
2467480
1879735
4171330
4575029
3799879
134455
3958699
5031064
3455772
674352
951039
2591661
3001657
3735875
5176489
3689642
3528283
3874079
5324618
1818540
4736884
4869475
4867372
2038013
1231331
4044017
15535220
13224184
11831923
10953089
11781
492716
3398591
909162
3978486
1861478
825406
3419616
4203721
3442814
3168667
1480474
4350631
2871869
391903
4261235
6300422
3101904
5485635
4239470
3486699
3639475
69599
3540458
5973138
1043993
1728719
647899
3189028
3005785
1830108
7906062
7721964
5917162
14720
5663656
131887
2599342
1668018
676958
4758312
12908949
192746
10122707
9153286
8311120
7105552
4673352
5666370
3021428
5204369
2546295
4351969
2728387
3552405
3469523
4262005
2315376
2521224
8901
2632845
1850960
5016426
4473238
4366427
24274
1574611
918305
3535158
793740
3429416
3551198
6356354
4618083
1645318
2868700
1130908
2016160
590740
2325730
4204156
6398284
218326
19012829
15815206
14046139
10340936
8322155
10722
9270636
142270
1517681
3397302
4321392
4225902
5634378
6589858
3397277
4879394
1782685
4037289
4640644
2563503
3142235
3547224
17992457
1008236
15569052
3482232
695125
6323384
5501289
16072324
1533719
306368
1806393
1797157
3884324
4001651
2023189
6479295
23641452
2568850
21687628
19918861
17983229
15845931
10358756
10198233
7110307
4555955
2308483
1750960
5121585
1591128
469069
4457467
373829
1984911
1773672
3808859
1540143
2626643
6266156
7088228
3601455
2012722
955860
241041
660393
2058477
4357796
5007297
1894288
3969754
2907874
13933
3421436
3676120
3920584
5002947
3559741
2642992
4689416
2812355
7324447
7396566
2955688
5748783
3181351
230532
1315489
2939300
2164151
4297271
5235060
6707016
3233719
4016492
3877565
3687790
2885197
2196571
4607421
5865482
5041093
3952038
3662549
3173585
1223269
2093428
5255417
6309092
4272044
571326
840638
3034450
1889305
2565438
3006273
1705353
4079423
1794276
6716234
1661208
1149179
4529725
2729707
6877109
3422017
2090201
2976364
5532909
3903256
3744907
4291252
14241483
20045551
920703
18512303
15410131
14161972
6514368
4425672
4264155
4321947
3597546
298002
2673393
4014286
4081886
2206036
4664270
3604679
2912608
1518837
3958206
5182742
3697162
4097723
5859265
4413072
3862498
3157700
4254451
4714605
3704709
6764959
6640868
3372969
4627020
1368442
4038471
941603
3425465
1420215
25348600
22042986
20306612
287914
18361703
14125339
12267142
4916856
4795661
3487492
3123490
554248
1428908
5780838
6780543
6115380
7529335
5627603
3050359
22456025
20430762
12978478
15777745
10630866
10510069
7292861
2934270
1976766
955481
2905291
1056370
1988010
5570258
2218393
7707657
14518353
11517742
9261428
7470623
3633093
1558892
6136822
122753
3369387
639301
2269681
7600439
23838817
23565811
21481820
19306104
15293576
13414269
77960
16937673
12791456
12683475
7137394
3897791
3201672
405321
1163560
2829566
10659749
10508661
6825888
5015429
3295126
2601201
3600662
3167714
2339059
5818082
4675381
3038590
2418494
7096683
5517437
5758866
318630
664008
3385485
1857598
156654
3161722
4264813
2733962
2286766
3442073
262141
2686535
4856468
4413070
2497241
2911882
5273397
13398368
10805275
67933
14272736
9941853
10098383
9855773
9536852
9454733
5445543
2861511
10617206
11098519
3189806
11599305
9455804
9330338
6825205
4949628
4893744
4056633
2719446
4992272
5168186
5148228
915654
3795496
3612734
3243841
625906
5650285
3358493
3304200
33599
973837
1375359
1886589
2185445
603022
226976
5150402
3191056
331675
3106724
468256
2654471
2456892
2423071
7937873
6682833
5401889
4812236
4287945
1626137
4015604
3423128
6175750
3329438
5013920
15874575
19174384
15924906
14365906
10128223
9995423
6811051
6280680
5251717
3248392
3860741
6117532
2909123
6463018
2534606
728319
3391726
1289515
4945617
3527532
4237268
5585548
2519134
5332183
19722320
17315583
934330
18748873
16425648
16339085
13786909
9322097
6682306
7840948
4603236
992235
4266461
4341003
14491277
502046
15517779
16698397
14046407
12751132
4855172
6180978
4614170
2695173
2791479
4114898
121525
4425775
532964
7390602
6748163
5067591
18342127
15397781
7348137
4557833
1465784
4078020
2309750
4987319
3984156
3407854
4188021
4864337
4007033
5127725
2018513
2193022
2639861
4667927
2079635
78420
2016680
2988155
350959
10679
3071451
3191316
2475957
2750368
12420494
12319779
9446627
2075694
381522
12984203
11360131
8022431
4484701
4352804
2292448
5621345
9632051
21498
2973596
3030423
2524236
6346020
4823713
2949370
4113413
1866024
4494561
3068546
5006569
5603610
909718
2660601
4001232
2440344
3496326
17436937
15625356
15135516
10291023
7290530
7527318
5779246
4487993
17349738
15550297
15068878
10200041
7244061
7164567
5779257
4560742
17376722
15543209
15079155
10176845
7171456
7199210
5668154
4501819
17324887
13923232
13620990
10166847
7197985
7192577
5636404
4498801
17274634
13826555
12377747
10168606
7118530
7124429
5632149
4473017
14133813
13781507
12269438
7883960
7104624
7126029
5569679
4474735
14102704
13708120
12191056
7811856
7029802
6034423
5511903
4397204
14036981
12518118
12192616
7613358
7031341
5836433
5513414
4398722
12966776
10110447
12104775
5957509
6970586
5653642
5443711
4387319
12685894
10012467
9849776
5958676
5923716
4779305
5444935
3800516
12535099
10003609
9759434
5852593
5817412
4538277
3731385
3757542
12485464
9951138
9691947
5846516
5737300
4562873
3724620
2815007
2014336
3499665
4336933
2024204
35650
2621500
2189279
4542295
3691668
2896387
7721101
5760149
4861510
2232388
2382853
2593349
4210792
663368
5211124
4037545
1609331
2760872
3482646
3750880
2700721
1992954
7016686
3628341
1296097
5183767
4419594
4256508
6217023
2671982
6829369
6964908
5338266
3327652
6218548
5056544
3709668
3657879
3571579
1258585
3429733
2532406
13380616
2211997
4244035
13614851
12742885
11932651
9198332
7759883
5326937
4009498
1649877
7576741
7413113
19297341
3686840
2257811
11775059
9478310
7732250
5035355
4917220
3402574
2020054
3674918
1881465
3930411
4967292
2554042
5346959
1549384
2718006
660548
1976014
4120446
5070549
16917588
16782135
13671851
11823079
9274995
6580360
4726385
2860385
3166320
4111581
2767513
2284458
768671
4155953
3051701
4843749
3914407
4765480
190491
5187463
6352575
5280469
3445050
5319410
3598600
3465388
250937
2950471
1459014
601702
5494400
5257084
390693
3192115
1618408
309408
7472514
3908958
5228087
4184369
3996581
5468099
2903646
3205853
11875884
9583573
6362141
4556684
2354384
4564320
3640423
2369961
8696969
7678920
6709448
3319734
434552
2004937
1184888
2011044
20949
772388
5090713
4153994
2056274
6211023
5865394
4428827
2575614
4737443
3887661
3299597
19928378
19842932
17528290
781428
15455088
15449184
12191695
10516165
8083604
3406156
367979
446626
4512855
6054334
24614553
23337871
18074382
17885605
13160748
4487961
3707397
3835560
2314185
14451926
11687193
11570689
7860389
4673070
12835647
9853340
7080707
4887802
2827494
4817720
2306963
6201855
3154728
1449032
15326397
13509647
12734712
12640567
9028715
2254744
1542186
4508889
4803214
5066655
3324244
6243696
2329985
2141546
1847833
1369355
2413934
391530
385356
4575861
21218109
1837673
22151827
19742406
17702194
12230102
9323520
9149178
5882939
6111863
3676457
2301961
2259029
1685927
4236356
5547690
2478602
6586140
3566675
1818465
5062451
5054028
4693667
6348204
3874106
4255159
1285121
1611723
2105512
7384144
4492233
4416840
45704
113224
2912900
2676441
1788785
3243156
2928310
5942184
2004786
2241921
1776841
3121326
2809379
1834483
3490589
5229797
3124925
1353656
6555746
6655753
4744403
1845666
2527516
3857032
885789
2076226
390107
2505571
1642250
104497
673048
3941537
6955647
4927744
3467786
3358361
2861169
1084386
4684351
6416978
4096218
1370867
115872
5346567
4717998
2904414
2325466
4374424
5085616
2024908
6758703
250079
2198258
2182098
4433090
13050703
11420419
1837445
7600601
4784854
5197365
838014
5920217
14717415
11517341
511539
1951515
1625436
2838302
7485973
5111868
4977425
14599867
12355804
12179751
8517836
7783241
6638546
2908450
4633361
3765819
2305391
3994648
1407142
2740492
5138493
16294185
3385414
6535
444689
5070490
4318032
3448658
5796978
4290204
4187774
13728
362834
3941867
4375960
4098073
3384128
4800181
6365827
2472184
2449783
1035943
5443576
5131348
5008900
18559395
18476774
17282217
118643
14248707
740633
18185073
16096156
2272848
5578070
19469773
1113191
18480666
17699363
292814
468685
3169722
4085745
18241264
5382569
20466102
18835732
17448772
14032173
11062679
10959092
7875449
5017565
3775630
3218651
957180
3482629
3480118
3419164
3043600
862620
847883
1574395
3994193
1118974
4114930
5135945
3202152
4950974
3109143
98653
1892122
6058895
6436846
7568227
3179488
4502095
1811411
3432779
3698320
2447279
3510043
7336484
5297866
4189877
2722260
2379485
1526797
5454938
4635774
4626131
1289461
732582
2204523
2166489
43282
2314903
1895765
4510711
2700719
137894
4061649
875977
5128761
4834403
4188570
4178608
13421835
2289526
294383
1726289
3406483
7948113
2228362
4860193
3168680
3990787
1509846
3085939
2289573
180704
10712382
10561247
7892070
6673669
12841834
11221121
2017913
13235834
9085417
9007698
11859374
9782461
6967059
5699511
6204745
5486608
5215287
685135
1162947
3555989
3660724
3092497
3294937
681653
1216983
6364595
6002785
3766789
1638265
4893994
5267653
1614585
1823070
2931760
1365136
1833819
1228324
17054309
14893108
14065768
9908387
168452
9511726
7585711
3604971
4922150
379604
4988482
24249046
2289436
2638989
2050215
1793921
4233940
1913516
20300195
16438679
16286048
13021019
4905748
1722218
1093887
3420416
2580939
2089726
7287843
3958573
18999
1121361
3358241
329017
3882333
3658388
4591668
562576
2429008
4200880
3803899
2656607
5113658
4047806
6557121
4918888
3068765
4056937
2249194
4584364
1916417
3973023
3946825
2012006
4931471
860824
2150351
7337069
7004681
4644345
8079807
3334497
2455466
4806209
3385231
1644680
3083192
2833844
2824267
43381
1398875
2743595
5286886
3306848
4570932
2830096
1992692
1010699
2846026
4608466
3825840
3911148
10948454
9151340
9015323
4424256
2868899
1922525
2539698
3551731
592316
2978456
491389
251422
2361811
2513676
4277192
6332240
7201760
3661430
14884020
12090525
429690
1484836
2688082
3687274
2652635
2934877
16277367
14884172
1432400
5496841
3959683
4675906
3142908
665613
6647740
16785993
1246818
6315398
3331885
4729701
6311935
1072554
5597796
3067561
1221974
16881420
14994719
2450836
2257483
17734108
17519600
15068533
7631665
4156790
19596508
4170125
4097716
830762
3909205
18622637
1407706
6374437
17319979
15933397
11317269
27504
4176886
14799035
138806
14989010
13299217
12233080
7768684
7649908
7553342
4568780
3294058
13149507
10999918
9528426
7893984
6406098
3760375
14843295
399643
4045023
2055964
37190
5860167
4297765
4220683
180837
8275
2811026
2561685
2200790
5739969
5470604
5721669
3798267
1984060
931272
4568104
4439971
3920366
2280377
3823220
4953955
2104281
4282160
3997397
2438006
3813841
3914961
3937445
2320439
5276161
3808431
3916453
2711222
2640214
13222310
4348636
5904
305974
3437971
3617318
2086574
2606828
3586729
6464622
6855760
2258568
2845229
655698
2749201
3189406
1392877
5476960
3610141
641496
1393970
6662653
6791519
5964347
932154
3755642
2002002
1850507
1374503
5119133
4368660
4860918
1462662
4185901
3684497
5562522
2919560
5223233
3556976
4334658
3175076
6712843
4643351
5216098
1688067
3417203
7186801
7275731
5800353
14746634
11917534
7028987
3542645
3693246
4625336
2815520
1048738
4243928
3090933
1711213
3582950
2605296
1530319
3793023
2835390
3113317
77451
2171647
1344879
4066214
3464174
332843
16565647
15791244
13595924
911130
557134
2688519
2566122
5726038
3427454
3953234
244036
114498
2672903
23786208
21003417
16682074
14376491
14212699
8592531
5202775
4185280
1533879
351133
6374219
5028093
6588153
17389197
2895823
930098
2857907
867912
4569273
5459169
6161943
3879307
2271902
6633630
6741149
6881467
5499697
3651673
3465561
590196
1198572
978865
4790446
3157093
3292939
1823482
4779219
3443636
3294680
5605692
2305040
6101803
5839651
5198578
5639378
1313880
4321018
4781468
12495001
11519775
234470
3378009
15228974
12790170
3147949
11747603
1977781
13204723
719805
3859116
5092587
13588086
1412057
12928684
10672507
10589606
9167368
8035103
7693596
5436344
4514077
1650708
2232339
2710677
4328894
1506989
4776802
2796382
3411964
2020939
4307544
3232795
3942145
15203
2817460
231362
3402821
10657812
9721480
9302681
6332350
4495630
6136550
7910871
3662761
7951741
6171003
5690559
4373776
4547411
5050803
1646445
2923967
3844422
4262314
5822695
4229392
5169999
5955614
2225679
3228558
3876869
2229790
5880423
2906881
4359301
6444173
3667708
3272171
3771297
191001
327183
19715831
17158356
20541072
17820709
16445902
10747771
8736002
5015618
2438087
1602572
4506573
2108152
3376926
2885165
4025950
5325058
2773083
3219425
5465250
2456654
133585
4180229
3757803
1262290
2449113
3213773
3322786
845877
128569
2728992
1804760
3559723
3216307
66414
6063180
946030
3432250
1241273
3338522
2692869
5121421
1264468
1196135
3690229
5313908
2426430
259025
724436
6942670
4445154
5812749
2727750
3716212
5408949
5162721
2025872
697913
4964978
6676004
4225634
1869087
16724345
15374357
10582214
8231526
5622452
8394076
5131446
3640054
16539939
14470266
11263765
6011347
3396440
5184912
1898514
1627187
130750
2147792
991957
4358632
4803169
4693916
1895908
3083088
1317087
2887785
1495704
2979679
2605137
4436750
2341973
4408081
2061305
2274625
865779
3179080
1738256
6409890
5949753
3952285
4030809
223593
4101511
4979914
39935
5266738
20664242
2820157
19794694
17504126
15776047
6516731
2262981
3282884
1645353
768955
2684192
753412
302938
1873802
2798418
4967712
1128933
3878379
3398015
4816195
1941911
6788374
3238171
16429892
12634287
11581435
10187068
7564066
7636458
6545419
4057891
3960670
171114
27800
2246710
2162790
491817
5921169
678581
3848402
2280917
4466750
3009112
8113856
6498051
2943987
2407809
3568661
231089
231886
3594951
2483481
2361875
4984801
2163812
6132707
5287386
1636185
2078969
1839123
967967
1159736
4199953
6645841
4639471
5303327
5809076
6654413
2499506
3683790
1276048
6841564
4852983
3043936
475223
3085874
4046662
2937614
4616372
10949274
7006941
6485753
2411816
1787701
3948199
5502459
3446637
10822681
6736821
7510001
4947606
4946323
2517095
2602084
7553282
8684701
5294969
1194178
1745959
3967326
4465339
483032
618689
5207800
7770013
1431629
7079999
4633457
2455095
3921540
4750779
4721822
14453936
11584090
8424547
5455399
4648818
2291695
1041087
4917345
2819478
5004791
3094519
2011609
4988070
2136754
462039
3213785
374095
193654
149481
1480351
3077116
3315245
1929881
6263837
1176272
3581576
413549
768330
2754390
4241736
3420726
7339094
3988779
2606000
8716076
5473725
3470118
4073854
2196440
4324578
2769970
4242279
4163562
3902519
1635356
7913894
4437470
12933158
9181613
32647
10235465
9774222
6589743
7248925
5047090
4926250
5211438
1355010
1591994
2747085
5241900
371935
4157744
4063902
11752691
198638
12186039
11500673
10818755
10295548
6137556
7521945
4050453
3700680
2691174
1269474
1175480
5613544
4622355
7528685
8732322
1873285
2444489
2519120
2424767
3783877
1050574
2921597
15986143
5191533
21899503
20537515
19300605
16009840
13612957
13415195
9788486
5114758
2147116
1695089
942492
2760680
211273
4232928
2320632
3898151
2278411
5386099
3348840
4465138
2759108
4152920
1273478
2961439
19316
1944943
6673184
5330633
360234
5402015
4347719
564351
1095449
4473760
2585590
5881476
5730579
7391562
3599425
5829168
5815341
4627674
1672154
17659820
14059031
13663226
12365823
8406032
6020808
3540831
3554288
19760612
18362570
17886659
16806751
12755474
10375690
6761234
4687449
19584510
18251738
17761091
14608322
12756569
10265862
6646179
4557983
19550347
18222912
17704035
14543529
12691124
10206540
6621620
4462266
4470108
4380072
4643570
2661006
5490053
1812337
4025032
736640
3039647
93115
5392348
1549718
5784928
5852261
3094208
6825629
4086764
2338896
5148552
1244025
5189458
7934
1909313
7603
4963893
4501877
4396180
1997449
10294
2086782
9241988
960570
4244932
2514746
15572456
11543131
7878670
7701318
7699076
6208995
3653583
82952
3301447
6159224
5207274
4445808
4544432
2465198
4854012
3295003
4211211
1057411
554893
1657544
2572551
4734128
990170
22356475
22254861
19006299
15755914
12410513
11079229
8610254
4901756
152545
3788204
85391
148749
889881
4101323
1399537
885225
4654498
4561334
1588323
4047799
140274
565978
3107870
4313910
1460503
5605203
1485926
3579938
4283570
3271382
888039
721472
3247394
6261041
27846
690490
2592917
7986575
6745269
7539799
305335
2951963
7120617
5133079
3646459
4300520
223095
2591764
2505580
7120568
3243895
1822479
4340384
9415938
7195145
7102402
3659376
5933673
12963638
10912775
9711228
7362005
4796489
2960075
2493569
6658706
3430714
6715308
6327490
6414612
4176339
17061949
16623560
16397786
11313493
11026906
9120161
9294083
6637566
16953121
14878499
11337275
10959113
10831367
9121828
6823085
6527969
16821620
14888370
11366482
10954362
10054382
9082946
6747285
6530432
15534916
11400882
11368485
10783073
9962073
9053238
6749056
6500577
15243196
11360610
11370131
10287105
9903697
9025706
6727218
5048396
15145300
11359811
11355645
9573462
9795455
7025629
5905470
5559149
15818327
12036869
12032545
10182258
10078123
7547624
5803809
5495557
7544761
7373871
7186209
9740324
4262427
6865202
13396451
13171592
12665888
8461252
8288271
5210526
2383397
1140243
2089978
1071139
1507060
4685151
5604239
3855122
2513025
2927293
2430565
2086261
2083159
3167564
3999170
234418
43847
148466
23787802
19142183
19219349
18889912
18746243
14012488
3920072
22816271
21816303
20242615
16783150
13354274
13052132
8525457
3853480
1804955
2289543
1226873
2070661
955372
4368124
3300929
1893982
4505474
4243801
2953552
4558726
15860503
7513647
13461568
1164502
904088
4828493
4643997
4647932
4592743
5569497
2707485
142931
1310361
3197123
4159432
2937352
4123672
6692374
16899880
2423483
15571437
14103016
309541
5461754
2109803
5177625
9043546
2474878
2850458
126879295
6853130
4147260
6134343
5849668
150809
4593740
4251214
2751896
3856462
4970022
4842368
15769322
2189925
4757903
8550464
6723483
2831593
6893297
3909264
7047668
16503892
6782102
22037294
16693670
14236518
12606905
5582151
22746576
20325487
493686
3353026
3390335
695863
726655
6319957
2750993
1376121
3464872
3895652
4168772
4446127
4624337
857607
16537206
15043546
14430619
12751148
10726219
1260634
2019869
675107
3270065
1879617
464957
1576390
2499085
375944
4656582
3435606
3166841
2999113
1425462
4138413
6535602
2005010
4472416
4006750
3889465
452287
974603
3113947
2466436
22506473
21070263
19301593
19040644
14000366
11952960
9709602
8082640
6624776
3935703
3952035
5456155
473757
4431438
3533496
1517308
2712531
21809190
20469751
20391130
15883108
13115939
12321808
6790493
7913604
6509001
16976956
16967881
13515082
10868227
8806198
6462267
7263461
5692510
3925806
4584626
710903
1313117
635406
1657906
4683939
18229164
17640590
17493287
15005984
11972421
9351086
7270138
5728044
18130663
17551059
16204843
13876590
11871695
9208485
7172610
5715552
18114336
16531930
16155968
13740032
11845798
9209726
7132357
5639043
17995385
16464045
16091433
13723558
11699193
9177801
6945674
5527027
17947005
16415673
4093247
13565121
3890088
14921640
13013002
11566438
23946288
22408215
10088637
6853239
3783597
107715
5987389
5917950
34871631
21175660
20958350
17709763
14741014
8585802
8897196
6095086
23073780
21177332
20924556
17666119
14639383
8586424
8866494
6039708
4994312
3488663
5772848
2209547
7375622
7423118
7295897
6193057
3904419
1240421
4624677
1195399
4881697
3460408
2019248
4411337
4668820
12869666
15288742
11886141
10750582
7990568
6270605
3575783
1146226
2482795
7108822
2998763
6512980
3278838
2416746
4018717
3778400
62741
3257009
117050
965822
3975134
4046451
2811538
5436757
2642425
5922308
16719230
15088539
12812297
9692546
7901067
6124655
3981422
3861662
482500
1547780
1096306
3001967
4593601
2729935
5763099
5475779
1148929
2379970
2558644
22464721
21928570
20460498
17919286
17910038
11753734
7693181
4190991
2610362
5104640
4971705
1823486
5451232
2054326
1119218
3151621
4037464
3975267
4202004
2198796
6296838
2378508
1279255
3368345
2778939
1430164
3866110
1836778
4546634
1111269
2935830
2305233
9074
3421759
3936409
3351858
3837205
635456
305284
3710337
3972785
1664942
3979914
2002366
6974352
4287811
1891107
3032397
2201132
3137295
2343460
3398756
4692996
20234243
1395493
19390802
15688390
12877925
10617211
6031217
5920813
3337262
3400831
4019939
4851818
3629837
2732172
5078986
6953993
4958862
3535454
13529241
14919038
9952296
16736
12873048
12741414
10281718
9002518
5065101
5049281
978152
1189728
1187772
3423557
3979722
2336899
184438
2236407
2588766
4464177
3868952
4232387
361963
44041
6233360
12463667
1586083
4021864
6193202
6084982
2934224
4211881
2187393
3761366
2180593
3423924
1736474
6271085
5097757
1054841
1659166
1335741
2460174
2044014
1888281
5976264
4727051
2964756
3660887
5462522
4903888
4770822
6546059
6437245
1365824
4700744
2644363
2073629
3686609
3598376
3562351
5611349
2177015
1294777
5444787
3148584
5274584
4825870
2804519
3976699
293295
2333768
5303423
4095272
4437829
3062860
2926648
3924816
769207
1516270
15328509
13567143
10909962
10084172
8242812
7979962
2905719
1391149
5710946
4274583
4162157
5349872
2473067
6758911
4120051
1818198
506610
2089796
1629723
6615547
749540
3807023
1655215
538453
2196478
3548134
1653490
5692582
1818179
5105873
581971
2104821
1812093
3431063
1888411
4255917
3575674
6295762
4208621
411951
1838530
1666695
5708291
19488022
6729497
15982326
13729208
494663
2095756
2659690
1830246
4366506
1604285
5900760
6448523
4301675
15617719
18653969
12648697
11963847
3289068
16019789
13750754
12617788
10469623
5026987
3849350
2966865
1693146
5621671
3767664
751932
2771874
17813598
16552779
14370661
13308752
11272094
7487335
4711843
3870717
4071399
18431341
15245342
13783677
13202107
11627582
3546053
15972358
14219626
3103905
15696084
11928484
11652649
7969371
5220122
6353355
5937457
3987636
6557035
3887559
3622446
66649
830378
15774860
14438796
13188796
13810063
9298421
9190637
5139926
2366089
136086
4623295
5232729
4074473
632136
7571488
4560744
3556709
1686656
4143727
3133435
3257148
1467151
5711927
3757341
3794746
20721830
19801020
17477473
13795408
11974219
11918428
8984036
7410793
4865176
1566794
2960256
2542631
7691547
7550275
5218880
4189422
376218
6227440
4175842
3539783
3340471
4857673
1547820
3499739
1738512
2668049
1552454
3427761
3341823
3279449
739721
1264532
4966596
5021811
4448293
7763243
5038333
5813110
69366
3856288
162506
2182716
4704967
4594752
5007017
4840362
87364
825597
3551537
4442464
1246126
1869674
24382999
24171346
17669186
13692
6617244
2270552
5282596
1809873
15507303
15389843
12031477
11403033
924181
3414189
1793313
1335184
4716007
6223707
23782357
2746221
5363665
6463296
15206555
2313381
13616350
847305
14011106
111405
466207
2115838
4557585
3272075
34878
7172622
5836592
3638789
4348029
3632665
4257390
8523943
564761
11565091
7162639
1214326
7341911
5789522
5138476
2817789
2393770
3590516
543947
2461127
190059
2761918
3763336
3829972
597865
9184400
4919235
1058317
1959640
1205343
5725832
4155595
2844431
6234427
2249798
4028695
2993113
5314060
16561036
15639233
11657552
11608363
8528153
7355842
3555001
2562848
692151
1501383
1367848
6414450
19414624
2605412
798851
6380317
13769518
11080461
9464631
9359126
6210483
4514198
5291757
4864713
3507834
1721930
3990269
6259700
3857513
3135493
4606830
6517986
13571059
11707243
10471368
10174608
7838105
7676209
5971510
4910193
4469576
3092974
129832
4746977
1539299
145244
3905271
2867411
1891400
4847073
2826811
8655530
18293855
14782329
1231489
1134673
3196120
856068
4712
3629588
3315390
70161
3220229
2665233
4757914
5490132
5610630
5502420
6324845
4571547
3003402
4243377
7754286
68580
8131426
894551
7253908
619240
6669788
10295925
182091
12214744
13330475
2828240
10699406
6589706
4351409
3624499
4503355
3545732
1154678
2502526
7790875
5100583
4726700
5416127
4074930
4144524
1248655
6334933
4642209
1668056
2551008
1496479
2744273
2688268
3716355
5296581
1431393
1301852
1156890
2392768
949092
5078799
3084247
6425205
4958999
4999245
1491615
4314020
4998520
2476816
1724231
2881551
75824
336042
1453752
2301392
2918948
2997834
3004985
6383122
4427148
2203680
3333112
3997400
3651304
4413556
341137
3998706
2272414
2476294
1644684
8270451
5283703
7154428
4836589
5697561
2834174
3438605
2691860
401182
2709171
5881203
5358658
6845740
17841096
107734
16807176
11153830
11188969
837556
3622355
5405653
1832451
154329
4593626
4693728
1403567
780957
3955513
5380645
3581286
2502231
1263053
3661321
4374299
782829
3232436
6807457
6406706
3923439
5170061
3341920
1316827
8144504
4362859
6829607
298677
920836
379995
1571892
2151170
4612631
967383
3731429
3210676
6099153
2686795
2098271
3547533
4333109
4865215
7078762
5037436
4825647
28449
3412777
6308732
13596071
10817966
28572471
26562419
25111755
20468658
17628457
6202814
5300836
3884591
5958394
3182897
1525589
2133819
1628801
1503903
3929857
4106295
4831768
4140802
2118667
1861230
3753024
4376548
3158415
1800789
3747104
1414313
1933375
459848
969299
4423362
3525254
2058188
5896292
5792670
1116623
1424265
5704541
797821
6353270
3949898
3776626
1180180
290548
1911274
4228938
3499479
3764815
2036969
5660722
19556683
1300371
18362141
16886094
14985819
11714978
9326814
9318904
3640346
6129331
5294701
5037094
1286949
1770817
2378010
4453235
3832201
637116
418416
4155519
987175
2974824
4369191
5387733
4629637
1000026
2747977
2232193
1765326
5551028
3021467
6716910
3288424
2429091
1365239
7265615
2720515
5427769
4478979
4644816
2858768
53457
13036543
10739729
8219932
6899315
8934377
5708991
7508704
3226139
85459
1644854
5215313
4109769
1161543
4221696
2083965
5500423
4483274
6325503
4530362
4826081
3165552
3664501
1979596
4722052
12550279
10784667
8540611
6615688
3213298
2625752
8057156
3508892
7477429
5694713
4601821
3005947
6117281
1425249
280503
126204574
124357705
124465636
123588301
131966680
130865557
130662498
6063004
5848233
11384634
8659722
4680378
2027074
724877
16293874
13879163
8825205
7780748
4875621
3442187
8416672
6048435
5948074
1706690
2342305
10633111
9330364
6711043
6093560
2781753
8344071
4929361
751362
3375447
4140545
3653676
899951
1547848
4455581
3869366
73833
2173300
1961845
2266149
1455833
4558155
5779664
1220525
249359
5681524
1635270
4244572
5358559
3450865
5697363
4940974
1822658
3308121
724213
1924170
313528
2059228
6511080
6319544
4807742
8189683
10361172
10652349
7024066
5887306
5774174
3680371
6034391
5918028
5876016
4889613
4917120
4771058
5054791
13725146
368459
2451093
3385622
5549070
4274855
3590754
4601073
255835
4290829
3688626
3393713
4470249
10151760
8102916
6866715
5782730
3748300
12806403
11519777
9943404
6343443
3744710
7315809
4945986
3880153
2802803
20861681
16320337
13489190
10641471
9968550
6981759
6345674
3369178
20560108
16032316
13420045
10643230
9900957
6956214
6178429
3348216
20561586
16033884
13416187
10077116
9799070
6080232
6180142
3350215
20156439
16035517
12167380
10078130
9757740
5901626
4909806
5549084
21561038
18173398
14396273
12229993
11917150
8056954
7138627
5519063
21521816
18141436
14429554
10543163
11852162
7980790
6491473
5486642
19673801
18111017
14431139
10531010
11749295
7981236
6363455
4561636
19660948
15920310
13956112
10438492
10435595
7968443
5654758
4502579
4545644
4060308
2491264
3347374
7768636
13412678
11081720
9913822
9952542
8505603
5530370
6447117
6527420
4285902
4069767
2912923
2598553
6076469
1795351
3492202
4982573
25862094
3780595
2443489
1902707
18423760
14207285
367214
17306307
14746601
3554033
1819802
1315890
285883
4314999
3776454
6837210
22375094
3523934
18124798
14428076
4998089
2340441
17004842
16852732
11994587
472965
18602640
15483585
3461258
13481339
9574366
9365539
5246192
3676323
4593019
2703701
1891728
4138294
3268949
6300275
2970988
1510210
4577296
733442
4993620
5098517
1106253
2546377
454915
3211543
4964513
3225190
3983612
4950096
3865827
7947925
14976113
1655801
11942702
11004086
9538140
7707158
2892433
2787408
8100990
5340
9781306
6735540
17037147
1999050
332215
3977507
729202
3646771
3302121
3713623
3399646
3422333
145002
5355015
6560057
949892
2371239
7260799
2150774
415414
4327340
4900345
1886855
1730908
5349187
3852090
3748654
3744991
3712791
5391738
2824260
2797546
1839036
7246632
7247042
5983435
1836730
5862222
14320836
770351
20112109
18561132
17213275
15799106
863704
14445903
10542814
7335052
6186442
5516651
12299050
10895073
9112693
9050875
5514147
3457965
6089301
5118908
3516165
1332661
2255834
4404363
45272
56231
685352
2034784
913835
2767424
404086
8525106
6648085
2251564
351500
1660109
4914516
5542754
3337691
4894763
1512665
1919050
3874906
4111519
5693
659684
276363
4547713
2654525
3447592
2087265
2605898
5740594
3839383
2337843
6118554
2307090
2590291
602359
2351348
163754
2763405
652872
3999479
1477279
2358351
637762
1395048
8995088
1146961
151983
5912185
3413181
116783
23528238
20627051
19069199
14057495
11774340
9300984
4981377
3840311
244542
3327830
610671
5847304
4343560
8766039
5133449
4519109
1019599
2302709
2015568
442573
1992839
3000262
3821487
1837874
4203671
3089373
5851788
15410958
13632340
13194451
9780824
5978886
3410293
1818612
3103371
3811740
4614858
4568124
25009947
5746197
3402227
1331704
2795080
1394097
4572627
5506445
18180781
89808
2462537
15056942
13123922
8558031
5788657
5782115
2993963
1122865
1696510
3032122
3278297
58289
8183208
11404722
9194850
4140879
11822618
10770811
265009
1079194
18871555
19874701
17386666
13680009
12550571
10358966
8503192
8786636
5514223
5969338
984183
2796946
402180
356560
2258612
4216033
830123
5396132
3537978
1867320
5102093
3060058
4607166
2329826
2382426
22318006
18852152
17161534
16316783
12941621
9625286
7206099
3803469
3771893
238423
5995980
8542957
6109641
3760923
6717293
3516192
6465520
3583648
2083121
7062851
4192644
2958431
6109906
4872195
4792970
14375177
6426968
5357635
19649448
17287914
844472
1792690
3190991
4185234
684556
6611677
6687804
4407880
1557885
17169742
21546899
18414535
15519054
11844485
9492706
9378245
5815638
961253
5459877
3520195
1103188
2153795
9162199
2802661
933247
3313293
3990390
2138516
2515727
4745106
3230085
3264728
1975607
1858587
1609572
7898711
3505844
18744393
17839289
22155994
14694039
11853324
11603427
4355122
4202873
3582173
2532828
184395
5851328
4941356
4827200
2280840
1833526
3731221
158331
6648181
4782582
1669510
4606265
7085689
5166860
2461113
3239316
2001487
3700577
1347129
3868598
6165867
3457175
2688479
29725153
27424971
25728535
21476172
20957408
12623810
9763767
7470970
6140198
4056534
4318286
1096292
5625942
4070329
1834247
17715
41781
3391323
2281631
4189949
4127351
665192
1912921
8887470
7253595
5085912
4584797
4976445
4881673
21580122
3756128
23121494
19214075
17705569
13808645
12567004
12216469
8238605
596633
4838850
107124
8690276
7397607
5750114
5332253
3299049
2661590
906055
332815
4226465
251337039
245128616
244869444
534929
4949238
1631169
600726
6125375
1717102
272994082
272746875
20774770
3298647
2821394
6450215
3942530
2242776
2459063
7634925
3608082
3978464
3398216
6503310
11897876
9601807
6601951
6490429
934869
7469591
9154647
7586578
2155445
12768477
11004551
11001791
1732430
6297971
5162614
8698578
4779164
7080978
7370436
7368969
27594937
25387638
22751361
278350449
276724824
274822741
273582740
273540154
25339599
25431368
23001199
278215149
276740192
275057363
272151981
273647136
23174529
25357677
18153848
277854091
276601375
274994258
272048373
271810177
23030673
22293422
18005350
277855936
276603353
273859726
271937218
271553557
23031971
22208026
17894580
254304332
13170347
250382447
18747496
245491394
24042091
2536799
25826484
24652901
21013840
19880713
16455623
16226271
2218293
14247647
11763770
9545565
7716121
6753430
5765206
6357781
7359
6654949
3542242
18733734
15458445
13082974
40695151
40572831
23260144
5031264
17795409
33280227
29893438
27269310
21174694
54335346
37733164
4491963
17802072
33286731
29786983
27066271
21180059
54268500
7199408
16300761
15192110
45057336
41435753
38717148
29575490
32866099
18781660
11736069
15212039
39371731
41386449
38590620
29436208
29145699
18801127
11545271
15218513
38893786
39625386
38442684
29441110
29049602
15213877
12047252
9918686
39100041
39802058
35344294
29826436
29551629
15715459
12051195
9697509
38696234
39407350
34555069
29827342
29466607
15722727
11810261
9704757
38433993
34732533
34554742
29821253
28940705
15725669
11812700
9558535
38436728
34562237
34558134
29724117
28943345
15726017
11811639
9560818
38439101
34415620
34412498
29726127
28945311
15728152
11813692
9559526
38224950
34247513
34255989
26562234
25979859
15644439
11662280
9321449
38226675
34077149
34247477
26411220
25981891
15321505
11664066
9323627
38228981
34076064
34088119
26333307
25848914
15322728
11665796
9118976
38230661
33913081
34083737
26333672
25850157
9745308
11455693
4037550
38180676
33869567
30796197
26310404
25878926
9818969
11457262
3932093
38182727
33871349
30483561
26273145
25780637
9654586
7490221
3817706
38184613
33861103
30481214
26083276
25720345
9422063
7231924
3715591
38185759
33671619
30340528
26084195
25574423
9208305
7232112
3639580
30735029
33672415
26892099
23170257
25575204
9209091
7058261
3508723
2286327
2653668
2268848
7825538
8783144
2981603
749844
4035330
3465614
287073
12156896
7135428
15371170
12567944
521694
157425
19338893
17316261
11902151
10069145
9952286
2007164
4248214
8228940
4057592
4646131
1246344
5406910
7585027
7007905
5299603
4017624
1362892
2149618
10071975
1902752
9258845
12093239
2783514
7644301
21670670
16147407
14805976
7151026
7137819
1261487
2022467
364807
32336196
27075047
25577391
18078527
18066475
12081273
8283046
5159054
32344969
27083525
25407978
18085872
18074193
12031025
8238585
5020687
32348033
27086969
25313363
18072310
18077582
11963762
8168001
4955957
32167381
26904929
25237163
18074465
18080100
11857677
8170205
3093333
32169466
26903502
23901754
18077201
17414847
11831517
8064041
3442929
29693529
24798886
24615747
18532390
18188234
12477709
8761257
3446122
29556488
24565001
24449599
18421305
18182407
12484074
8690715
3319031
31743110
26621190
26729941
20662645
20547340
14795866
10996735
5668810
31717189
26021765
26423970
20663012
20549919
14747905
10921910
5671359
28657222
26021668
26426292
20588776
20523095
14648260
10816728
5673237
28316214
26019995
21780779
20590448
20525000
14576487
10721256
5675312
24827634
24689165
21778889
20137665
20120320
14505682
10609331
1984647
24828984
24690850
12814359
18159010
20017137
3771876
5806096
3923602
26725297
26728441
14799451
20145383
11452045
5813800
5701685
3744594
19964563
15807828
14673516
11765944
11331258
5812464
5707130
3749749
6095639
1501089
13686135
13974341
14961490
9443075
9329179
7346457
4976041
7449039
6219373
5297914
6650023
4753818
3589771
1660777
5178824
7627105
2170545
5334057
5220052
5245877
3336803
5499801
4210872
6790729
725127
11366645
5543133
6679224
6295
5923188
18438505
15344606
7049892
7037028
6481753
1120736
1204796
27442
3300648
1230828
2210227
16698381
16574957
2777744
2731404
5057340
19886472
14163592
14390990
13933855
13931567
7408347
5578827
2088887
1208937
13404160
12283388
9369568
9095724
5798813
3349331
6329722
12211599
10781280
7614666
4444921
14153789
10830015
5888959
16268998
20994933
19425591
16124467
13198287
13080100
6145421
6979646
4229324
22443184
20899578
17529120
14774847
14652228
7631114
7096579
4126645
22414827
20866410
17422435
14664569
14659247
7525971
6736644
4086326
22291131
20791272
15860380
14671614
14476392
7528286
6701879
3971460
21138436
20699037
15364858
13562081
13298972
7378760
6690622
3974105
20594751
17640681
15212854
13563695
13301171
7381096
6690956
3960837
20547302
17448796
15215363
13558991
13299001
7312127
6590213
3963055
20434427
17403952
15098614
13560987
13189461
7197196
6591588
3916222
20360945
17291827
15100658
13563026
13191612
7015452
6583049
3853450
20298256
17219992
14945781
13565009
13193280
7016298
6438198
3020525
28296845
25313455
23070147
21689953
21317883
15087102
14561313
2921295
26689662
23370109
22959237
14859737
14476732
15011648
14568695
2892970
26127762
23250984
21720288
14861793
14478190
14867927
4666368
4048444
27111453
24350545
22978525
15844403
15736331
8712450
5824954
3970503
26974887
24230585
22980627
15845985
15727157
8679428
5722316
3868507
13572376
11656078
10545334
7771822
7631023
5016539
4126082
6058504
8121249
7245122
5894503
1263430
4154829
275699
747508
2743340
17432746
21259270
17550991
15239692
15049758
11118104
6618429
3571825
353925
1920405
19136447
19029885
18773817
16598518
12515677
9475585
6240871
3462203
2207933
191034
3373323
5078876
889977
7357650
25099316
22317544
17690031
13560696
13386744
9741498
5547253
4492412
4666788
4073066
2147126
3508671
4184614
1398284
2990237
3582953
11930038
9621496
7251161
5397285
6036057
4515427
888363
6680109
6758158
6699414
5551645
4616509
4520160
2031864
7747758
5699472
12365316
10508120
8923667
10411278
10316307
7854435
5597539
4459690
4276834
7432867
6189177
6302329
6148652
2615688
2003747
14207974
13220139
11965352
11887949
9460207
9200951
5361812
4534176
1396360
859518
375778
4819395
3794968
4491308
10480395
1746740
6861406
12062286
10701182
4475627
6755288
6701976
5733314
5900201
680266
8695828
7449892
5659207
6679446
7808114
3567552
5596554
4914453
3063108
3218098
4445112
1795296
3298300
5727706
7114651
19015320
18486144
15583901
17568972
10406604
13123307
10591914
1440133
9072774
7928085
6275825
4751355
701623
5909004
2932033
5336997
2331566
3852560
19368767
17315102
15936020
17089687
12727565
8486720
8295193
6631883
4837531
4735220
2866250
5109435
1941736
2697066
2962379
3259324
97714
3915715
1461513
3530977
2609943
3994289
18706666
19534124
14337910
12410772
9187574
8995279
4101960
2260854
614843
3233381
3313780
4647467
5004944
5481354
1601757
4174988
3117865
1238284
4866011
3729383
3506966
4896960
16784295
1034415
16475447
14354324
13209583
11069274
7567233
7383593
4618243
4530245
1973199
3326146
2756104
3061117
1090096
6490528
6011977
4545631
4806076
5601323
1913536
2571417
148228
4198433
2913643
1973380
1206859
4808412
1027132
3584240
4692579
7796705
3537483
2872107
20661
4242883
4058098
2723542
2875541
3941622
236846
813117
5530463
5994265
2824318
3903891
934105
4839626
7861816
41725
3569204
4676917
1060744
12912364
11168840
11077122
8576220
4746336
13620519
3134314
12558803
875444
122744
4831555
799344
2936177
837737
4200018
2034824
2172819
1314352
4668234
19411206
698173
3940040
4574013
2645649
2951031
2532608
4859590
12042262
175515
12770920
11100808
8897609
6865517
4803330
5010242
11288730
555674
4892455
3876248
1522023
3802130
4167898
5163620
2749576
5801996
14610264
692391
4291924
2294897
2918414
6657319
21348338
19383895
18290143
14216216
14636099
10872792
7261173
6528149
21246025
19386934
18255621
14145764
14576348
10799414
7184251
6526831
21116535
16171571
18161362
14047715
14313126
10460846
7056026
6464355
20290935
16093726
16271425
13918123
11239466
10268630
7020912
6465710
20194801
16006260
15849083
10704432
11076638
10269896
6962651
6382605
18087154
15925587
14418886
10171112
10986846
10178696
6868591
6323948
17982049
15778857
13858323
10062911
10634553
7583615
6787380
6324836
17897549
15701857
13855658
9984133
10482121
7532826
6751861
6224763
409856
1498261
863433
1098896
2561762
5970214
1229427
3718563
26338589
22586405
19171231
15390066
12868408
10698553
6299459
5158049
26287693
22500943
18713833
15305169
11283300
9986260
6234668
5063974
26149257
22375597
18720852
15224697
11185892
9842278
5761574
4961277
24216907
22373226
18722169
15142573
11097825
9722610
5630090
4855313
24041136
22279124
18723619
15096349
10995500
9720725
5420386
4762084
23943545
20784102
18725199
15097485
10922035
9627434
5335877
4636230
23949091
20720303
18731715
15055688
10838673
9544964
5341859
4642313
21741419
20663977
18732834
14954777
10739368
9542463
5342731
4446868
650014
6530
3961100
3923154
2392936
5933878
3403121
5379457
1890864
2588039
1718277
1746467
1819860
1385991
3071458
4434825
3236877
1320069
4842888
9039
5775693
3289926
7533249
8638978
5475081
1601295
192808
4016824
4128495
3433028
2272658
7560559
4785685
3748870
1649550
3338000
564327
1035673
4922658
4925394
21804086
6250635
6353514
4361021
4816373
2164314
2175481
5786503
4767992
999851
2070316
833067
1390940
13062867
339896
18106203
23908151
19954708
18221669
11949439
4424522
17117712
14309353
1269322
15051809
391314
1988138
14304090
14175579
12023620
9416495
9330975
7376262
6951773
23005588
18978742
15850415
12956327
1242916
13191167
11535353
11679673
10551905
583646
1566328
1836351
3917946
14887827
12357688
8087581
9322907
17952418
17664495
15310796
12659408
12450638
9327871
7968104
5689392
5799052
165455
5293335
2481008
5372438
4514148
2377169
4170914
14665482
12875146
12752002
11470870
11327584
9878124
7415848
5612942
2132767
4018435
7035895
4132982
5283038
3383522
1102409
19404
2249552
1792054
5570630
4572362
4476371
88668
2583606
1367404
3246645
1003009
3297053
4215187
5017830
1630029
1627991
4064251
2468840
4635460
3566090
5963169
7063418
4454613
2055466
2224994
1391205
2764177
504001
1225126
5106511
4390829
4876440
4115289
1010467
3757242
4150051
3483402
2447772
2933460
2028253
4313909
4555130
1380591
4036801
2930211
5117029
3296283
3607304
2176033
17037328
2774988
1950778
5827720
7028966
4541025
2245116
5853364
3042529
7335584
6092262
2771514
7168805
14091456
12158895
10822301
7341989
4834968
4533478
3026981
1609792
2630407
685677
9962
861236
3981451
3868559
282386
3935645
22338756
67417
2389121
2118092
7187280
7303530
3525525
5688848
2864552
2366912
104445
1200080
5264372
2915301
1074597
6334958
5194514
1340226
1329169
2016875
4511720
5234217
3198509
3843247
1079202
2415174
4676369
2305905
2417806
838994
2000459
3108132
365856
1737465
2970026
1634787
7067152
32956
1340581
2465897
156117
1765434
1430484
2937673
3532358
2733099
2084777
3993246
1925105
3611134
16526476
14099442
12778957
11902537
6732176
6518895
3505006
3950336
4113351
3560015
2756688
4853530
2377613
7728049
6962467
3340261
336817
1923383
4606842
5507805
3237502
6274635
4174933
3453990
733119
2326671
4006070
3432769
1435423
5832631
4583345
5014126
234180
7149194
14419703
1704934
5195887
6847452
3451751
3605892
1445929
3186512
3615829
4173502
3079986
5047676
3826634
5679182
4085631
1953943
2902665
3067685
2913297
5335083
1106746
3411458
3275275
2289452
3146002
5279996
3462075
5291503
1722235
4149661
641961
413436
701250
4511780
3371825
4503538
432422
571094
6245682
4568676
4351920
4132390
6008719
5769220
3120046
6335167
2938939
3475900
1638468
5328183
3716269
8422686
6568120
3454414
1915337
5785870
5041838
1287776
3015780
6813120
4565686
1281175
3404630
3361499
3236638
2998612
685901
4438501
2674675
572704
8564007
6180532
5509622
1957454
1581542
3839544
1193986
2046336
4026073
2593540
1943342
6853654
4805097
5879365
16331879
211894
16908625
15388949
14669500
5387646
1891441
19948600
16464537
14801851
4620956
2572094
758834
1498761
198671
3668260
118972
298525
2856281
3767076
2036840
6363435
5306514
5200450
798777
835908
1156835
4268223
3921722
3335278
6986260
6871511
5737187
3035011
143450
4588273
976041
2999871
1217435
6107533
4861826
4748951
3255937
312920
4087448
3955737
5409506
18819190
17592639
16877718
14686787
11792674
9641000
7804650
6424404
18793153
3385098
1534127
5231242
1257551
4346718
4074740
1143584
12824506
17999268
1337454
18650478
13655345
12329632
10698208
7291671
7154893
5525608
5659846
3775940
2350154
7117540
7606291
687701
5879724
16679948
747369
29491
4038566
2738242
15207677
94805
23788506
20892418
18791799
15012387
12249520
9689579
5475354
3449253
3400477
2069486
3583279
1053273
1069899
4018125
3881015
901156
5163411
2731288
859537
2482401
2307745
3669899
3431620
36107
9051842
3983917
4191239
4973782
3465170
3583246
19105781
15186316
17108275
11948798
9008928
8853950
7298613
5868229
5006929
212902
8353369
5891052
4262018
3617920
1123150
5812607
6396062
3924979
3900087
1044901
296697
155960
3259568
2411534
2111595
216976
4645640
14023625
1225189
128974
2395791
4558145
3726245
4270511
5779170
1992534
4355166
665659
467203
2964065
196591
2994218
4596266
1930564
3856018
3932302
1710374
5662261
5959492
4057335
4248767
11421149
5380255
15448930
14442702
13547519
10912899
8260779
8110222
7185482
4524732
14507209
10272925
8158607
7480401
6346350
6732165
1914240
3525439
20496862
15830640
14290553
12000152
9088454
8969924
6066606
4251647
1200577
5213373
5774459
3616265
2302934
5216309
2019426
713592
2152150
26772
2319367
2006337
2935728
2851591
1547631
2191600
328830
900953
6088517
5382711
128638
5007456
1817468
364631
2880299
712805
2691467
1833900
5484244
6152344
14355098
989213
18192469
14732119
11617909
9550131
7060635
7055044
5141475
5158827
3082112
1247522
5477398
5089005
53091
3484897
14220
1778147
3316280
2272811
4215948
3683879
1955220
21431556
18299064
1726459
15293641
12378180
118610
2107781
802929
4183048
11981482
1125350
11767947
8677315
6548018
1082651
5323585
6345744
4344763
3232970
6404530
3129791
182768
4038858
5153062
11074426
6829017
5158674
3569725
341140
2197303
872228
4963927
3880784
803809
1954968
318451
1612402
4514815
3316874
3410794
5208761
3309064
4884282
3257110
13733139
152267
3380968
11551871
13298740
10522198
6828465
16195368
16345828
14227767
5797555
1852731
7034441
3075616
2661352
9668636
8231526
7171227
6599922
9784394
11436040
7276976
4491206
13970315
12804056
10496154
9392694
7242313
9314972
7444112
6603739
5198091
4082752
4343263
151099
5166338
5136534
1352341
1059321
3983029
2907583
2004806
4003312
17734280
17645960
14588240
10360236
10238584
8855641
6471653
3707382
708743
4002820
1944190
1521573
19476492
18399857
17076279
14260835
12575601
12323450
8953294
4068409
863823
3958878
16846449
13535783
12182112
126158
796290
1392310
1611407
3847926
3617863
1707520
3408300
4436683
3975356
484023
12207969
8748904
788689
2361067
9199749
9063812
5636421
4701559
2080495
1709226
2059305
12245306
10925738
10842446
9413296
1259760
321327
13784909
11695141
9659718
8443546
8353437
7448644
4195662
5614247
4148106
4469406
4276252
3449306
4857418
1936529
2996065
2803033
1628964
4110199
2328477
103825
3054131
2123997
4395905
164793
4285463
2541747
940156
4342692
5104538
2274482
4264940
6689104
3663188
5296751
5345472
3539391
3309661
299823
1679915
1184974
2737079
3051401
3546601
2421621
4596946
730503
4649365
5112310
4562617
16535407
16346758
12245414
12064703
8122746
2205325
12854020
8322919
7061823
3409945
2538563
3627192
10757752
112706
3075224
1159937
11187822
8334066
4690162
4597472
953274
2136664
123298
1275127
2054111
4819488
20699063
20555622
868312
173653
4835675
2827914
2742815
4128014
3970423
4018054
1681550
1987775
4999587
4155088
3622192
9580244
5468950
6459051
1581946
2515240
1894947
1815437
4005944
4879803
1210206
5001970
3160152
13237
343271
3261732
6799283
5440782
4039887
3960658
1219973
2376503
854169
3805900
3564301
2673224
2018001
5851710
1039160
407825
3892903
4874295
7043105
5415313
2901128
6936029
4169381
2710026
2678700
2684578
651683
5475086
3347763
6320666
2723586
3840447
3155519
3604757
2213495
410970
4086430
5203132
1619112
4335268
2985697
1511375
5639323
7583233
4692259
7196321
2209470
3106403
1707488
4081162
5541096
7727771
4241907
5934652
30919
187240
5161294
20478100
18082144
16097903
14305902
14302995
9533218
8052910
4073603
1159349
1079154
442627
5662750
18413069
15989700
14520771
601208
10695646
8992688
7407353
2328351
2286040
238675
5025238
11554397
8977112
8872475
6971720
6851368
6753848
3269855
1864642
9208652
7278330
5406960
4782689
9165934
9043428
6094563
2774013
2810644
1704239
4910042
2978642
2330953
14299238
9621925
583263
11559220
9589573
1920368
2418386
3742010
2839920
10771585
3754603
3928694
2746785
4350281
3738789
3097695
6824043
5648051
1737965
2583489
2936275
19061
4050828
2236716
4857466
2297297
3267301
446308
1823720
32492
2462808
3051717
5531361
3420566
2079643
1824796
887888
4032807
16849730
15986750
15861696
11554813
9940775
9372921
4884673
805021
2141855
1936368
1933983
39710
3006826
1313511
5582225
5321768
85570
2074100
4834799
3767313
2546997
619540
4202369
4301529
4083275
13472199
13408513
10858680
3844771
1156599
3785751
2733474
633268
2261974
3463999
4760834
1983052
5182910
5628891
4515617
2774263
15286923
15163225
12752980
337010
1794011
13574808
9763521
9651224
6553299
6368904
4368584
2402610
11219
17945705
17209231
15099289
10562657
9152239
6349424
5814154
4432984
4218674
1184389
368851
4617123
5327683
2668835
100938
4678350
3107539
2297331
5073530
2402801
4039038
1317142
2170315
1229134
4805125
5316131
3871322
3850082
3729472
2264035
3173056
1136135
4212142
3466400
3279278
4820230
4649412
3146561
1518330
2056409
850880
4537554
4332109
2490389
5900362
4542647
3416442
9572349
1134614
2963222
2989520
3374805
5531343
4321105
4914248
1339688
1106036
4607288
5052853
2317455
4994649
2188756
3560473
2746954
3509767
2068145
3375221
865171
4459772
3407934
1089439
3739551
3960648
5465903
3284894
686433
4184696
1433592
4151204
4659856
2332306
4307039
3723399
438687
2915418
844871
284122
2130848
494174
2471092
1962935
2688597
3356349
480657
1315099
1219800
5033119
4688811
5203673
2300678
4576803
2799612
1024197
3992230
4278732
2307784
2370794
3008885
3664632
1331253
1910579
836569
4024499
2251036
4776258
2645262
6322313
2395083
3944505
1486372
837026
5114155
5920378
2385194
4737308
2032997
4624113
4966990
3977746
2311122
5551598
5167183
5008460
3510877
1363537
1382988
2106793
3100578
3138862
295054
4816392
3591215
1270813
4286137
938826
3218331
3509659
2794445
5328527
2794779
1024688
3141942
2388372
3037417
2884666
2657774
4303824
1787246
1156709
2531417
3338285
148039
1660321
2473973
4039896
145900
2081941
1318037
2857819
4816271
1682671
3886712
5348046
2549860
2620106
791101
3777367
1595442
4357052
1281737
4873397
1419460
3340522
596854
2534521
991398
3082503
38620
3833743
698576
3065258
13518579
10821668
10712240
8185030
5147924
4983068
13610057
1138888
2711219
4988277
5228905
11755838
1437436
6344390
4722486
2704757
415419
3581584
5848
935946
2462082
5939621
2876199
2387177
1122029
3864860
4014349
2477109
12814162
12640093
6387129
2957432
1799435
2937652
3159896
3100355
962573
4606773
1079192
4832454
2726750
3946938
3626371
1666602
3078163
4539904
1056897
76955
3323141
3169029
4537710
2916271
2102612
3211418
105456
921078
3370574
3235160
1650976
1820789
1890543
5979576
6560030
4095701
4305115
4130292
3620116
2892293
3593520
5372618
7064515
140215
7121558
6298547
533070
12966948
11749640
11589208
10845919
7677894
5991308
6106333
4240094
1329175
13611
2904552
1593353
1455032
5183053
4871971
211375
4697331
3207494
3963352
2391120
3759561
3759292
2443447
2086293
4501037
2358611
6629345
5717500
5259851
899808
3970492
5607423
3345110
3261644
3126735
2630131
5144335
2900023
2655338
1518442
1661828
2752901
4147270
1563985
3973472
2226569
4919855
1164419
12980353
12134129
18631416
6479232
4322490
15138332
24811751
19987037
18384588
10758713
13602739
11394089
4264582
2754916
51821
3456007
4068242
3063838
5333921
3106010
5199645
5526463
4105777
2268640
6340251
3758331
6090783
14207107
882794
4086804
2960508
847633
16187932
16027939
12787146
8727441
84926
15330876
13114825
10901337
9110298
8369042
8241911
5801656
4149978
1658714
317032
1657053
3104375
3947442
5038687
2658169
5039438
6043801
3539704
4915504
4991360
233812
3089622
812908
3707051
1314354
4047802
2623442
22443116
772212
4878581
3691218
3104494
1469094
2972093
615076
5240980
5884835
5855680
2356218
2991140
3127729
1379749
3155849
980622
3218421
3944099
344555
1630607
33321
3603502
214236
6402263
1742804
4761087
2554926
3935002
2488425
3680472
740600
2112700
1996029
2177335
564656
3005535
1344087
3944520
618406
4968008
13012628
5937217
2228897
1342421
5763848
6214516
5150550
5478741
6377405
6372842
1824223
3241129
13933657
13852469
13154046
12055466
9510484
9391717
4165323
4999444
17838750
16016488
13200782
13133702
10904388
10745273
7668120
4877134
1944953
4996274
3903221
2856223
2863871
6966413
5196995
2432574
575535
4395361
3618463
4550007
2507671
4890768
2684142
3138526
1082456
8591555
6991295
6703802
4540321
4447817
12306
3019675
3825880
4084567
1504591
13764418
458932
5044454
12433833
3060643
8599382
7039947
5909369
4219071
2993056
5659701
2484033
1428319
3584093
530715
15601549
13356612
11958125
13176989
11022925
9448086
8846830
5470488
3967382
2392601
3033831
4834421
1479858
2157100
2351017
2290460
3772120
2881542
4987783
6753978
3546127
4347683
450843
2811818
19565681
3694722
18299798
18163299
14915983
13362254
8090086
6915948
5634829
1790011
1998939
920981
5310300
1276228
7553448
4333723
2452918
4403985
3522130
5825695
1030760
140274
1201191
1713213
2755438
4473941
2254850
5233620
1564597
3565353
1384977
4386389
3014853
3564367
3361738
6433495
5034960
1139730
5756330
1283039
2599761
2543684
139282
3929186
709677
3215009
3101008
1502179
4654647
5095105
1466672
3437226
578535
563725
474000
3904172
521054
2733905
8767
4422326
3586522
1523625
3841977
5202885
3774281
1726918
2105748
4168742
2669206
2266811
5464704
5555867
1659013
4933339
3418777
5926097
3261311
1047107
5055453
1183915
5530931
3046391
6424200
8479808
4061585
1684759
2824249
2865075
607560
4809945
4050194
5464522
3570137
1601445
3935747
1655917
5045423
3572846
258374
2915205
1780717
3112735
856269
3445758
991717
2309190
8059034
7911089
4459849
4399610
3682383
5522
4155000
3077207
4874252
6712089
5021759
1253345
2822394
2951771
5979121
5682808
3616939
3951657
152048
728979
4193549
2917279
1068374
3641758
770624
3842494
1090344
1298350
3489944
708182
6339623
5272424
2077482
5046262
1787172
2060414
997948
2858006
4601482
2867404
4631738
5272415
838930
1017073
602240
6526991
3963650
7327170
6441359
6445844
17100158
582116
15273025
11567917
9524677
7590390
6062590
7964502
6129067
3386585
7648587
5249022
6035068
3242903
2298923
3703777
385302
1994175
6302516
5461876
2524197
2723436
4271689
6111780
3589130
5343579
216005
16082930
889253
2438238
12419382
20161234
28302009
3265094
10587211
21981136
5804429
3065879
1073343
4388454
2403949
8267355
12828753
11039783
7573636
6777049
2789359
3478639
31922
360791
7659006
4923473
3043125
5321848
2306258
5999931
3472721
2861008
2935904
4725664
4258348
2960467
3931575
8046652
4583080
796542
3115467
1936175
3968412
4583453
1884774
5535348
1419836
757547
1721735
4299015
1199545
2346774
2008270
5321212
4032880
2881255
252585
935746
5504749
5293329
2666650
3356785
1262049
3423847
5009344
3794848
1405157
11888986
11892461
11529084
9511799
7806389
6533536
4566963
6631960
5062503
5202669
5113134
1959366
2242306
581462
6052157
2785790
7598561
7391790
7365949
2154033
225790
912486
3672510
1760157
3349984
2036681
7709235
6863690
5446863
6535308
5893354
4054676
2564737
6281395
7567339
6203303
3483288
5088330
2889737
1010074
3185823
625890
2792947
908958
3596401
3163356
3010340
5369096
3506034
6523910
9951379
6833816
4546143
4683779
5846310
1169922
398093
2955059
5003685
1219278
1787202
1446808
2114756
1038762
3836208
1673120
4260017
9164551
298831
1043517
11237420
655131
286740
827002
3884485
1211142
3030597
1111350
3542066
812610
3090284
924897
6110504
3584463
1590393
1832836
8328027
5862975
18919519
15019872
14902368
12486034
10317079
7863584
6455612
5558179
3282925
3442436
5134091
2075039
7209773
7163159
6565065
3565679
6329007
3863338
5490433
3197317
1356120
3147921
4037738
3100064
194093
778994
3161897
13893
1407638
1422738
2568717
1649504
4538708
20398908
20130651
15814259
13576182
12227936
10416531
4280848
3480260
4385550
5255340
1349889
9648
596701
3468893
374235
29212
2847518
5335385
23882109
6973330
8119644
6858582
4010214
9459541
3846878
4654916
1440623
2707954
455751
4275331
2449292
17533
147769
4114843
19961927
16673299
16457515
14851639
11845185
9871881
4182708
3996714
773740
2192010
10800
2365864
2971728
2106762
4302255
5633519
3250486
999553
4055303
1483898
3996990
3612577
1554170
7063909
6109556
4788201
2290262
6650164
3597494
4356777
3194984
8988972
6520126
226936
9537569
8998580
5075365
4321684
3087747
6095798
9067771
8251729
4610548
2671522
6075531
3099579
5670655
8605339
4946747
3204231
900559
2468263
2188778
5139696
19454108
21356905
17450700
14389558
8942720
7823366
7889505
4853549
2215719
9116127
5758881
3144118
1654656
2274837
3716750
4402450
2613025
4243912
496269
214287
5067103
4710999
3123751
3685470
4112847
4021165
914951
2530856
2121532
3301189
771285
4814007
5570963
5502376
2596254
3933107
2082730
4150573
2172116
5935444
4336948
7669789
3328465
489709
1563986
2202663
18760988
16708838
16542146
16283479
11962880
5716825
2753629
16272821
14351122
12448247
5526422
18286507
15127784
2007247
12186358
9644324
9299470
8631912
6498004
6400067
3257236
5169040
16300324
14436708
12043623
9197778
136969
14841726
1268562
2543213
2384508
5005614
3873697
3792384
1950342
5250992
3060792
4775765
4599373
4269513
1217703
1790445
3152544
3145782
14447922
259731
11510939
10610965
9049520
7227774
4992519
5898983
4196897
4378236
5308058
4283294
2055520
4591529
4785540
4658316
1923330
3074268
1595234
2258346
3860908
4636037
2105492
5430323
3504284
1572325
4631582
365503
322290
1395764
7145938
8822370
5353515
3661482
692511
4673560
5162498
1396526
3816738
5819514
2669565
4928764
946484
3318753
4258578
5471697
5714035
6181571
2675351
2402100
4424287
3269677
1324636
1350487
2023376
5621171
4931084
3893877
2169271
2027206
2148311
5271577
4098363
7131471
5120753
3500314
5317472
3386986
5701458
3901819
6814534
6422589
3128339
3692374
1876104
3643177
2438611
7592578
5097325
284453
2739278
1937760
14917924
12571813
8937904
4998694
13572124
13468416
57039
2735519
6886137
7518360
5409438
5503896
4777619
14294225
7568725
137758
1473587
6315867
4030400
5576762
4456202
8042487
5353746
4238581
2015060
4389780
4209588
3495097
3667493
5382736
2875955
4608214
6111576
3881525
5276781
5164122
2611400
5551087
13272967
3483844
14874763
94952
9460
20809072
19363958
17823237
16829559
13369940
9739873
7069999
2540620
308466
3905774
3864001
17285091
2807350
15651809
14518282
10594408
9302426
7838182
8995822
6648966
7188827
3344013
6385985
4554986
3790287
5283868
5014812
21343234
635300
21613628
20360853
16952548
13935365
11126423
2718000
519456
1659859
15247220
12628908
10645427
10413904
8882621
8717817
5092984
2992045
2005919
5083988
2848997
4108998
5316547
5192373
1211890
2756553
2344365
4235585
694114
16994209
16459946
16457711
13797578
10144543
7546410
7596454
4407768
270710
5116663
6348212
5794390
1787182
7159227
11616621
9172515
6816256
5156007
4971095
2000717
3005295
957114
2859068
2430170
4147129
3545530
5075073
4132832
1332006
1318962
4941888
3819873
3509367
17051864
3815132
2438933
3763776
1135188
3258139
2226329
1730952
2362751
4239661
30910
6965419
6874417
4956054
5075194
2741313
3965545
5004192
2162836
575945
4450222
4175998
2831100
4352164
4141439
7466076
6600410
2383507
3383610
6117729
571406
6998473
6631860
6557815
2838795
2937127
3104981
2428841
255068
3553495
1525242
4785739
3417587
5594489
3076500
5948411
3972280
5235552
5145092
5130778
1093580
2290154
2079775
3801597
897915
8274240
20716863
20392448
4287427
3439873
9842988
624918
3025483
3715766
1274417
6650136
3018430
1286066
3190630
2278329
3105056
2848873
2934829
4644545
191723
583279
3765056
3432676
2928714
19040568
17943914
18984007
15679327
13919067
7996270
8123622
5480116
3209037
1617859
6597933
4788183
2511944
5513950
3710790
2982397
5835378
3255960
4831212
17774061
15147877
13050729
10253535
4601679
15087223
13506016
13313478
10971576
6640725
6522329
4157318
4613447
2972248
1579057
7033843
6376797
4494512
18110115
18226642
1482426
15727381
4124932
6126516
8499111
1822800
7166063
5620421
4720053
1958102
1908999
3726051
933471
935695
2867485
2249842
3660208
4735904
843581
2231429
11814265
9026
13352452
11391749
9913896
5617939
5280020
5112829
2055339
1855876
3821474
4919013
2733981
2786398
2168070
16998184
13707454
3673659
217964
963538
4568773
3351127
1747945
5803980
22879315
2902160
13516673
11905864
9283193
7488874
6281001
7185428
4342911
4899674
10971717
11086650
9369978
8547644
5624841
5497753
21086520
2683727
1229354
20120925
20206090
17865973
552631
5178383
3401145
559828
19353620
18073652
15717077
14449371
12992450
861004
16610209
544403
2419362
2564667
6695
1956324
26148281
26033518
23887618
238638
2179433
23170931
15223801
12802657
3847331
3754918
1192178
1113701
1914173
4164890
16734406
850484
2939821
20911991
21028307
920830
20491826
18564733
16463558
14137905
11042674
10939922
7140876
4817991
3364170
865780
6562429
6326807
4009694
5705069
2330860
583821
2947213
3243467
276924
4143627
7080847
7901340
3688259
4006656
1178735
4440252
5647455
4826926
2360334
4371520
6479369
6184274
3002648
4620163
4373483
3570693
3493664
5372518
3524155
1549467
4936464
3187726
5452050
5956051
5233936
5054465
1441654
1718032
3305458
2752045
2688127
1920717
4648187
5954875
3497512
1530177
1103782
554281
3231300
4425991
3146762
6828633
4871202
1683077
3969469
4918983
4003317
2597505
6191673
6827432
1940288
645110
4549819
3227298
3318628
2669063
434709
3228613
14615904
2404032
6057298
15295126
2639989
6312044
7554128
14329747
14410315
13524116
12506570
11007356
9069572
8121725
7378998
7300223
5391775
726522
1947246
4277124
5424050
2841026
1207737
1959428
1030874
779936
2797681
4415917
1666867
3521742
1284926
3152635
3175647
6483518
7061445
5697056
4312807
5200496
3652360
4537862
804280
60859
2232172
2054718
4554012
6039425
3554736
7057022
4852796
475015
7643376
2362620
774342
5782043
4540339
4219363
11287
2794895
2496366
4279813
4981854
2543523
891424
5421651
4958301
3941678
2543929
4887357
4839647
4356877
1213437
3694857
2442585
4630335
2500614
4766389
91521
1820041
5671621
5332406
837549
3009871
2996543
2593270
548606
3815741
2996204
2438058
88294
4159434
5812646
11461200
7997396
8093289
6611566
6497777
6939540
4806111
3796523
2827259
3822867
877850
1393279
5064688
1804537
9287
564349
1802667
4183819
4021764
16640
2648256
2125562
3862003
2954153
2742646
36616
4453702
3697830
5911408
2374177
2648791
979901
4415248
5741935
5026439
2104357
5361772
1620683
542981
3855910
7043933
6761123
4183629
34328
1392358
8294
1253077
3820371
2546557
5397233
1987447
4554746
4445204
1175520
3224043
3877929
4777849
4603186
3394438
1842066
2672025
3516440
1751062
2385773
6169593
7523158
6394945
3214681
4313248
1868786
5824356
3125086
3918335
963356
2796217
2231755
17183997
14219198
13284269
10081937
5284243
5317907
4397065
3460285
4806908
2381906
3448109
526872
2780488
3877230
3901144
751909
5017177
2895713
4796179
4646167
3037927
1713747
1401572
1476502
5076649
3292300
1469705
2584588
537730
3059023
1810615
3938457
3853780
850612
460531
3205921
1899074
4476589
4912836
1076394
3533978
3117845
5251079
1061651
4729521
4488614
3472266
4354412
5245634
3407383
5699848
9491523
5595237
5647611
4748671
2236965
5055373
4977538
3042604
3037407
2674415
1094096
4090438
5028663
4234928
2650303
1386706
1245495
4024011
1814964
4007849
3547499
3518342
16562387
2011706
16683473
14514207
9818629
8799344
5242434
5956910
919308
5075337
17399816
425845
5328445
5217511
1294863
4636940
2843711
5830
1801118
783487
3551361
3887252
5415263
5176158
952567
5930538
1658589
2859241
4130059
2264889
2298778
3873584
10096
427248
4118128
4178400
2884127
2155439
1148149
5493662
4372526
2100656
9127071
2337659
7006434
5538900
170768
7522477
1816982
554135
3763844
2826248
4150466
4206902
152097
2594443
827944
1210447
35493
2540788
2205202
822463
6853317
6188373
1086
2481980
6605515
6595833
4859060
4205412
624044
3057767
1938908
5674749
4000636
2717937
977389
2915612
3324416
2245235
4039550
1346046
3557722
3372628
3231903
4850230
2062388
5321702
3484631
2745033
4261030
3881851
2537138
3322771
3655069
6419432
5466890
5434541
1668670
4208688
4015464
4775269
1082524
3763117
1070781
3982564
1950194
6023229
5003608
4702298
1306025
3332707
1941915
6834511
5886218
2825064
5139038
6882285
15246796
15100921
10541590
8868209
6162982
6888666
6890384
6333503
3950224
3836327
3106832
1218532
3098193
3925260
1140226
5115899
4318836
5405401
3331503
514302
3482863
4318927
992626
4095750
4012064
3863133
9345
1285128
3715018
4528071
3063074
1699073
3545185
4156556
1398603
6656484
3864733
3241618
3337930
3592073
1139595
3051164
11760054
2451294
123429
16963747
2348194
12934725
8658504
6741893
16706292
1877296
13986173
13281753
11489852
6173468
5227603
5151294
2647614
4458842
841219
5215878
2056532
4773587
2298613
4257945
2344530
3177271
663255
3448280
4105078
1992119
3498014
5226126
2282918
3083360
2332510
104725
3956449
4823476
1864917
2154238
183790
3217361
1317129
4397450
4386617
3385415
9454
2187314
31750
1470797
2185984
5517936
4838073
4193241
3766373
7658340
3125453
5172176
9875827
8420086
5581410
4881622
664532
4761063
2525885
1767722
3106500
3667995
1233554
4472466
2335738
6245032
3565007
2118806
3890011
4011595
3671013
267528
1602518
5208475
15327560
3756046
11771672
11053400
8060552
7852472
4448092
6061670
2322994
2881186
1590781
4978673
2541569
3983549
4693620
4774846
1633622
3704329
13364471
12073447
9549740
7916859
7053809
6962298
3907590
4444733
431317
4119235
1319848
2074912
261521
3487820
1713207
5956979
2721162
6322900
5584316
499031
2216401
9570122
17374806
6491060
11612518
9726101
26982
1589526
15696677
15617121
7934925
2608850
16675399
14395430
13676963
10633818
4549877
11823008
6083591
6226406
11053484
8448507
7943616
982013
2646484
10455588
9341598
1766810
5971092
1790352
4408207
2869673
743485
4195944
450263
1994575
5742750
4890597
3005137
5281138
2498118
3958182
552171
211804
4202490
3674170
3365577
7131678
3870133
2482979
8196889
5605494
4146773
5281769
1564029
1038916
3453635
4969722
2450134
3857870
1134776
3553827
2709516
4841361
4601391
4511938
1444068
2425443
304862
2860441
160807
7633755
5102407
4962549
16157
2255435
1012511
4754981
1208871
3107376
22233946
3604109
16968271
14841397
12520514
9796300
6304181
5041401
3746891
3537133
192961
2783105
1367910
6154605
2635108
4240791
1107542
3513582
2262971
2256135
1157633
5464850
5405374
4476104
4031650
1115153
2428370
2944781
10803335
9685356
8251007
9688736
6447668
6670783
4240355
9190647
7954965
2392970
31163140
29984653
28879433
34760729
11807899
7565922
3380324
4948933
2678075
4285037
6064569
5956745
3358727
99783
4150739
4906738
2399465
2413345
1810863
4841193
1372643
4518453
1764845
2443483
5197421
4335956
1694768
5935084
6387894
4018834
3070337
4026258
3556201
3197157
2239307
4417004
511303
3702737
2900058
264130
3397533
4211297
5500006
5374502
1483203
3190491
1268662
4395641
3213704
6144912
2261526
6246133
4173481
3544696
2918932
155477
1666558
1769583
5249844
7782624
5152214
3981022
5436038
1353291
4602586
4314720
4104423
8756260
3850830
1229315
4339121
4826805
2244624
5792614
18557815
18922765
14893225
12023864
10896622
10747941
2879943
692062
3425509
4429289
17862639
213238
668785
18874924
16705954
5727809
1239583
4680319
179282
1436475
105042
1127221
3319089
2152717
1956230
2590572
1667763
334310
3191738
1367759
22325985
19871910
17422317
17237861
13551283
11024652
8981555
5338939
3367147
2761706
7037704
6915662
51863
3360546
5702920
2372441
3150154
7050177
4595038
4518803
1236205
302949
6702293
3539998
4918062
2576409
5608879
6267904
1743049
2886551
2090998
189617
3003992
4779991
14205
1897917
28669
628790
3139448
2136959
3394432
2679225
862198
4328806
2719753
731532
6683976
2220085
3264112
1896272
4881729
6383895
3805908
2922568
5256045
3847862
4033946
1470668
3934070
4680817
3915897
367474
3452775
2521011
4041549
2840219
5772388
7799138
5859246
2528331
157988
2520076
2033296
5088060
6611936
6530587
3211746
442800
3545758
3174128
1187933
4453530
2454545
7730127
7461720
4169614
6035946
6495075
2260659
4245146
3664030
7340931
17857744
15556170
14976020
14249679
10789981
7469489
5274294
4197465
1280705
2589225
1418177
4135050
1398835
5657436
5656373
6872464
3565509
1961084
623639
3926376
4699809
5596860
3074842
3612621
370276
2115599
4415455
4562022
2700235
4856912
2880741
6255676
9584871
3645062
4016652
2182246
4470852
4260285
5906072
4792627
3016282
3730182
3109146
6295079
10382249
1791986
3803299
5060181
2576157
589157
156735
2310991
525217
2895477
3746602
5084428
992355
2157315
6320263
6143765
2230475
7827171
16087961
7554250
15030735
13389094
7689836
5853691
4159086
5391507
6269308
6212227
2849047
5160312
4621353
3603341
898109
4979855
6039612
5939916
2647712
2517139
767734
2907503
448713
5741119
3674959
4993685
65541
1522933
362786
2353507
1777919
722547
4731048
5616248
3025602
2269983
4378866
3848933
6275919
6059267
3564064
4199304
1516410
3210764
4152030
4353971
2290102
4593716
531244
3457205
2947910
155125
1799114
6211816
4888103
29280
469272
4890220
12806426
1990940
21042107
18957636
15584321
13609392
10199702
9908295
6532460
5176091
1445273
622132
2428884
2164861
7022878
6924110
5381824
4720521
504321
3523245
1398095
2915107
2427318
2731547
4612512
3469900
2839881
4493554
3811523
1272714
5860933
7019571
4930024
2179160
281760
4709741
5825015
2912890
2084599
6620492
8057510
2870639
3516168
2340678
3907850
2209462
940580
4886346
435930
1012347
3434308
1307799
2041925
5941068
1061299
3950275
502884
1538062
4169379
1575574
1764568
366548
514407
4794066
154465
1378985
7188525
7298200
6134050
3419819
3686140
4616937
2025748
3562300
4870236
4705733
3308840
5017005
3547277
3684217
14925736
10760753
9695572
7162675
5948839
3915987
1368054
342808
3848724
1428190
5872249
3572419
1624919
3642112
5991828
5618010
14766352
2087043
13351509
10989157
9076373
7251207
4444622
13468360
3512404
2809868
2236179
3180063
2219444
3463571
3116326
3170661
1137096
2631921
2659199
542993
3756095
3142465
5403163
6626488
1501406
2016014
5842182
5769741
4925979
17247337
1226156
19423680
14407449
11044353
9209954
8324353
4957744
6078234
3982945
3862148
1480104
3369882
1151756
2319212
17591023
15333225
17497465
17401593
13150276
7861647
6503740
4000094
1942414
3860506
3842194
4771875
2011027
2464359
4271275
5902092
5118030
3400239
1687402
4921111
12697188
2356359
4346859
14295287
14227126
12519837
10572798
10347341
8288810
4154594
4070534
3181685
1894214
5392658
2417686
3536278
66683
240525
4332131
2200438
4690892
3560396
4780418
5901919
2172202
65593
6314667
4699802
914012
474106
4355319
5153141
1437883
4400890
5739502
5238932
6845895
6274830
7221665
7042113
9539364
7790278
6052505
4489793
3491373
4092190
2568594
10335706
3119908
3692577
5082985
3030089
5037809
2814115
4346620
8107736
2377116
2656675
3358831
4804127
5031439
3568356
1644612
4854638
3663190
34956
1152420
4956499
6681984
5139770
3541894
5501198
1365108
3296234
3249919
751386
5350623
4326167
158553
3874279
411116
2274108
1114340
2175093
994285
3426994
468195
3886168
1726448
128725
3845461
1011342
13143343
12426632
11331404
15724815
9885307
8917670
7951610
5995943
3479536
5945106
4358268
5731293
1175264
1765401
4631884
4397270
88171
1070982
2163070
3997746
1715351
315740
2184606
3274310
18578017
16494184
13026175
12835919
8783245
3992
6244761
28229247
17788003
19218966
15435957
15247781
11730534
9531902
6123951
4858878
2753194
7622954
2902881
5426732
2342091
2544290
1728350
820577
2506562
10633
846613
4352606
313762
12080
1475610
3168460
3206954
1819189
2766584
3984580
1885762
2006986
10365644
9892506
8885406
6128680
3217066
3838186
4029455
3239107
2550039
2646587
2299337
2725651
3836521
5212871
3369943
5019762
3512895
6673472
5243915
6174183
6484437
3420446
800252
4213242
22710554
20664282
1251776
4453694
15958422
15741921
13090234
4897113
22768113
19420485
19242673
17742166
14099326
13997571
9520703
4771910
4217215
5657781
1839107
3346024
2787436
2674213
806060
3610541
545651
2015228
3152945
4423053
22274986
22192870
19391175
17790480
11931383
20268281
19886975
4352257
1656419
3659141
1163682
191481
4557717
4680075
2798346
4989677
5144370
5139043
1843948
1710696
1572393
3982658
2649971
4119150
15453147
5329049
15659212
691565
15232611
13754974
11966158
7518247
5035752
10582565
2504941
4254676
4683859
1043253
5846482
3732877
1421028
4271328
823818
362449
5241365
4544303
5068678
3040556
5485173
5278215
3400781
220820
24082722
21588809
18897292
16789815
10304155
10182026
6026082
5268016
11519557
4172060
4987426
4438752
3000281
6572071
2160878
3531931
11940245
7499739
4515700
3372586
3475548
4726740
7980378
7062337
17858886
8079550
13360762
12440029
11581441
11393840
7961243
6985750
4266314
2084108
4777534
4605184
4529221
4570471
1209894
1326631
3906027
2408523
2782092
1786537
4337924
4860261
3321117
3959658
3837196
3718384
2810630
4123479
2956680
5152967
2860021
1049077
1543889
2740455
810787
2894418
3838912
3737410
14197914
5780572
4786617
4199978
3205007
4070390
2466845
5730854
1785348
4684996
6669597
6091216
6512174
4990333
794882
6698698
3363100
5154666
3924198
17550883
14768200
13476958
12324099
12209196
7034038
7425202
17375309
6093358
3425391
6773753
5842835
5547927
1080687
4941816
13840276
13920913
11820628
160169
1924485
6625970
15200703
4487081
13199900
11381370
9446160
7178436
8246295
8001466
5584287
4395389
2217515
3788905
2005820
6030732
5808922
5693798
183964
7132742
5968844
4853840
5265894
3612542
1698643
3079363
83073
1692828
1832331
2559185
1318292
6014430
4920466
4867878
15137854
226649
6153197
4651073
2293973
5613567
29717
3661084
5882288
1119816
490725
1648578
21366923
19587200
15542535
15161856
12406724
7725103
5410611
3630812
335023
862021
745089
9163563
1057263
3065731
14449250
12457180
9896992
7804119
5863027
6609551
5686396
2029384
5243775
5104104
3936062
4508549
4142951
6491342
4784378
2297633
3157843
4033185
41624
2039481
1013873
5425478
4493715
3841029
6668454
4803089
3342368
3072335
3305718
4285430
2615483
1612808
3330939
1351836
4019794
1209929
1206736
2768677
495936
3002968
426508
3097628
1025590
1010398
3369029
3254709
657362
294855
3637664
1927839
5372797
3359786
1175780
3260007
2844289
998888
1835325
957485
3129697
3592796
2632324
16051524
13043675
128783
569746
2548919
5504087
4059857
1412783
6207771
2935896
3554901
2508986
2048111
1353317
2937569
3079071
3057829
135978
894672
1111698
4803177
5807128
3556258
16589820
16583982
14689803
12145243
11002350
9444991
7316599
8171949
8095054
8040737
3388820
3355451
1706080
763415
3683420
4902244
955993
8169321
6897620
348255
7184812
6502430
483852
3150692
823662
3907397
6232347
345031
5296873
5601012
4061206
5647751
5732717
6179853
3700245
2075589
5408674
3844412
1471760
1682262
5266889
6841130
2446840
1792211
1159254
2418831
2064966
4487959
4925200
4837512
2788571
2155131
2161021
3923368
1131113
2825683
1175256
4019387
1900128
2809031
2091241
4752618
3576273
682102
19403034
19357482
15788496
4244664
20307555
19069279
17356743
14145247
11022121
10878030
6577789
4166771
354423
4790300
5415102
3361082
135494
2357662
4183143
539187
4828268
2944379
1301252
2823588
3937453
6974128
5013402
2326819
427888
4662553
1267521
5690724
4532820
10041833
6032988
472061
7052617
3580436
3505561
1750815
1293048
2126668
4835012
6064389
4724148
3916052
3034169
3946197
4229276
4957651
1997636
4394391
2392759
4903193
4715551
5026511
3719720
3756905
11503154
5879449
4509610
5091733
1771407
1999382
720842
4829670
3947190
1356041
7822500
4393940
2020544
5165513
3908361
8066531
4759995
4997579
3503723
1951817
5996757
4658422
4048034
15026017
12526202
355960
10077605
6581327
3893513
1799461
497745
9744898
5150214
1698289
8477290
9332954
6442711
5747136
1146984
2651648
2745598
4262160
2664448
6028553
16555772
16361736
14166156
14017849
10670716
8158422
6375033
4263171
5172736
1823778
3162047
4384755
2147387
3227354
3348655
3772742
5649726
4285569
1630944
3177848
1279607
3481918
2502640
301249
1487814
2711213
160440
22223379
19235629
537865
23429588
18970171
15591231
14501977
11073182
11008080
7949156
5255795
25568156
924331
158607
1763145
26279865
26196984
20408875
1871479
702926
4711830
3016080
4752321
2657874
4582207
1404677
4094116
758724
2941256
24621488
22538937
20456571
20371690
17413846
15366689
10935833
8338491
6097503
5636251
1703926
2657824
30747
4352076
3923089
17660263
15871875
14438428
10468879
10365302
7349816
6656056
5723434
2694371
3427529
2051810
2693277
7936348
7566789
6245697
2845558
4023040
158894
2250999
3119367
3820251
5374554
2675632
2540295
3588384
3176970
6004779
1078984
3380870
5316231
2401970
644139
3782652
3241307
3254487
2345354
2838678
2091948
1438677
4889110
3680148
6807187
5779475
4135640
5619240
2656752
878107
4714536
4651847
1969373
6605470
5297598
4403645
2839388
176519
1543088
3976306
296660
819003
4631300
6567694
2957645
4028683
1346996
3816573
1504409
5242226
3519718
6311680
3942170
2273675
4047968
2851864
16179587
15608711
11839446
11529760
8082691
6457424
4924522
2932649
1097286
4561301
5423128
7092564
2678963
4580524
2703787
5667306
4713782
1577432
4614101
5511206
4765741
2882801
4959913
4508444
4211437
4251965
4772604
4654894
1415392
4405678
3854999
2929041
2967963
5924015
2870430
6369278
2753986
1467028
33323
3469837
2333193
7027895
4442139
5968059
20942391
4731659
20295410
19294931
67039
3162143
465276
27759790
23497373
20431465
16910325
15223784
11167471
7235777
4509866
4403659
3314575
4930818
5283656
3380024
2699002
4239067
4563053
4959660
2561672
5295539
14513991
12535614
10862953
9546869
7612034
8474472
6118641
3556127
1691292
4926283
5419109
3180691
2781352
5096075
3842848
1551969
1354607
5537038
6636539
6551600
5776762
6689307
5065191
2371854
2967015
4017755
2735851
5621032
2994347
6143987
3434474
191699
216758
3040911
3393171
3151038
5259532
6120929
2552879
5625811
1567564
2100955
1207851
2755912
6973567
8668372
5950469
2686165
1608485
5374468
2565120
7244242
2947537
5863355
2936615
813823
1716836
1604364
7217561
5967568
3705925
6156651
3748281
2374045
1218215
5293018
2016019
2649999
2798180
3531492
951019
2250518
2729767
5222559
1111028
2099462
2236889
4367262
1647642
2049518
2099176
5129398
1298585
4482678
1008264
4193653
2961383
1697260
3933941
4813443
3976087
4242647
4334162
5529780
4639374
2236728
1389816
2502177
3026302
5500958
4516226
4398093
343881
2045303
2279356
3416766
206480
1903004
1128084
4373338
2815493
410437
114962
4079414
1239307
3327387
3052689
4547864
861254
4384369
1383210
2154603
595064
5188852
4941018
4790775
2449061
5856221
1485464
4448039
3535442
1164089
4395326
4347137
1198029
1311424
5107652
4537402
1849221
2578279
3563947
6643399
5636522
2643622
4928820
5376780
842415
1312957
3539130
5224154
704567
124920
1424186
3270749
3701520
5802790
2757793
5952894
4689235
2410553
7360549
2892843
1279967
186922
7586006
8233953
5907082
4234903
13059083
10516857
426135
1291932
15674048
15566138
14722366
13476190
7944639
10181772
6867103
4926604
275798
5365443
3525157
1771449
2756466
52131
1648698
5348945
5638977
5537228
8232
1550797
973129
5209443
14581345
12183299
11316435
11124624
1449953
2218306
117224
37360
3855442
15724337
11526980
11347779
14626164
12617890
9051293
4767829
3798878
3204978
3100398
1925396
40728
3119830
2654477
2600311
4150661
5030348
2537991
4537235
3580190
2191623
3865018
4071423
3545954
1813348
2525573
4518625
2362662
4083049
3165979
5114842
5256944
4418665
2081813
3354813
1949442
1797602
3934491
3803924
1236826
4910
5527273
6805976
3073700
2047714
4184130
2425101
932796
1238126
1924125
4819312
4107424
2281131
1825195
5532647
3611959
4256647
22342223
1550906
894904
2165953
420160
4631997
2370462
5894003
4548866
5665923
21807286
19275265
16021165
13518436
9796430
7508926
6277793
6191975
1104383
1908784
1275087
4489055
3979424
2962742
2629534
5402941
3934155
2478916
2574848
2263224
3247845
1548262
1237855
3247546
1577998
2077249
1366005
4442346
3254285
1204700
4554646
5856111
3894648
281004
1820858
2233724
5237485
2898314
2713327
4366657
1551985
1266986
4821463
6977591
4546786
4600421
1754425
2046601
516007
976653
4793357
3621084
88951
287321
4510829
6240287
2832425
3661005
3330095
2391121
3279980
13709873
11178904
11096132
8368058
87375
5419881
3683193
1395216
18689262
23784641
23701800
18687785
14153410
11348136
8808851
4613380
900014
4464646
6783634
4480722
3137283
987324
4343306
1621274
376894
3881200
3487829
3824411
1323794
1675733
5762788
5659431
4610809
2117684
3049241
7449299
4140952
4052541
1779162
3663998
3483460
5054432
6824317
11225020
1191368
5731797
3399556
13201202
12423540
8335204
1133960
6199166
469946
1541875
3390442
8482027
7202701
5596238
7111126
14290902
6429
2086960
1565570
230909
5491497
4367423
4410040
2222141
5386833
2789512
1365485
3810225
4654548
4223729
6801050
1796287
95038
8979010
7943429
2386412
8677882
5165262
5101068
2394922
420916
4953713
6295062
4692770
5098956
3519087
4686931
4805103
2979554
3965626
5988979
5925737
4024817
2701229
4166695
2697072
4568461
1975367
221936
2217899
2072827
1659578
6012067
5248472
2905928
4528822
3478171
1664765
4963198
5313678
6029743
20288408
477944
17958948
16443592
13885171
12120791
6037360
5863878
4120781
1773651
18632201
14276694
11084538
11171077
9580974
9431088
6131536
3801771
230760
4357407
3153363
3812541
4528132
5469720
2828056
2810866
5868560
16401192
14164764
12685900
11804185
11680489
9583605
7585222
5438582
3595518
5592253
4606454
5085693
5065460
1069763
4149448
3060057
3337711
1527077
5046041
3776852
6625528
2694873
5630128
3185119
5536792
6051634
4473578
4533202
4425358
3812675
3108366
7382082
5754397
5455446
3717404
3594800
5447395
1364662
5174448
3255644
3505431
5140832
3523836
2448031
7772778
5055035
3593616
6825921
7148491
5687526
4745032
4091760
6332912
3574126
1781400
4417840
4743472
4000853
2932870
5378342
5375767
1328066
6402906
5772865
932763
5106812
5847312
6239989
5893337
2067556
4428635
3750
1071617
1955956
7413883
16535098
16311200
12903336
7520410
10930588
4286313
1931689
5983747
4075755
5699915
12835029
1702602
6112720
12276791
10265104
970522
5255080
5972154
4430830
6119108
5754273
4777823
4734383
4388627
3083981
4833528
986140
2178995
1964288
3431784
8690129
7884725
1456452
3453083
1497772
3307669
1953718
855455
1277257
2214760
887797
3449753
1927209
627152
4482063
3224252
5436751
4098213
2361435
5200682
1123456
2175458
2048662
3139436
803332
5525433
3615837
5244809
521955
704392
2437423
2776098
1210757
1339448
4361527
5147058
2787478
1670360
5265594
6182217
5069606
2556810
2183822
5118010
2265170
3610710
494587
4444255
1208641
1264859
293956
291453
717553
1706564
1576746
6869666
5710401
5983204
2709983
4483379
2904734
1993519
3586909
3099128
2244355
3128661
509970
6827150
3642442
1077202
3129774
2298444
6049
5114710
3535058
3436455
647117
584217
1852868
2881868
2006662
3378474
5818
4930423
4948501
517530
779768
2610232
3078433
1986656
498125
4844404
1892062
4470287
2392066
170235
9415
4674444
4028181
4054427
443543
808135
1394746
1309113
3972410
2833073
4426855
6327312
2986298
5714067
5228842
15299905
11676911
10576447
9753120
9612914
7684292
2911740
15480903
13440290
12188502
10268402
9626063
9499162
5880718
2916212
1382548
1523426
2457843
2053580
327143
4551467
230624
1041338
1576161
3720392
8474624
6812966
1191383
15465677
13783820
4508192
1917973
1499087
3928685
3707702
1609681
7416779
3332351
3947430
4161970
2704192
4638225
15061539
34664
26335002
22216261
7500421
36308002
34696277
22341168
19565255
15733518
15668155
12695952
7426405
6770122
7055851
4843729
6065554
4620635
4516512
1498851
3622477
3416612
755507
5103484
4993893
2536253
5626522
3047486
1745620
635454
1631219
5862838
3580602
3996569
7530678
7440215
6173318
3161129
4273542
2691297
5343491
5596061
5436581
14202158
420919
16182896
13521930
10794269
9904605
4156908
5938597
2557623
404883
122618
2973125
2102791
3434452
628385
5195376
3099786
1122245
4572692
2307201
4369832
7836153
4948576
5800993
3599692
2349180
4779163
6074593
6976757
4023564
621139
10111702
6640621
1081170
5976592
3385058
2569860
155569
4883269
6143775
18121264
13783148
13625018
11556351
9003844
6550005
6326612
6142792
1912975
5575563
2222109
7168118
3925147
4447310
1462083
3679763
1406740
3072288
2981365
6729700
22461690
22580582
17697831
19430289
15942735
13610922
11945116
6594496
4485496
5991819
4035456
3919733
1800841
4619637
5269548
4465646
5519091
4147448
4602984
5677628
3415103
6277577
2936262
732178
5575092
2987476
5107045
5340979
3721195
6234137
4330231
4263233
300633
8112
1329823
7576505
3300464
3285750
3442595
5455949
3562803
6753095
14061064
13783820
11259854
9483776
7253736
5659981
4081810
6683498
14703614
14595462
10721606
1648944
1838634
2680979
114959
5510036
4980162
4788007
15598
59342
2157190
1049529
2088605
6053665
5391552
6482770
2552062
1658521
2478870
1420895
4352921
3054875
16808989
16661237
13515097
271710
14654864
10939684
11196103
5945504
2317679
3618400
795324
4514067
22854262
1206396
21364115
21182287
17415571
17234172
11080523
3796767
22530222
20361111
17348659
15474552
10335530
10228055
6400937
3106936
21366321
18780761
15493198
13539568
11826241
11711872
5994602
4674552
2160465
2609627
2436511
5395298
5705514
5461538
1803493
2391807
2102456
4559499
5706010
4398419
2414398
2226839
2112078
6740156
5182645
3344126
4759527
2570265
898890
5366564
2620445
1317840
4422780
3033629
1771616
4673262
15662
2171025
1008094
2707351
3404757
4258550
1698504
536402
2656796
3205756
883446
11890
2101768
2302673
3181323
2410306
5577935
6332038
1695838
8635321
6825001
4357614
4395999
2807941
1943388
5103760
3836434
2588225
5064727
5620444
4226243
3690987
746916
4941165
17041883
2694445
369448
5872704
4550721
2766137
2182300
2896737
968544
3104490
5159187
3531503
1724688
3648717
3296074
3179107
1879467
2968379
7220193
5677503
12029117
10506065
9193053
8932250
6945927
5419906
926295
3763943
5803768
4225286
4143948
4062029
295340
1193917
2437325
1790876
2062350
4699092
3463483
6539077
19722672
4400057
1440516
2587398
1007648
21309222
19090108
18995558
14866016
11170470
9236480
7029548
8766989
5159833
5030370
2287880
494402
5716170
14446704
13731335
12220644
10145743
3374775
3124186
2620138
3365113
2817418
19705192
17986386
15590978
13476249
13227137
10280741
7542595
5223395
5396843
765080
9111592
7646976
7411463
4328751
3083261
3784222
1292301
4290517
2517307
1786422
5435898
3374499
5987082
5650000
3431211
6087427
3940734
1348361
5336261
1546120
2088973
1260115
1936238
4813434
2628393
2576987
3310144
76601
2235244
2857943
2763556
3712161
6468511
4441335
4994858
2499723
4833251
7772478
5260744
5595521
4833934
3796463
6083784
4139564
1567692
1749718
910431
4423970
678339
1543620
2078423
1107950
1720597
1121302
4663941
4265662
2477267
3431223
4437900
1403282
4804251
4226197
632398
5179593
3690634
4175476
4820716
1602628
527964
5136870
1110575
4162043
3618719
1765172
6619310
12679224
690024
344435
9543669
7197391
17392150
11864869
11684305
4922242
5402529
7604044
198159
4169354
2717341
3136870
9892444
5888554
6963455
15075754
14983897
13254915
11627047
6802401
7971192
2693610
6033603
4250622
832297
3685441
5478627
16939406
16858597
14490164
1941876
6655
19587462
17568811
15623738
12639535
66576
331032
820861
4818883
5964212
3541552
6011776
6672800
6537995
17483579
1717864
4584687
17114336
15322474
14251340
30633
3961292
13337906
11798628
9423710
4832976
4725663
3725273
568501
6110676
2701884
6953222
6318979
2835716
6572533
5283461
4843866
5848342
4016383
4373991
22346159
18022851
16039193
14703207
8795367
10974212
6443456
4817901
16107012
12726329
8598781
6065522
7701190
7638364
3432253
4713327
4546105
17466908
11736681
11544229
11307574
11144666
6979593
6985395
4654088
3477156
4818575
3240416
5575047
5388317
2590246
1818412
1701001
4418948
3801308
406682
2913222
3349762
2933581
3465325
3820582
4262121
4646813
2146861
947704
4903768
3044002
1941318
4379068
5120880
5693950
3596775
4802553
4195336
6005
1591716
5067635
4169677
337848
5371905
6322384
6243965
2274021
438117
7293117
9175
1003139
1001503
4721245
723982
2746503
313992
3087376
3934703
8077696
6507171
2212020
5595398
3765392
2371544
1986012
3705974
11513377
1998249
2845358
5330375
3491669
1683267
2511166
2606685
2529801
5649094
3772598
3905589
66180
2233321
6533667
12177171
5141975
3932790
4500103
6033681
3724547
5987402
2675662
3926903
2719388
6977681
3793879
5719654
2499271
1497846
655899
3427033
3606865
2602309
2403789
4846276
3331849
4748287
17462448
1946086
18916423
17901207
15931413
15775071
12293588
10944966
7769500
6802803
5796853
4688613
986954
4766427
1723019
1336696
2529132
1964421
5050976
3475747
1434898
4384691
1534343
1058429
7185863
8012251
8009538
2313756
3191814
4810860
1775734
2928796
1052230
5243894
3749115
5562734
2820216
6274345
4671391
3241608
1013928
4687288
3696338
2353479
5396762
5190520
2780002
531199
2631438
2636051
3332493
5280165
3738077
6610992
2844993
2759199
9847803
651664
2680052
2188908
2739294
3733738
3244857
1825773
11154179
6747219
5816669
6084331
4495498
6894371
3623071
576617
6928236
6205615
6869635
3182262
3784256
5003043
13497
195137
141970
3634942
2648144
1827881
4423262
6217123
3923323
3184941
505756
1703314
4739183
5262386
3789564
3699469
1239778
5519550
2223954
4768192
4854555
14041102
14697653
14424359
12075139
7607378
5526781
5575316
4992059
3657083
2555453
4488259
3208971
4478128
19824222
17724674
14835580
10856735
9860973
9789996
7430862
3911029
21260810
18377427
93706
16741153
261956
6193514
4473925
2204503
14320710
12934871
5126182
5018366
2737350
2688234
1827450
2786874
837141
4119270
3758469
2097148
5461464
5449268
3284639
5398309
5951006
4120893
5590529
4391930
4578575
6146613
841577
650140
4249509
5463287
4022449
1136078
3946594
5060817
4763873
2493551
314558
4354643
3142846
1123207
3308183
4008738
1213560
3657788
3361215
1020129
4602239
5399099
1936601
5437492
3541434
3360808
5002499
5078588
892264
5056456
6136390
6121258
3382068
3217589
3982619
4379565
3463823
2790709
845518
2454021
647897
1164286
1089379
2800605
987539
4097103
2768228
6260899
3256461
1015853
4005721
1808378
5319413
3871938
6101160
7128469
4015214
703625
2605708
1366852
3400261
2222180
2196786
8014618
5806185
3828077
1917891
935346
6274476
6007836
13543
2626772
2597074
1928348
1294400
5654631
3687818
4241315
2755004
5331811
8306646
7579683
4458657
3863490
1345213
3807881
1364553
4560035
1620072
2871727
5611361
4088759
4901270
5031052
3240443
6694335
4294085
4042955
2209774
5844754
5765263
2780396
3891816
4992707
2184118
3961848
4530674
4789723
538234
3142443
2802574
7630956
5441595
4017954
3211419
4187403
4226764
1070842
460247
4747993
18982898
177771
17735880
17724230
16776458
13625391
8993991
5710330
3885431
2690492
8636612
6617611
4330205
3875290
160239
2413529
392770
1868640
5085682
5883515
3315799
4137264
4638098
3064039
2598706
3675427
3291392
2353008
2712118
2579886
12040433
11812307
12190039
4214459
14136971
12757537
8585166
7252839
8434707
6621683
5183824
4060408
1136208
446109
907837
3288139
1225001
5157176
24166911
2888870
23875943
19420811
15492091
14162365
10424946
10224593
4830175
2786148
856588
2759996
4006514
6656190
5744521
5665982
242033
3051820
3690054
1938542
20634256
17017918
13951183
15796037
11493130
9060098
6666945
5431047
4608117
4272209
1801823
14710393
11749907
10963805
7646354
7754178
4899185
2641148
2651494
7635451
5937832
6003436
4294646
5411334
2896853
3687457
104691
4603055
3808198
5102887
20977740
20144166
17211631
16380657
12725893
12493282
7647764
6048475
1520525
3759985
4526484
4390517
7545531
3689194
6451824
2726363
2572346
4920596
4816372
1849481
3096620
2354929
1230132
2271143
2525125
4328419
3739332
31189
1291312
3312459
5961414
4292499
2822552
3592098
5772028
1332929
8495377
9071621
3777781
1809172
42999
1563882
478054
77919
2047938
4006801
5144544
3957790
3184739
4487877
4796988
2658748
2776191
6897221
6241425
5948871
1937010
3511050
1553894
2824322
2840216
4990880
2107446
3199644
983503
2598723
2499715
3795502
4646678
5588793
3138534
6414220
3554861
3937640
5821994
2700917
5063646
6206954
2278164
5131402
3083126
4258321
4098028
5287100
4932786
4760234
1534998
4572168
6101888
3517341
5020021
3091589
8000774
7839814
2440942
3913383
2933486
3603959
714715
1568994
3710836
5123695
3544747
1923760
1567249
465183
4084140
4345940
2018810
5697686
3744153
1911517
4357241
663443
4756570
4115232
3999223
4662859
544401
1236915
6286146
6401167
3782862
1767666
2766840
3463945
1535312
2428673
799981
3510577
4276561
4144499
8847197
889568
4889939
7572516
7491760
5195547
4013971
5066159
2496145
5777200
4053393
2500877
4802446
6026024
4656323
3249013
3811021
4347194
3112263
4018017
6018099
3904179
2982690
4387435
2283900
4983667
4425262
2002332
1794927
7038785
6436113
8798420
5994511
5841482
198040
4173195
2510610
3220197
1901924
4719646
1746780
7374891
8068634
322069
11148266
10729136
6494593
5147998
2571921
4519785
1421061
1140416
8939997
7010504
6434029
5436968
4235906
5721430
2538695
7718400
6220372
3848390
4489713
4635632
7503029
7465454
1161491
4530858
1798946
4451385
4326164
4177088
833435
3403726
1802162
5010749
2995290
4181389
3279783
2433040
5384220
5067831
2530299
4286263
2734671
761519
3191541
2533126
1819579
4246401
3508042
1950668
370644
3604199
1703126
4727932
6008733
5826432
743808
146953
19694090
17838825
14374721
11516219
7722262
9381623
4025195
2651903
3711458
3004774
1119171
1968203
1393464
3742457
2770682
1913723
5949615
3100041
4787746
2399669
4954074
4859422
3493942
1053809
5692385
3262171
4834131
6222283
3722586
13612522
11030182
1420118
9616477
15892817
14663248
12799511
9511485
9435252
4643198
3645924
2664177
6001760
4174095
5613701
1145440
3811806
2792768
669628
6691313
7267640
6080737
4833950
2908732
5260731
3933069
1677297
2000072
1581452
3716184
5187104
1643750
4233752
753779
2738729
3013856
1966200
14381670
14228958
11668291
10064047
9078691
6117171
6568281
6042277
2385051
2772938
854464
5630520
5035070
6734146
4149460
23167099
1479776
336176
20220219
1771721
6842619
5060013
3238850
5281660
4717726
3345764
2996573
5286500
3955292
766992
17143478
1944756
4584645
5317351
6168712
17059745
17229407
13597545
12129001
10220897
8830268
7490344
6383482
6314597
3157399
373763
2953462
3002385
2152654
4119596
3332296
4621123
4733811
2314249
1398291
538630
6603362
3800053
2638528
4764323
533711
2834735
3088741
4012029
3214467
1224100
3873124
8016108
5364001
2779357
5776770
3793854
4337979
5696566
4618338
2904284
1726955
4057528
4126211
3947789
4969248
3809958
4947136
4791798
5375287
1295292
4048647
2427113
5919598
4945088
1466805
2449824
4384652
4780007
3459654
3548750
4562725
3199659
60204
2035585
513493
4069391
5661738
5235854
4683681
3129733
2399649
5056280
2619223
36861
929792
3055188
4889322
6177992
3968447
5611735
4986781
2826142
4559977
3993595
2885545
6995506
3827106
4014301
131101
862409
3417753
9854901
9860175
9820291
9721148
9676344
8293766
6064771
4829070
1784346
4988027
3764576
3859813
3625037
1035736
906239
3248544
1607511
2151015
5500972
1665177
4874740
2678427
325447
227333
4393080
3698686
2735171
4292379
5489470
2556978
3572137
15652861
15082882
13467687
11955517
6722941
6677463
4298617
599967
4276997
15823614
13097835
11830159
9876162
9873405
5634511
4579583
3724969
5111495
3988994
19942030
4027363
5480831
14648484
4278327
2738079
20844928
3205767
1151408
22907025
22502484
18151348
1129624
14750223
13426035
11516228
9004321
7555561
7405504
80728
4806424
4732632
16185438
14703863
3417514
634796
2124458
895393
2491984
2311376
4099703
3172216
4832027
7480558
7949066
2791436
5933352
4557994
2766247
585776
774125
6299262
9038868
5064130
413083
1492174
2093582
5114144
4563157
2928845
8322514
4442862
3270216
2213210
2504270
2876906
4628101
4086179
7702214
6170245
5051959
3608730
3403366
3560915
3783839
3854121
4936647
3186666
3299841
2673972
4619837
3281778
3133255
1003658
5541363
8632859
4365136
7926729
6773821
17494774
15081369
12260642
12077117
9513197
7708233
5490047
17877101
15588954
11830167
10968394
10866335
8081766
3565878
2590577
1204805
4915508
6563120
110043
3143516
2065998
4977054
5491963
3632587
3085109
11621938
2990935
3327291
2513045
3579322
2056455
12886393
11791343
10057666
8309380
12381783
5861331
9424825
5713646
3448999
2573571
548709
1715529
3832023
1806429
3802898
5254418
397865
4211772
3326375
6052718
5821787
3954942
1920881
2635461
1075807
4146611
3106374
2337103
3152661
2273638
2652032
961408
3201300
599638
3182355
3550745
4805967
2389686
5287329
4887306
667766
3248064
4875464
4486076
4483833
273916
826418
2720898
3792747
328502
3616390
1327783
3676902
979512
1130178
1178181
1108854
230845
6480233
5751414
8659011
2961675
2620530
949578
1660910
3888208
3224285
552130
4921567
4842647
5363627
3436862
4431602
3242896
1355640
10144116
331480
13042456
2387158
390017
6304096
20617140
3059426
320883
1996695
758426
1366203
4122385
5913076
1486871
5051879
2558370
4371685
11739145
112961
3502455
15525930
13407801
11549802
10645713
4827889
326345
4860123
4075841
722303
2890603
3083686
1219664
4009813
3568912
863230
5563134
3044305
2435124
4854886
3175768
3608566
317675
2740758
3925661
4203867
3705009
3460134
1735825
5013062
3650419
1521285
1719009
23919
2932012
2295789
5618659
8999153
6601138
4788916
3944375
1432739
2614116
6382320
1065516
5364867
1286084
2054098
240780
3083800
251733
2655371
1344101
4588677
2003163
165898
1275870
696523
5026364
4618358
4294851
6874221
5443840
4872291
1223327
15772028
15779679
14022577
12740426
12394418
10257569
8426896
5373024
2333283
5580547
6209827
3946863
6333074
3528509
3519168
1546868
1932351
3956945
5297104
4101335
3965492
621013
4747831
3254407
5004779
4378297
3128189
191789
3493568
15178173
392174
9947456
9209128
6878270
6133433
3911003
4974793
12372660
1302065
262655
4587922
5527176
3970286
1865549
6279169
3757183
1118849
736470
3186944
966177
3145608
3863769
6993106
5357843
4991707
12514625
10541579
141757
3205736
5328400
5218667
1114204
2235534
187554
1861682
2115752
3797749
263464
5921117
4610668
3405245
5382293
4962446
2399391
5522709
3990084
6811858
3980
2639338
2636843
2627901
2578956
6598659
4051683
6558558
1670914
1969079
1396181
3371435
3767813
29515
741923
4372445
2541077
1888141
5139596
5737060
17397839
13301006
12047881
11873472
9110389
7706764
5893122
16502230
4310465
234048
16133736
6828448
13814838
79813
720458
5966006
4717220
5021528
4587586
4629970
885919
3320076
2549645
9226712
7357393
4566134
4189142
4824081
2705889
2741319
20165170
4452536
483772
178106
3101200
4545913
755058
257276
2276986
2453709
1037607
229151
3726626
6079966
1104142
2358396
2235785
1109311
4155500
4626938
1984854
4219982
379322
2882289
904304
18943417
17266059
15377124
12502209
12492158
9102667
7654977
3466162
3636049
1704853
5623468
2588039
3757673
1569006
3952213
13955037
10478762
3098809
17781239
63751
4663859
20827207
232608
4787090
19248854
16699288
12249654
8767329
8649388
3825846
664295
5573230
6507199
12868064
5174818
11119316
10997523
9384543
5580940
1971138
20705985
275507
3889819
1719383
2416628
5190770
3389462
1775394
3908002
970340
5158929
7244783
16460099
16456498
2408184
15126540
13168732
12095011
7665098
7591116
6062063
3105746
3157400
1318718
2298551
970096
2981327
1907779
6158003
4394228
3428889
3625265
6365782
4226622
14236915
9988073
2300185
10635496
2409548
2032675
6334421
6454348
13635471
12841140
10505640
10496411
9281678
6735542
7860667
4217777
3413206
4411277
4702466
2726859
1351949
4054520
2929222
855706
9944919
7212944
2840726
1240775
3002706
351796
2270341
4885866
5293678
2955090
4802195
1754769
182610
624513
3276000
6338461
23040379
20656805
20449629
15898024
90398
5290855
5093833
1875149
1238304
19032703
18919544
19117487
16451141
14185506
11756630
8008954
5941600
3016039
4456979
1842710
4582696
2444802
3550156
3843784
3480128
641585
5199844
3194899
2048312
129717
2142545
576594
3422326
3697198
4075194
51824
851512
5909652
5410044
556096
3526824
1965527
8309628
5982163
86832
4813136
3330064
3590093
9507995
4035457
4381925
362397
648798
6939190
5925126
5435913
3560641
1591126
4953243
3225333
1922892
3835517
6036110
1983372
4731828
4034381
5203089
13971015
12090624
10987421
8663327
7740181
6152641
3311392
3242603
2247109
1900466
4051953
3498195
2099086
1863934
1457851
4872215
3359043
2520483
2799749
2901763
2706052
2583994
704476
6051722
2914821
3484051
2536415
3859592
3268208
1431115
1547257
3179368
2457868
5549478
1257889
2773817
1269285
23146588
18694020
18543770
16210014
5074824
6631925
3210752
5598530
24042315
24941328
23475394
22651121
18104707
18026748
14201202
5474387
8452565
5400494
6888775
1875267
4015669
3254881
6371163
12811701
12703454
11699038
11572667
8729536
7997307
4644157
7867327
5656954
2304009
3629184
2085058
9657277
4934650
15036256
13351159
10152856
9226012
11924430
11753344
6952771
3750682
3893380
3645171
1158054
3108581
3924724
6031656
8281
15523
4195478
1422021
3822094
4288123
746352
5559773
1985575
1682295
3846404
1467354
1979526
73581
2322903
5916964
3235585
3278802
22729065
18745456
16144772
12083112
9736980
9448801
5106953
4056596
4105144
4387611
3540353
4634084
3259918
5244652
4817674
2208726
4503106
3170978
2887283
2403548
3540716
3461436
743126
780061
520817
1952323
916301
5794793
5436025
5799097
8306806
598363
13142983
12875464
9361842
6739980
5680826
7132059
4250292
2712605
1464363
4824896
4088365
2296573
2099049
14976612
12919608
436618
10009
17593839
13579284
12262282
8763027
8651164
2477049
2138496
3820153
1255223
1659006
2834703
3623347
4655313
3188442
4755078
12061234
9066664
7000190
4717705
2519102
3394357
1318916
3932780
2076581
4259181
5121193
3828212
3939427
5297534
3677095
4058193
562070
4574138
3668071
3365439
1681783
6291147
4674602
2165807
6376243
5232324
3829113
6071632
5341962
8368501
4178811
1664680
3735376
348690
984354
8303841
6898044
16650426
12530727
11187489
739130
12311313
9373428
168588
2720898
4123580
2677142
3806965
2255964
2825977
2756477
1094111
1540749
2627011
269635
3069553
3299229
3261254
878540
3061823
5963212
7290060
1813915
6280809
6284855
1694695
3313851
3304565
2405789
3765143
1024874
47228
3378364
2010530
23881179
22215773
17624773
18181236
15461317
11196054
9139580
5199952
2503481
2404832
1508506
3565532
1309860
574166
4317628
5675721
3431097
5581335
4502510
5144753
594130
14101618
8321284
7591549
5589974
3719310
5308784
4513339
56611
752680
6914554
3747061
1980915
3338816
4266274
6120547
1893327
3319291
1329890
2916566
1948942
5677166
5714503
6372768
3569865
3213016
5429587
4028577
3035596
2569687
4234219
4219514
44156
670070
5266530
4331627
2520982
2442258
2164256
6158123
5251364
4057084
2569604
3303352
1245794
4572660
6242894
6163524
960245
958236
4146629
3664604
1670655
4050230
2884758
7077203
2645162
6680934
4141830
2033317
2801709
2475277
1207052
3261710
818206
1133418
2016744
2839059
2300421
3350230
5215716
5177304
2087847
816110
4189504
2666048
3821862
2843337
1901718
8153544
4775626
1007257
3122675
2188393
4586784
4385848
1335290
4561598
3770184
3140397
2951489
3437396
9945963
1703792
2690435
4545260
12316547
2104578
5138916
13989998
3734432
13317848
11562368
11468105
8708098
475147
1462816
2226717
5955789
4414247
4020016
3961477
31302
109885
1284514
3838040
1489596
4211450
633359
3344741
366589
2629901
1465501
5020914
5710063
4469698
9774
957965
4919442
382212
3315881
4169480
723260
4013863
3744233
5180135
2781658
4095327
2977188
2664873
807137
369930
2704999
5151176
3200820
3407048
3119675
3113131
1712475
196938
4412156
5032890
1137544
1804057
5895646
5043267
4797212
2462204
2535153
3597086
4009444
3905398
32828
4424212
4496402
4103182
2038335
3283184
5008856
2031851
5150296
6233104
7098273
3417490
1860010
5095577
13123019
1507485
3817637
15820588
1404250
4608715
3712088
5950353
3950404
2001473
5427737
6049015
5295384
3817799
3104226
3623153
1410037
850181
3026182
344797
2424979
2123626
1887399
3457640
1462131
385409
1415192
287213
3300878
3142841
1724643
6373555
3570616
1756889
4169842
4474465
1110491
3682188
3169216
5894958
4207680
2660728
3839706
3707734
2199209
4999406
4450413
5520920
3147754
1648240
429674
3181618
2810164
1314318
2767337
3732632
1732452
6017642
10531432
9662093
9148322
7976889
7361469
9340140
4917976
4026509
941612
376739
515619
4161199
3814628
3832754
2325750
1118166
5308457
5988701
4216587
2952037
6397799
8298820
4579344
3227703
1571442
5461552
5426942
4366669
2390008
4553520
17179093
1593260
8711451
14714245
13834641
12479342
7338
3143558
3523439
32705
2036005
2952306
2403711
1326166
7091632
3700117
17805666
4118823
19463111
17526376
1639806
3742686
6321456
6169954
7886369
5457518
9541925
3200223
3909690
3217121
979639
2681211
6738352
106932
266167
16484975
14501654
13408312
11251868
11128482
8373762
6247936
2874993
1452521
729224
3740920
3635399
7788872
4564944
2575584
1444591
4879445
4249924
1753819
3773751
4272570
2390193
1284638
4712536
4776959
1890733
4990007
10591174
10470859
6810546
3301144
4527467
5752831
6224056
5104343
3698587
5027639
2461594
1883067
3090611
4805664
2987775
1501744
4719997
18157408
15556717
2741043
1268675
497212
5402793
6054079
5251444
7073880
2290310
4211547
5150977
4111082
3646094
209913
837990
4518834
2465497
1496998
3777347
3417552
1771458
4306337
4451819
4723289
3882791
3340680
3606439
1773268
3473161
1702103
2648423
4783259
2579166
4469245
4447847
2967356
3827137
5147899
2470626
6599975
1234191
1177435
2105852
2184137
1975160
6155548
5443270
5934704
2256165
1033863
2335336
2770096
1214694
3818422
7896802
7766950
4446156
249027
842221
2110911
1274375
3800071
7736392
6266091
6806752
4948782
1695357
1286288
2544835
1835328
3919685
6029995
6929980
3215008
3753029
5659166
3328210
5488619
4554090
6742731
3680675
1332139
3106160
1603989
2536038
1499810
2368884
4074884
16750280
260162
15127812
312447
15431614
14064361
10034559
9921192
10134706
1400884
4360240
4630803
3539414
2329620
1699456
6137611
4293926
2853676
1390765
2499554
1803638
2508422
1687804
5297915
2574194
2931417
3497234
3137243
15736291
13454748
4317387
4174983
2103839
5018169
4988955
10378219
9051539
8578592
2762488
2557121
751097
503833
3284710
4845759
1026815
4270618
5200118
5133931
1316809
3682120
3233624
2577506
1189539
3508973
2497304
4732185
2686644
2236475
2136013
2279905
1798111
2854961
3192742
1710845
1200153
879764
4025125
3734527
1300014
1898702
114238
3568684
549418
3887857
2114149
9242
3685221
5161931
789353
3876843
1623526
129793
3259764
1764747
3914722
2876315
530721
3015178
3118183
395849
2991831
5384186
7374465
6109575
1585792
2627545
2454347
717819
6004364
15262655
2265564
4072546
3229411
4885123
1938198
5188962
6794873
5345263
4147699
5071958
2546671
4218296
1179852
1554259
2493910
1665548
3085661
4066030
2295404
6513901
4455765
2995595
5436887
5886640
4261406
2870156
7015553
7253275
5624026
4618073
822665
109771
3081060
2015353
3683933
4796326
1882214
118314
2881001
3900047
6889
466599
1345931
3322978
4816567
5293667
3779501
1319338
4632799
4804528
2286566
5901931
4610994
3057004
1132181
2289301
1670163
1500927
2625013
4178908
2013636
3288870
340543
4370015
3559909
151495
1469770
3379027
2961206
3647403
3559783
1276969
4964668
4853609
434134
4924828
1655440
6206739
1743123
3313739
4778893
5155199
531097
2640962
1992675
3634111
1087803
4592080
65966
1041312
3522566
3520989
3634961
6150505
6071358
4690620
4569913
3826585
3043646
3719330
4473488
2532824
4414966
4038035
196780
475049
2961516
5142685
1515538
2378526
75877
3308533
940515
1647042
827013
4900554
22417249
266640
18068277
17364466
13551547
3429884
2064156
3623996
184479
1153741
4474573
4765750
2317101
1560584
2735352
4205213
1038614
551408
4841066
5522738
3583246
17195461
16543481
16423249
14027966
11060709
9370145
6974842
5060729
3670154
1594874
4634459
3999777
6852775
22678759
4104046
5339124
5087980
2449332
6626830
5067170
4134864
4817609
4782987
922580
837288
2539606
3367386
1276739
1792081
624614
2848717
467827
2050039
291514
6559334
5465304
1988012
4365043
3973539
2600325
4248565
2925692
4884809
1861467
10042
3491208
1891026
7292996
4389774
5022114
4965096
584327
107771
3053808
2215654
2064925
16580
2572763
6789971
4906282
2780630
8611060
6061609
4665288
3424195
16381232
16201916
11197941
9282932
7884598
5721668
6081504
4751688
3334632
3517001
584147
4705586
1562033
1628310
826891
5114196
546061
24418241
22626993
302637
20631513
20679639
16618294
14221259
10268789
10179140
5030834
5322223
3578114
1895486
461872
3719685
3339275
6094581
4748393
1064057
5319545
7013047
5863427
4308504
5238508
4992125
11453224
949163
3245510
362530
3506031
4072209
2679305
6349338
16467883
3570328
17639921
13525568
11904670
11355541
519249
3853258
752351
1492529
1826201
4320822
4170051
3052579
1852536
1608988
1432257
622733
3809234
1434962
5136081
15624173
491137
18220969
15265046
2601412
15648486
15481421
3871987
2469537
3023804
2864589
138912
2728571
1408927
1784286
1195103
3244017
2674497
5108300
1355693
292907
3195396
2239921
4166309
3729278
5043331
5237635
20284765
1293167
18784753
16819105
14148562
10932208
8168854
7863177
4659982
5690183
4467003
5884372
3710925
1725371
2699772
3679591
2017895
8667953
6782139
6068516
6219604
4450831
7757551
9838229
6935806
4265364
921516
3452584
3831018
2063260
4258260
5362576
2808489
1752135
4285004
2614762
5083133
1149380
3913106
4073718
3780092
1365516
4522096
7509761
5535503
3159440
4356818
4286243
10807180
8226
9628666
8837812
5580228
4360310
2856503
5592519
4903079
3585059
8627106
891243
4537728
597415
4542622
5680450
12059839
6125215
5818936
4050370
1787028
61839
3532524
4378918
1110697
3412941
13347051
2637768
12800221
11488962
15241238
7234473
9687863
8705141
5795282
4927742
2573476
4050874
5248687
3179719
3430367
1866116
10785
1483625
4137677
3530160
624409
5191501
4316350
5521873
10663956
5382787
7016794
7276239
7074211
7062653
1248326
2306370
708961
6055228
1950395
5043343
5436420
6470570
2303603
2647470
2047339
2753204
3395146
1478166
3845924
4313317
1363781
1420847
3041092
4442029
2613206
4479493
18287783
18102648
15039746
1931515
598232
5517862
6042082
3014247
3076778
2934594
2824747
3629322
5502762
3824587
6841
3659974
2353042
2878377
1686537
1859595
6944007
5839572
4754286
2470106
1520994
4501846
14536614
2113202
16237997
14045154
12996123
108286
1735839
5670188
3252687
1722422
1580756
2336175
2885150
27002
2385085
3916327
511843
2402977
3069528
1511682
4566017
2995594
2884601
2806467
1773793
1481554
4132742
4438230
4809676
1028408
3242964
3173963
7025096
5054152
5657463
5770570
1190899
272564
3503243
3949083
723926
2229722
3555343
848656
5003295
4653438
2718675
2644271
4487479
3759304
4901833
2805499
8216875
7303767
1991191
2478007
12592156
640057
4595926
3762900
2810615
4738922
983769
4795459
2585131
3241406
1254006
4107588
1421072
5041731
5175082
5029755
597828
1498892
4856360
3914158
5816804
5170767
3885226
4173722
1872204
3495231
3300361
15893186
4248092
1812620
4347553
6974487
3255085
5315038
3556684
9192073
5613047
3263200
2574607
4051732
9541491
5425062
13994889
4630287
1591579
4125382
1840454
4891697
3439336
2011178
58981
3929279
250925
4446671
4701068
8091211
5091609
3377653
4054462
4568110
3714382
5097623
1660754
3626287
2657226
1604919
1787923
4752013
3887633
1393180
1526982
6516809
4850561
2956824
1390224
9898381
6124658
3906696
4937513
4825212
7047075
7044988
4942208
3807261
5450732
5304471
3319654
7561675
4559451
5327972
4198159
3689886
1448221
416071
5544840
7571647
5588350
4683209
1661895
1701665
1644172
2698337
1511444
5315502
4493606
2746360
4546712
3963668
3135893
2259073
1067169
4084546
4147694
31547
5160634
3955314
2203906
5411268
4889558
5257695
2042373
558393
4471439
5230130
3515236
5690405
4441030
5928287
2105450
967341
582912
2632543
4538367
4814169
613390
4703928
1865849
4480167
4058760
3758884
2523695
5386050
3217365
4837986
629408
1755056
2906360
411574
6065844
5248045
2519666
4262931
4427756
1600835
3192154
3984750
1790513
1904918
1280423
5014411
2862365
4031550
1417204
4510331
18552404
16333625
16162837
15803665
12173754
6873010
5410330
2232909
5313802
3142925
6018935
6658896
4652482
75543
3953977
4205321
3331398
2188066
1298147
6056666
20481089
2922980
17879454
16714797
13778355
10544645
651419
4567246
1233113
4318382
1886548
3372998
2345770
3837435
1477331
4979183
4614744
2970802
4267514
3624556
2225120
2992952
1235439
3713119
4913550
4808460
5798302
4116148
3191586
8088624
6264390
7845954
6411466
4588326
3494499
11828837
165799
4562288
808517
3845699
1505600
1445398
762548
2806016
3493912
2539967
2847216
6269623
5694460
4904662
7444359
5222867
3696904
4276932
5134892
5083440
1395046
3804595
4059944
2431583
3079448
2479208
2689001
4409246
2092753
4312907
4585133
2715333
4809272
4059223
5586107
5751115
13906568
1811705
4385199
4072469
1461462
1841950
3862787
3774676
13329507
147061
4938881
4741375
2166867
15807761
12516871
13924758
10497981
7028099
6144826
9688656
7094512
5567556
2305412
4337925
398258
449473
4334796
3732274
8178750
7052390
12090443
3888425
9474093
169371
6936587
6806929
127750
3053082
12465
5782187
1943193
7312315
4814636
7342273
3086826
807492
1107569
5684922
1875602
1764065
962331
504817
27603433
25398919
20173508
2003052
20724342
17636339
14843038
10050410
6803743
7420543
4610728
4152545
93415
2082616
400669
5137154
6700145
3708293
1579618
4239328
4052073
1078160
3756028
16479405
15298904
14729538
12541951
12328676
9329289
3153953
17556689
15675194
8668623
6561947
6342319
8029485
6688531
5529204
4327218
5058680
19453484
17272218
12458623
2860591
20874331
6253353
6135765
3232978
4682317
3927604
2787925
5969901
3885918
4430401
4512141
5921417
16190449
14560026
12786737
12655506
9944680
9456549
7853097
7316284
2359294
966866
6630325
7184302
4094385
2456230
3152549
3977276
673661
1676007
2453620
7748779
5981671
3483345
1827597
4417477
121254
6037111
5431108
5342540
1167557
1599350
4804712
3867759
4675929
9153661
16851
11924574
14867593
6893271
12015852
17620932
8741519
6732851
4082764
4080744
2159987
4096112
3833977
3923381
1726523
2746188
5082694
7122201
3363166
5405362
1132584
3294770
1911274
4767605
20080670
22711838
17785851
12435095
8176099
9352943
7430070
6248258
4939418
5208862
2267933
4738308
2175112
3800089
2403015
3643235
3915330
7760310
3708873
2206147
6079631
4273836
2514567
4541016
1766477
7716290
17148484
3360687
15445700
4394169
3465408
4509573
2499379
3487552
1338275
1918303
2840018
2286352
4024002
3185474
2630504
7221345
7016418
4793654
2237652
6199091
1746120
1129391
3021686
4859255
1754892
78774
1129927
21811607
19087743
17124001
12497477
12409005
9432795
6980940
2875625
3397009
1931518
2793864
1335838
4902358
4665251
2860811
3262100
2747858
624174
1146573
4970304
6665532
3235569
4542653
2524001
3231219
4267628
5590857
3683555
3188192
2363749
1158743
5662737
15398988
14026199
11750774
8085402
7962080
5538440
3369802
3340993
3111110
2745177
2112950
888082
1706553
6611731
1838510
73253
2399590
5405
446713
3726515
3513259
1439064
642766
971151
3206622
3806473
15630446
13120743
12986729
7463790
7460969
5351882
3574605
3834136
2691799
6025525
6851634
6128702
2592715
2370686
1853102
4762520
3720260
1736724
3094826
1314250
3445348
3363154
2654644
4436716
797009
1660543
7859497
3552319
5826385
4799392
4263722
2427973
4248364
604359
4674218
3957909
1719708
4291153
4024392
3443558
3147726
1262262
2137210
2144980
3766704
3949216
1180474
5870416
3825368
7610998
20616112
18824424
17842382
17176761
13973164
12909027
9071431
8864318
8583569
5175582
4495025
20263422
15849255
92053
2367311
1152268
2457864
2193265
7119974
7452903
6645448
5282007
3080914
3207936
4599984
538515
1564501
3062603
1652951
4649573
2914656
123750
4520787
12169
1802297
3920109
100691
2404786
6664053
5660040
112017
3524576
55318
482536
3849758
881200
2196281
1273372
5597675
4812360
2903860
3743775
5710483
862917
4598991
3661183
4391137
2226302
6307672
7836404
6844042
3894254
3812075
329448
2481777
69897
1778672
473001
3918770
1872462
5315205
4769330
4700426
1351838
224833
3390149
3869195
2058381
3315549
1637603
4146631
2261603
2193394
1753415
3727845
1963247
5555505
5077088
4951195
1494177
2902463
2299915
775687
813537
4420198
3982524
3868778
749418
2103197
348745
3503487
1928400
4912190
4678984
6985735
2947506
1810784
126851
2844510
780400
1919313
792054
4790262
4080316
2538312
3880724
5290843
4416365
799088
2314888
3778815
2148598
3162317
3758403
3813866
2974582
2356805
3079829
4387703
867403
3087059
1845490
2576566
2644132
2701151
2816393
2558883
700181
2921516
3152637
3747335
3455810
1532777
1562518
3663488
740136
3126863
3144154
2028033
6487310
4310354
1546754
1424855
11331
350378
4409453
3408833
1939520
5462410
3729090
3740407
5099
1391069
14515
12741
10408
6345291
3938692
5532316
524390
1634677
1141005
3795295
1585194
3490422
4144671
4872604
2818241
5299376
1840242
6773207
5526632
4665448
7679529
7595997
5095246
4514230
2749313
43009
3890188
3234263
5724030
5676075
3845792
5430842
3482037
3721211
3560802
365188
3038999
4073247
1702886
1608302
446981
4228204
3415895
2063131
10390423
10363232
7684897
6617174
1879862
4389895
771414
4845506
3786453
3817471
1258893
2842123
438333
1863247
1123154
3893562
3087678
4323200
1501863
1990453
576822
5222377
4082648
3488072
3899613
21526752
318184
1359645
252151
1311518
4563321
3931330
4929610
22714075
20518528
18851552
15487976
11579814
10309408
7669749
5923084
5834112
1443879
2253782
3073142
566847
2852822
2229890
4276127
5346167
1533257
4662790
3136093
4230487
5434703
7609164
7501743
9170159
6897436
3902675
4038118
2614747
1947956
3668173
977709
5358417
14718606
507602
17569854
15127784
13484402
7553473
22473461
4320611
22325366
130338
3097513
2741403
5830261
4033491
677900
3575685
3034620
7317561
3728392
1545941
3297353
16731557
1276582
4451921
1242754
4787683
4012176
3039094
2218067
3866236
3922673
3731215
9714401
4848019
6996769
3159283
2890755
4100674
3858396
3766511
214717
2249517
4916763
4372069
1796494
5495824
4459781
5852469
3228528
51555
3738526
3855744
1262390
2422780
3329001
4556080
1437596
545664
4501189
5880594
4946300
3384330
4995141
6578385
4557737
4410066
162919
12374383
11722523
10445119
9016003
19990936
18024783
6701897
3905123
359767
5451936
4973728
2826650
3079623
708860
96668
4624004
4229551
3394488
3563988
2392291
5246268
4593307
4061627
15473761
10115
1095027
4796521
4456546
4507460
1522212
2847205
1391808
2456710
1262703
4161964
5430422
18305903
14585415
167261
878201
16341078
15341939
13719105
5998532
5864649
3003729
2924397
18885563
18151997
3344018
6029200
21361502
22147108
19359723
107907
21556403
17740534
10376554
4351134
17290222
17287518
12851214
6529367
17254156
15160611
15247643
5690811
2883165
27610130
1940203
128469
4709581
21253130
19969927
2977477
554618
20144044
14028508
12226472
10588445
9079202
6917938
5651661
5214709
5109178
3278089
1447702
211283
3480183
5237868
4492092
4846209
5739561
17174911
1352619
414812
4650873
3647079
2544209
4527706
5854247
3512206
2687815
11361002
9771954
7588039
5268389
3017774
5592231
1938478
3547970
2585081
4876491
5252755
3099914
3296213
5001340
4127
2927635
1466533
3743629
3772865
3737775
1376296
5404653
3775383
2577799
4825040
16426147
118306
2842686
16560683
16439608
11739151
154692
866371
4467662
3865322
2082130
5803233
5734923
5329867
4881095
1200699
3985842
4273711
3112223
839123
4587991
2990479
529350
13832880
12132818
9753967
4691932
2672712
3251290
1218088
2003741
1516528
4345317
2735387
15439491
15192790
14994061
12449428
8947529
6898990
5444123
3153060
1033789
2533783
3642912
212992
3079028
2541262
395660
1166081
6675194
7011727
6863522
425357
3579565
124501
975031
1697512
4713490
4812814
4767119
2081286
3938906
2718939
1052589
4526014
16194523
14610479
14523747
11915541
10327286
8734598
6088199
4336328
4582875
5671043
5456478
540428
2198118
3196999
3777983
837473
4070165
3230423
3827866
174616
3960038
3914199
3176345
4937411
2759290
4078900
16937813
14371120
12760384
11755922
8522911
5966010
7956187
5490715
5627409
4071888
259900
3386763
2763885
1347517
5293001
4818724
4690761
953683
2723337
3571340
1447123
980138
5530341
4913188
4776649
2917429
1762274
4922536
6323978
6281810
6384953
1155075
2425115
979739
255652
4258353
3018790
4286437
1555720
1256245
4437566
19996
879017
3245612
3359121
2486400
384066
7321785
9357397
5751475
4600516
214945
3866161
48109
4414244
3499213
3968296
1555689
2816498
538943
7621936
1230982
1118799
863454
4588579
3016349
2287510
7017121
5265258
4673735
3850029
3889925
6163677
5376745
3803617
910118
3840676
4168637
3053120
75904
5162109
1296387
3978963
2969994
4584137
6217049
1521387
4487116
5600372
3304411
1003732
3209527
5154174
3618535
5400765
5399224
4663235
5144716
1561079
6097656
6482352
4442262
5202971
3935397
3541796
4947936
972604
1906464
3293555
174108
619915
3737066
5495016
2124712
5152359
3806760
6913056
5242803
5284846
2065929
7287724
4719929
3741843
4409265
2707615
689077
3834807
4388282
6658857
3690636
1467847
986838
3589368
3449961
2242745
4980889
5445584
2240176
4425775
1705721
1170795
3706449
1095073
4329907
6290790
17695971
332916
89802
356976
804944
7134732
5618068
5712105
31075587
67617
28401330
22129594
23971
887886
3331603
22442867
16826743
13998797
8903690
6690069
5521812
308291
2521522
3487499
1144558
3487105
3315554
2865343
1312072
5380176
5280547
5178957
1873789
2547892
1275560
11422120
11498322
9297186
7156955
3422009
15689907
242253
556336
3890443
4247513
15274276
401209
3890061
11530783
501594
13469605
10832257
8143453
5669147
5250376
6471014
4415983
1712653
4017560
1723599
15383530
13086430
8523811
8391072
6627721
5136541
252001
2695245
2295064
4684924
2142539
6263303
7886197
4364635
3117576
1475649
3616378
2077577
5284627
8003868
3458910
3176083
1980470
6374363
20895867
19901778
15218634
15043670
9124255
8035174
4756829
712558
3661404
3150030
1254348
5083503
2680080
2525758
642955
3463180
917025
4387190
3231806
6326662
4334319
1251980
1758241
3713765
2878987
2792100
4809421
7188552
3036588
1237593
9247858
7234029
10873404
10774640
9165196
816902
166403
1853554
2500985
4709399
5628944
3630367
3713547
9610019
7591946
5956461
529845
1840169
3916750
3412164
2934099
2863110
201579
1808956
117214
1812093
4532959
1157298
2882961
4303544
19877691
1325369
16603449
14959259
1054872
15150704
11647592
11489436
8773182
7304623
16377257
5060655
2595069
6566414
5673802
5569451
3648152
2625856
9129810
9164236
8035696
5844499
3346831
4710829
8492449
425880
554611
3086759
1040860
6014371
4691032
7362396
4021252
4958106
3596905
1582897
3222031
1800345
4029001
6516160
2321852
721549
2698910
3225999
476500
100343
2862164
13834294
12125234
9089405
17717558
13395479
12805439
11427374
2505093
2119229
32746
1348576
1949718
2423838
4983448
5665334
2228389
20765971
17827736
400491
2507155
1166505
4896834
16133028
13289474
13167570
10502638
5120474
3276841
715970
6183787
17545069
14931462
14854797
12207984
9097555
9277796
6982257
3895283
7354592
6616675
8936220
2278934
797609
4266151
3792840
2508022
2648900
2832160
4258521
4089426
2623223
4947546
4585144
3564938
3959235
6093429
5963781
4840318
2392120
196020
2372537
4070837
1652698
5284850
5245037
727999
2699620
1559759
3310865
3843267
4899750
4454890
4283641
413269
152649
113726
2396713
1255027
1472937
7275
5594307
3353450
6781116
1499453
3492248
10474680
8676093
7066526
607178
3764422
4255027
5421993
6473307
4001165
3040174
6185648
8241681
5846876
2049042
2588328
381610
2579739
1629258
20972948
20896505
18598557
15477191
13188182
7990285
1932551
305389
3270841
3098941
1024296
931863
1516140
3922476
3437390
3369929
1583061
7268326
5882942
2698102
4443741
2127205
9948868
10646876
2765190
4278169
3714104
479245
5281267
4188196
1051217
3436445
2418222
7264218
1030019
3882263
2397552
4880565
5234426
2598582
2529303
19615441
15622757
11815988
9454891
7238989
5752246
5361556
1635201
4125395
1704455
81390
8478780
1378798
5082723
6653175
4617564
4466877
43494
837446
3685734
3147363
3605908
3463443
678849
4150035
1112186
2422952
2659197
3811238
1328158
1448814
22676208
22584030
18880355
1229672
18405071
16513358
15312725
12282325
11281418
11120477
9108982
1320334
550843
2102110
14306544
12719687
10976414
10803495
9174233
7351326
7130960
4547365
5108301
6761023
15170350
14891162
3543506
3215206
1016471
4660611
17974843
17056922
16290338
16233238
13819965
11624297
6872594
5725360
1693997
3757271
3260847
3187151
584178
2901400
8984718
6704025
6429874
5291822
2609219
4538154
2468173
6567793
3669764
3677207
15335388
2570980
738236
2683562
16375211
4916221
3919965
2172108
2777766
1481362
1901205
4122321
433256
511073
1450609
2331892
23646757
19062631
14929421
6788005
3225276
857009
20211138
527647
22358120
20871435
17978138
17883282
13491111
10108489
6267529
3513623
1740900
6175779
4019592
5363262
1835782
5190446
2474274
2511443
2775365
3370855
4656940
4572374
2092327
2872823
3085258
5362684
4788996
3805100
4602258
4513446
1503302
1337468
2586116
2102427
3559866
3905886
1646031
4428213
2950072
3549244
1857565
4984239
3907103
7925590
5942690
5953920
13775
330467
2553472
25782179
21645791
21470977
17439954
17435144
11340612
7121125
4727043
1885294
2695983
3514079
1856152
4164203
867114
5111710
4826441
6471133
4476662
3833030
2415817
7734334
4585243
2252556
4074456
2847658
1915033
5804566
4012636
6124028
3617625
4351838
15138068
231632
767214
4244039
3565147
6396890
6058408
3891085
5825529
3321405
6801128
19577323
18401489
17955280
15515353
13269648
11264004
7705800
5383862
1927255
3412570
5159504
2793115
2879114
1978682
3753826
1090972
4125124
4631652
5124315
1974491
1924866
72742
2269284
235125
890543
5428524
7290196
4681916
3355361
6464645
19625079
15949583
12182058
12005462
11601680
8094064
6841195
3781500
1590333
4406692
5971878
3988997
7024361
4276858
3635774
5464243
4831094
1356715
6069548
5983926
5913672
2839389
2435415
1627442
4325371
487332
726073
2809510
3995501
147249
3825829
1638753
741192
3801032
1554057
4096109
5633521
1777604
3261191
2091879
2512228
192121
3029047
1989280
7086586
4830067
1434804
6450667
8168600
5318976
2387475
1942785
5737130
5711088
2881348
4422998
3818317
2021269
4942220
2945751
4237034
4465724
1307762
4681041
5214877
3208839
10700782
8711558
8631170
5576371
6658140
2565021
3576467
1996871
2689169
5577671
5452378
3816549
3241259
3475374
6333854
2478989
5699838
1320130
5702924
2715916
7327782
7419706
5606973
5715404
4723158
2175853
5998909
5855380
2292883
2023160
1557114
2866679
2038779
2121287
2751115
18353205
5405203
12360146
21707069
19940493
7501398
4612616
4580213
24967405
45426
1962830
1560692
5510628
814327
3698168
5104500
1955653
2818999
16397360
14639240
10399247
8973466
8828533
8684376
5490135
3127083
807193
1513981
5232748
4423225
3767734
5468150
1813304
4259867
4176977
5235659
3182377
1453032
4968387
4960955
8223193
390580
6448327
13494476
11156816
6200608
7157821
7070113
5331870
3108198
822285
2177980
2505508
7207587
5174157
5069550
14712778
652412
19494971
6880443
2351994
1597135
4024451
3892588
1666459
3201697
250163
4267748
1569718
3411079
1967740
4673470
3054667
244573
3630959
4511092
6298711
5665835
4280094
6797998
6610995
3969747
1921019
5316837
4088516
2664278
1984944
10057416
7822509
2589810
9055852
8458340
15610941
14454561
10734673
10675367
6716983
4230780
7359355
7284795
2630234
1010369
1980537
10769330
14016989
861937
13468653
13457055
12584616
10304941
8119541
8102286
6919220
3010018
675158
7775805
7268236
4680266
4120632
4986684
1752637
1946485
6817631
6838350
5818270
4414804
1451574
4379270
2922870
5445207
4474436
2268878
4093508
3141665
1841940
4656484
2376689
5660089
1741398
4195272
664916
416138
14310
3073293
6839143
3259633
10051173
7221628
5706407
3487830
621945
2739018
1423102
5787635
4295714
2686245
1270047
17434109
12874625
12830568
8329193
6090153
5652982
5680414
5066303
15491438
13126415
13026577
11770233
9349471
7195296
7008782
6373678
2801558
130307
19899353
15851631
14008794
11677889
10662676
8147894
4876865
5005842
5815710
3825004
4294136
3582718
4779201
3605075
2162738
58896
4169329
1132066
1843419
2467735
294187
5433975
4889883
15103122
14963640
11954829
10102443
7420435
7894056
6492794
5030001
3736498
3701274
1304143
4788849
10664370
9378080
768027
9377316
5604372
7006735
6047567
1961448
7673778
4948438
4236673
5685515
1452769
13821167
8874389
1406152
10103370
220223
298504
5167224
4501898
13870068
11513994
388438
1884576
2338103
4284405
12625144
11082399
13647567
9973983
8710104
7161980
5929432
5020027
4974142
1838908
5490416
5377152
4009634
2347595
4483840
3631632
2054701
4707627
4640308
1861419
3857397
2691124
2171184
3010481
3680547
14160021
2141447
14544555
1629611
1294288
4901479
1063443
95800
2158204
2976263
117875
2225732
3064248
3582059
4918098
6469126
5288534
3167207
925299
2644075
995174
2448669
2837480
10665826
6889942
126719
18308
5057020
7459329
6982579
3685352
4521224
5831212
6525729
3756374
1961398
883204
5918425
3215965
2510204
5050099
488564
2078926
1798101
1723099
1011093
3191180
2250236
764249
4104506
18437477
41368
750822
3261316
2266652
3898129
2875939
3265621
1225394
3428464
6011719
6099671
5562663
3783272
29469
2202679
576304
4509701
1080947
2728354
3792967
1753745
3710271
2689685
556458
2502857
779253
1182033
2783255
3745985
4383483
4178955
533511
1615949
3410436
3107960
4928310
2752535
429202
3810623
2482880
4853280
5410925
4494394
3824734
1245679
2229042
3972385
1655597
5922322
3858930
3496622
4369878
2837273
1034784
5369059
4350695
74864
3310210
2837232
5040509
4406454
4282798
4194899
1260948
2792961
4949115
4586814
1668720
2426291
2329757
4794303
57909
2891238
2126527
4315748
3058458
1179200
6389614
16912531
16970022
880025
17403445
11564364
4931669
13253579
12282097
12279761
10983870
6635956
4409653
3344034
220804
2666374
3470773
2795066
14113
1821941
403044
3432630
3905555
4599305
777950
4300790
2115015
479670
8364022
5973733
4829587
3429581
3209473
3927993
131131
2011002
12665247
562824
3388785
1961835
3766974
12400094
9271899
173388
7727
1745841
2748977
7904428
3998993
4466222
2579356
1230480
2850783
2645509
549615
14475296
1031011
19020197
17178621
14813802
13314868
12184120
9693692
8554240
4066928
2050010
482316
459718
6134725
5564755
1195108
6783942
4938759
4854676
4533996
3224541
3810881
3689706
3431842
3108688
7202729
8120085
8158506
9187716
4764043
4336604
12986037
1387688
3905593
5821807
7354804
3111200
4991655
4610137
905775
5913728
4271720
6249870
3902826
32078
695901
1773930
1844276
3896146
11473258
22240078
18514612
5531479
11329486
8403027
7099035
5530422
2047474
5071808
3446156
6909544
6790257
3295381
8215146
6185104
3792694
5683981
20666079
1019924
6577200
3472687
4754322
2132418
1608623
17471294
13680114
3829863
3370064
21482565
19197073
18530776
13225239
100544
360745
2039947
1079978
2152226
508146
3397397
6037768
6922530
674696
3355665
3801058
1208150
5494689
5015368
5577298
5471496
1925874
2929591
4132251
3791070
6073002
5317876
3915876
3760917
1994373
4707646
5122568
5041207
4703123
5853145
4144656
19377974
16444015
522468
18456177
15874891
15864723
15143470
10358731
10348609
5593592
4578521
2728689
7161711
5754651
1753039
1785376
4363459
3243098
936823
334615
5227062
1622530
2883308
1825604
6638870
7337913
5038754
6742271
6013543
1804599
7472233
4693474
4150706
3004865
2100532
3315969
2526882
722427
7189071
6521626
7202953
717660
2743994
18998224
17187521
15538662
10680766
12637044
12468383
5953474
4287613
2773847
6299461
5323900
4912611
3508727
3932537
4442574
3020478
5905137
5010088
4005015
5107025
902466
4006626
2644129
6427158
1910241
13236
1063769
4870152
3004009
7010710
3935940
5438526
3728616
3340719
2950071
2766467
6357491
8152189
4940335
4553945
1758251
4494200
2027072
7509877
6213170
6118929
3191864
4079500
3208968
2690697
2248822
5169376
2286196
5322972
3588456
3688758
2001340
3829862
4934132
3030713
2553373
5939726
3143500
6462588
3123954
3095024
5065991
1548544
4875310
5841233
1974873
7209791
4357586
1442770
763787
2717442
1802416
4355001
2048094
2596421
6133561
6498718
5330200
5082865
4589764
5263982
17190256
1756086
16359176
14520673
13302326
12609637
4198240
1512027
12201582
1982424
833961
14967452
1686766
742500
6192746
8322326
4672526
5595003
2208345
17581986
14597974
13615911
9973454
9909744
8190997
3779238
227621
2897035
4740859
5535362
2743245
5084713
4295232
2290253
5343923
17405123
1137093
15674023
1345679
18061213
14616642
3106467
13428557
11116693
9950813
7535648
5446927
5739647
4542940
2121400
5092378
4198436
1597767
2249032
5129327
5005161
2144835
1452286
1483770
4476832
4503836
1756445
2039221
2685329
62989
3242689
2983269
2810053
2678746
5291753
5293001
5289001
3757456
3582932
341804
3942448
4377452
2597608
2314913
3992178
1344788
3014375
4258704
2173361
4261086
4425273
2026244
5983963
3213070
2068591
1896188
16787189
827730
1929582
4333590
4829873
17373766
2938801
13955221
14100147
11523073
8684707
8541535
8352750
5116716
4074576
2609089
812898
3158364
2637844
5053
4595408
985904
6033845
6124181
5416690
4101831
4348965
1257279
5380107
4943980
4111618
1604115
3948252
949709
3085744
4489887
4299483
2409293
3136505
772509
4086601
4553330
4083373
26397
1983033
13457527
5095070
19359185
17728130
14740088
15249092
9389967
9313167
7560738
4102229
637988
3464374
1401093
3578409
3480349
4402910
14734500
404815
2539819
3695524
4859368
5613066
2360780
6257640
1575530
203749
21269056
19468970
18337765
14438624
14138762
13978427
8937785
4511453
1939334
731960
3149727
710893
4566051
4243329
876701
1813186
4170327
4106081
1714897
7117740
3059276
2949235
346181
1697696
2102026
4182236
1880458
1997805
1403540
5113651
2232369
3681593
2196082
22034014
17594197
17456275
14760384
14729187
10652198
5639199
20346880
15734061
10544636
10606211
8530776
8451364
5716594
3408883
18188993
19470657
15582880
13337948
11323533
11250716
8169858
3325387
116473
2226246
2968346
6202746
5234447
6032513
17651955
2921589
11625439
8298659
2748579
3167568
101646
3771096
666826
2745620
3396250
3927353
4008366
1660549
4641335
8452261
4778128
1185815
1747742
1808713
2294790
4456292
6079730
5976971
367792
3262726
2403118
17373
3610704
3807890
14041093
13973338
10080076
7768868
5034471
6976738
550597
10044947
8727743
8577290
6535456
3123717
10552828
10672652
10518199
9576790
9066858
8954836
4883612
3227584
1774734
4211089
2845262
1767527
35993
5474095
1462351
2092175
3177483
4845490
4125600
1365891
2132230
4201828
1330661
2893064
2698536
2095026
3446415
5160020
4470018
6811377
4197290
5651020
2333289
4124317
4091449
2794750
2372174
4084427
16087311
2576574
15506618
13722689
3423556
3147487
3523139
16074135
14663387
637231
870900
16833588
82230
15635087
15626230
15622097
13578691
9928129
9249302
7472563
3495502
2460725
1959870
6700989
4371134
2885994
1630496
3091576
3476311
3673358
2519778
4438952
2000050
12325
1698079
5386532
1261275
4230510
5001564
4929184
238802
1416322
6025696
4583578
3800635
5328320
1405955
4293342
3799727
1728360
122453
4417584
4856099
2214552
1973090
6651389
3555406
4703239
4488942
2061483
713690
4770868
5689471
8484869
3007451
1116027
5114710
16446472
14284823
16275909
15015552
7003564
4648871
3047617
4796096
5300723
2960038
4085768
1625336
4141729
2444002
1425998
3625774
3774896
1377738
11884131
10380408
10225279
7235634
559233
5436070
5696012
3997475
3366815
3920284
5136119
1559474
1480731
527668
2401715
1704298
5796069
4642719
4994554
16819031
113695
13951639
10165305
1219843
7320
17294952
18027648
16403441
10934909
4727657
3587875
3092693
15567290
16077034
16074658
13035941
8412932
8258175
5231200
5770542
3908188
1015775
6413599
2712784
3613386
3178758
3520985
5368724
4232087
3831135
4607343
3072406
390064
1334650
4570358
11756563
11230431
6767202
6675609
4460164
3832398
2999979
3397854
4650507
3642109
582348
4668203
3051276
1237052
13349086
11946371
11330386
8911085
7662617
7473289
5362359
5551969
2859044
2671231
2833089
2282894
136364
6067918
3902478
4947049
928812
5766105
3325986
17243787
17169055
15666568
13136255
3943157
15262384
15824706
13364820
10523434
6836979
8001822
3398982
2402407
2651059
1985057
3347102
3565843
3232094
4580838
9663792
186178
7979
6223081
6048
9962506
19982
5036957
4506061
1928887
1417125
3074967
668555
5629332
5342847
5028069
2703894
5203730
3191417
2173271
4071249
2686208
3033970
7470657
15368114
35914
15231232
14055594
12470990
9706650
5578162
5423710
15467345
485035
15853058
14327611
11775742
9141103
9003178
8887033
5424628
5766124
4033815
2557931
2045238
4116184
3678310
5279154
1408440
6023060
3899152
3829040
1266624
1819581
283660
3068761
1921964
2000695
3108530
2517586
4809787
2686647
2969714
4378551
1112724
1263273
650920
4143770
3190039
6270556
7164490
6253272
3948785
2221309
1172273
5547564
1658879
5027611
6401749
4652180
4764127
297858
2553355
3033690
1070067
3770841
366861
2322660
2276788
3927128
3222238
3680289
96905
2516089
1440941
5584857
4614442
2518393
8502336
6999904
6126201
2460788
6880957
5292181
4512302
3042116
1932586
2171205
2893307
6177507
5297419
5657634
2319607
1378406
1284232
3339758
485046
2594041
4905974
2902899
6250718
720521
4462846
3616375
1430337
3251273
434295
2486452
6059
2788588
973259
3255667
3613353
1862883
4934163
7151246
5548063
4498200
302156
1001614
2544365
1977660
4454534
8154091
6567525
834918
5639763
4419156
325116
123635
3886312
5893738
3080979
2123167
2994530
8387745
3703400
1248213
1582032
4364894
1014558
3016707
1195465
3052909
57839
3965896
271074
3936000
1733604
4962512
4816842
1361283
2841770
5453654
4210775
4062125
1379516
990059
1518364
1387926
1775732
2693027
4061518
5794250
3073840
4983346
1297666
1203774
5869732
5197477
4542287
8040442
5000733
5048513
2313514
4478013
3385536
3184175
4212954
4108285
2327615
3143109
2131667
5974307
5810452
3804249
1638870
3784144
967861
879177
896128
1848098
1439596
950813
551725
5659018
3318091
13409
9599
4560921
422811
2669253
4627787
6445490
3442799
2031524
17607793
17611409
14216669
11518741
9623942
2955184
228028
183445
1293528
4284576
2427596
4326169
4968371
4880934
1426166
1087981
1257774
4322827
2195288
2883071
3363945
4964567
2862813
1418084
776948
449817
1374366
2973917
1963982
4813151
651266
2083867
3760554
4425853
2766567
4067720
2027207
4745977
1137118
3830812
18636151
16207820
14921037
12776546
9975367
8407655
5884333
4204424
951806
2498376
5792068
3871297
674763
24869975
20419704
17439745
16247648
13132803
11211246
9293290
4559159
4477251
1225443
3728506
2957557
3282027
3637096
631392
5242337
3682864
4083063
1310670
3484978
3144107
1952680
3449776
3090030
3017929
1359169
1202980
4003421
3072249
11883449
12734472
11164088
9866209
9337231
7984773
6953407
4742254
2657879
5087723
4241214
8606870
3527083
4241099
5193352
5576490
1582700
1718499
437959
3198928
1316733
2915355
2816614
2799537
614527
3270876
2762244
3403291
1671029
4200583
12330178
10736000
7465146
5350362
2315437
2111171
6359
223440
2268014
4111029
2485404
7196454
4437613
4304080
477850
2863728
2656551
3750298
2570806
12409949
12091889
11984785
7535122
5349402
4577688
2559535
2527984
3246199
3388829
5702157
4144045
12967626
11694045
9531687
8126030
9443814
6037877
5932702
4383208
4442495
2883778
1649040
5112807
3854843
3266656
4014488
2565229
6144067
5345917
4187166
4173225
7020055
4630616
13460182
10579574
2014459
10967762
12497303
9590383
8407242
6593249
6534492
4110426
5883032
2645941
3110962
5162896
7071079
2522237
4220848
1839041
2406281
45131
2344083
1075132
3764070
3503368
4584060
2636799
4104809
2329300
16100557
15497076
13777631
11744606
11624865
6879811
5064259
3327342
1529048
4747892
3910069
3886465
5361147
2277853
6024033
469316
1268963
2041287
3999581
1789294
4468318
1212019
5919772
15522699
1725925
15639139
14600064
12882590
12749677
9720649
7197306
16653481
15244075
13733786
12170548
9717597
9629331
6044002
1972060
7164196
5726181
1515092
29100
4031241
3936101
2054657
3125703
4152935
15436051
14180035
13615285
11664533
23691449
7737167
5566391
5634812
2072632
5664932
1503393
3493321
4000294
2786095
4504487
3124904
566982
5487172
5305066
849516
5581585
3220945
5263788
3351836
2005081
3831813
2394589
443936
5750289
3073186
159230
3218922
2649501
2192304
166628
289819
4736010
23093744
239218
2717643
1304629
6607614
4805638
2518990
4536704
732227
3585182
3216963
1595301
1373304
5331258
4976506
4841958
2960947
4604191
3268705
3469588
4335124
5303975
1050373
3522156
1420863
932618
19843630
17394267
18143634
314154
18023018
16588927
13839386
11080532
8918505
7373651
6270224
5150263
4916759
5423279
2282583
4329774
1965601
663993
2591043
6634666
5202792
5194856
17752227
462360
17046744
14216111
11011688
8432318
6244200
6069678
4200527
2807309
1039364
4647058
4828835
1845563
2192838
20334468
3683110
3166936
2434214
3618355
1346641
2856206
3691497
3547953
1271056
3116733
6681948
5469330
5783608
4683258
5927274
3689605
5434281
2437775
12417594
11308499
10623270
8637144
8337014
8170592
8420506
411577
9167759
8515972
7835605
6726374
3664317
3530386
1682240
2809620
2520769
990899
492962
3267193
637588
3749339
1215117
4910438
1460662
3588202
911259
2772964
2443618
3506500
661730
3092526
2814884
3597626
2959636
5584890
4401987
5911889
3236805
3455075
3677812
3513355
2450529
4492421
4954224
4775030
2626751
2997622
1549579
4053754
1759061
2618754
465909
4616109
4452312
2813960
4901831
4599052
4466877
4893776
4373319
6730347
3267369
515615
403132
4901677
3676925
720585
2754386
4153985
657702
4584704
4583277
19521080
16385041
13748458
11715556
117539
4371449
2235183
5620859
6200753
3507207
2196508
12854944
12730569
10399688
10118637
6765286
6591940
6759355
4029846
6769134
6682490
2719728
4010047
1643667
363082
2117720
179206
2122931
5931598
2646298
857304
3448895
1553506
5136957
4657066
279619
4005966
1058272
4641377
3731705
5503499
2136003
4520967
4847229
4710609
2886679
2305520
4018347
2531627
5977186
4752796
3397501
3997453
1407981
2790400
2305429
1599344
4972911
3332160
2241565
4839181
3288056
895606
2441560
2038542
5757691
5763661
3680894
6118517
2059428
4597793
4185749
3919503
3628562
4545159
426644
1824545
658749
1199686
2085195
2259802
4443863
3635934
673640
3625459
2076619
700041
1277989
1026544
4870138
4585699
2106585
4202014
13274377
151991
4449175
3801065
2983633
1827784
1472299
5526938
4298178
2976137
4339508
802022
4639877
3730851
6171158
6900200
2006710
1924200
841850
1135227
5362877
4337795
4089545
5472393
4204677
4829631
4283876
12616116
8969602
10329819
6888179
6769104
4029176
1632458
2236690
2616148
2291014
3455445
8691888
3824806
2703540
5671522
203851
2712262
4845445
9623830
3835960
3715240
361889
3996996
9918268
8771214
8723801
7963346
8062158
7883214
5682509
2197593
288760
4441339
3942183
4145586
1662704
4183279
1902075
1932331
3545001
4201044
1096517
4562344
3636655
3917752
1227868
965202
2496033
3524937
2875401
5317630
2905610
6781871
2326425
5448570
1493065
1386794
5034294
4262789
1415618
4079880
2352577
4838431
5235979
2046336
3639567
3930486
2834541
5641118
4495284
3512504
5379337
6165157
3674535
1104133
2707117
7186343
2146170
2896590
3412464
4048272
5579406
4030192
358174
2853311
585632
2602189
2387442
2052390
446846
4422587
2650341
5147819
1122324
1553451
1793163
5367208
4472351
4311050
1622558
3502296
2688616
1308232
409119
3949252
133758
1748482
2081116
5674081
4810032
3010435
3907751
2773399
1543809
3170057
2883708
6778837
6103826
1995187
2229256
1483892
3059949
2676422
1403605
7235245
3792375
2780572
4158386
3792811
3993878
2758110
815272
4781316
543658
2379512
3884729
1684100
565302
4812033
5371280
5517325
1312994
2684035
667826
4073680
3492872
1142660
1502310
9804824
7442799
708112
6390454
3043817
1304945
4473249
5700514
8033416
4595614
2227269
49965
4741281
1377695
3159099
4329697
12106522
9064574
2004499
1222884
5678606
138248
2206993
1433987
4832371
1474048
6271781
3917473
5861874
5788933
6191827
5430233
3226795
3625355
2240419
5294126
3665763
2233765
4492100
3341835
5728099
4407540
3286262
108101
1876244
2956598
4893857
1487871
3768110
733365
3501202
375001
3169296
2178150
3489825
2186940
6347610
6175324
4156598
3771198
1970323
3803127
2191185
385408
7267611
6157708
919790
4078832
4652486
5203177
3514971
1897300
4373957
2375405
53847
766794
5371695
14342
2020158
5209858
11475575
15405635
2171089
3507614
14808037
10950351
9195
2844435
18610168
8661256
4078291
1204316
2038332
2781927
1351576
3933482
4774995
3253662
1582149
4990098
5891993
4721035
2331034
3388662
6581496
4570122
1507660
2074971
2519877
4165552
735408
6356010
6271201
2375117
4036633
1205901
4040026
3939835
5973154
3810935
5887175
1876073
3688084
3972971
2423698
3932066
4198931
2238287
5623865
4804956
772903
1668907
588013
4652713
5013807
4473244
5335789
2662285
2603940
4790712
6098397
4445076
4934618
1626032
4014784
3291332
2577280
97698
1432577
4136222
4825513
3805132
5006870
1735893
4808591
5035814
3719484
4379831
5809248
499431
2165172
291877
2123139
3253097
4453522
2549055
2841553
20489455
20404301
17131319
14145714
12509412
9296904
5870334
3877276
3182442
7552181
5229552
3443213
10850558
9790206
8466918
6867570
5048328
6766753
3768759
4924250
3916350
4367268
3320866
4926100
333791
4229511
2257615
1462457
1877715
2733296
2321555
1724541
3435991
4714890
2650313
4010186
2255448
2995337
1689916
4317804
3898923
3909177
148303
320638
5739691
5887734
4645008
1034792
2492073
2343912
846714
1691992
874706
3694302
4042279
2466852
3858616
3694893
1533295
2816997
2142425
6015968
5936247
3736057
3299628
4213171
1275355
3747225
4114371
2611125
4101196
2939532
9039810
11884323
9195700
4636380
524400
3818789
847461
4311720
4809667
5246536
5930600
4091007
1792569
1320049
4375234
4648418
1016909
389213
1128876
2513617
7674168
338025
10013340
1197705
5505294
11881786
9749199
8903180
2213159
12924984
11368794
9590406
5624593
5908198
4504355
5844420
1872832
11459905
6898752
6419263
5351496
8224654
5784541
3531726
3491125
2034142
2628382
3293677
3530993
4322017
3118659
1487321
3711857
16444633
1553725
5359557
14814196
14551616
13289607
12087384
9914277
6917452
6234891
4784001
3360496
9773375
7424903
1762300
144561
2424373
1644084
23603737
20843452
20720512
15546773
410343
13798939
11942930
9872581
7237811
5787865
7298151
6088217
4871385
5907405
19317988
15232
2208896
1112152
3805196
1446958
3326313
1587797
23038672
19836657
3543086
684039
3644297
8004013
2905238
326618
3559852
1282674
6289572
5281516
6093415
2636227
6353924
4061194
2092173
758433
2454975
1943878
12027964
9262925
7936812
6913201
3510863
1557317
5906601
2682368
22572778
19458404
18548382
16437942
5111863
3568330
20822379
17576229
17483017
13379735
10961045
7304960
7142957
5678047
2799203
630209
5417736
3253833
2119021
19526780
15183926
13507091
10624625
10557099
10488638
7371223
2067538
3728536
3315083
4741313
2322722
3246449
14050308
11890776
3563802
3439358
938431
4226293
4324282
4293321
4037148
1299458
755175
5648906
15261694
13562537
14345818
13300146
13178177
9051363
6277065
5546293
3498384
5670348
170806
385833
4537515
2437508
2694384
2525173
5310194
14569792
14531456
11823123
11747608
11917689
8280166
6835798
6153969
5230683
5051546
2889437
3369955
429140
3662400
828916
3745207
4044044
2585934
7063394
6912461
4803084
7877193
5964549
2537989
3484301
4634565
3370604
6010270
4214507
2870731
5723309
1935854
7772184
6467259
32754
16550484
16601913
293094
12888482
10541080
6575035
12979849
6590871
6588482
6574503
4534481
2280752
2910251
3610633
3207824
3289169
6512019
4418612
3691311
4711333
6138827
5012870
4167715
2882040
2010383
542528
315817
3615663
907035
5392504
3411966
5808110
7006006
18368849
2462690
1657018
5258281
2711466
3673679
19197540
19912954
17543198
15372735
11976735
10497073
5762101
4421366
574638
5261177
3069298
36634
1721418
3675871
5053015
4345404
4417982
4338365
2085673
2536170
2401685
2999951
3571697
2872141
1133229
4399202
2579774
37793
862634
1352726
4045155
3117809
2307043
6020201
3891524
2035475
4206774
3564371
2781408
5246203
4003779
6758730
4310809
1300302
6860622
8007353
5210752
3602775
321537
2700117
1238439
4219404
1008936
2926814
1111331
5259784
4385378
13010003
11983291
92274
1549349
9403
10532755
8458523
3546047
4957878
9212099
264295
954910
3797674
3967933
2318840
2134115
3331992
9148473
2802727
11585410
8576182
8674451
7010185
3561875
4451788
4043504
3347702
1560412
18548997
1564500
726324
2639184
5888165
888154
4101173
4458608
3754549
2807364
4965699
4155553
4076273
366214
2596694
1446193
2390366
1553390
2141054
8366582
8286956
818394
3169727
1462344
3012967
2628658
1532745
2521020
3408762
1362097
5011127
3974063
1407262
4128953
15799257
3197352
3499144
1034758
2269245
3973646
2282228
5366181
3144556
1123726
3440851
1905598
4055078
10933
6835797
5637236
5846358
3750662
4874203
3699035
2177485
1282293
10267
5092393
5866986
3818474
4809663
884378
841071
933330
4910647
3063410
3847397
5132171
5085492
2099081
3901825
4818122
15743160
1157220
3652726
14550043
14267311
11382703
9212600
7326161
4295260
1309683
7167096
3607187
5639635
2162378
3302534
5967012
3809510
1230754
3665619
142109
3983200
502222
3211135
1736516
502276
3198173
4606184
1362522
3551345
1552779
2739594
4928815
3835312
2569122
5020259
1115298
4211963
2674060
3979823
4094163
19445957
16461010
14737271
11524433
11369107
4251382
4581356
3466400
3720069
3075767
4619348
2287308
5442983
10132506
647501
219725
3613685
9966638
7593584
4392682
4311895
2390341
8218805
8942342
3617472
4101120
3938306
84216
3802208
836797
393784
7014646
3753933
1210064
5004552
5126968
6198546
4592029
4625366
2967019
953652
4462951
4741805
4536702
6927246
10887163
296279
5794520
5199702
4424665
3962178
4945667
1182018
5334158
3861610
2911349
512320
625617
4781192
3862675
6235439
3316954
189585
672193
3323521
1448024
4206007
621376
5859576
4355046
2768673
2057594
5140315
16418059
13964262
11514327
11341811
8142193
6698177
3781557
2900922
2791776
936200
3307675
5477255
2233286
3862286
2137196
5032505
2211079
16186219
145149
4151516
3089919
2101975
5265458
14895821
14894085
12650635
9420230
9193136
8165501
6607978
4617657
2953377
1811486
5694608
3811460
4983587
2356911
3579155
24324
4856343
2984149
1863005
4396272
6058481
2837651
1518366
4516589
5246462
1437530
5090398
4523346
5286466
454804
483190
2901299
2125562
751240
16620886
15358979
15258334
11104405
5973498
22618943
20853708
3336425
1570168
4921677
5454754
2377619
1562223
5569505
2943891
3912717
11560805
9044649
268745
277753
2714056
6060582
7430661
15613819
14009276
11192917
11169977
4868358
3814752
2131815
2209835
1833466
262620
1788936
5030318
3061680
1942877
1044023
4983914
5680065
18453090
15832144
15660564
11731340
8432595
6463553
4915447
4319404
2287360
3075101
4538734
5443919
1534715
5943757
5265110
1681830
3668706
677263
4752047
4675546
25376
1389074
5457157
5144897
6225568
13233378
13153649
11078267
8464270
9379948
8359445
3970426
1430240
2874590
5544751
6329010
4680001
2609272
4235462
176397
4009632
2083101
4931236
3374815
463045
1960877
3118622
1333823
3349241
5653793
7391501
3309840
17711
547830
5572823
5819291
3318611
2574972
4325226
2397793
4382959
697070
4451078
5625993
4767380
3670
2178919
1771722
2209830
925716
2740397
2884977
3298527
3828648
5676971
2441019
4478803
2841707
3581583
5765443
4386731
4023414
4815236
463735
2995062
2828996
2883983
442925
2884603
1580875
4669833
4066473
2119782
7539382
6358705
6787036
3515095
5484172
8696552
5954782
1495612
646996
2546513
3722221
5857513
1426262
5014936
3034200
812835
3540494
1850270
4756254
4147711
2627666
5251402
2341728
5397798
3842306
2417558
5312100
2261151
4881676
5751422
3750960
1535792
4831704
3084071
4466804
9089053
5832967
6152609
2191867
2288315
1617612
3662261
1017313
3473594
496030
3658642
976162
657363
2981289
3092911
2899728
2610875
1516842
4687375
3554488
1802715
1830037
20768547
1921843
19937786
14851244
14758054
11318063
10176370
5633412
4549594
7927059
4290547
5631110
18289108
11667638
6215683
21800067
17564861
17711638
14827089
5150848
9046594
3983469
2124971
5092446
5012990
3775198
2603415
902126
5185543
2090406
3836289
4152218
441120
6145546
3515969
3206353
7244731
3791719
4478727
4848282
2718976
6765680
3673385
920160
3949454
3458978
532671
3329430
3420079
1654364
4088251
2228643
3293366
809260
2206023
14562927
13540222
9632478
8686440
6985441
5119428
15738141
616046
5063346
3576779
1533121
2253480
8396054
8055119
6968171
6435568
4352377
2379613
3609357
1081704
1693925
4401555
644197
603220
2247453
11720758
9488499
9366676
7004069
6745692
9617805
7150212
4591846
4981030
4028718
3857359
2396703
4553622
457763
2982873
409866
2975929
3285247
1938307
3562196
5098027
1511758
4586825
6141757
5567973
3197525
3981760
1136207
16003589
13464178
16140
15635167
14826382
13520194
5407583
3584826
4479350
8883844
6121384
17290364
6203362
15760102
14747982
13404070
13299021
11855805
7613041
4977590
1754099
111961
2281888
877705
5885983
21963869
2200285
22956347
21559082
16855816
13686784
10118544
11136112
8955254
3865776
12224503
12331784
10691244
9570087
8767275
8703757
6098266
3749353
1536394
2369491
755028
1217574
6400835
7535669
3619881
2318826
149771
3432908
2958347
4945839
4353906
5685627
2719967
3758569
3147726
2151297
3615331
2878885
1004229
4037472
3302940
520329
1895719
1724897
4400789
3198702
27582
4034889
2051969
4506682
2564077
2533176
821490
941635
358149
5765893
2182503
4970640
3010414
8320072
6049778
1985548
103196
6307652
12708641
806938
3014784
3150782
743655
2902907
5416314
6833010
2968461
3089934
225500
4572435
2270438
7145532
8622997
8553396
6642846
5540576
5441717
4138410
5009577
3760071
3013093
6220923
5237528
3081719
1188011
2886237
2545951
7604081
3939911
5693833
184648
3479879
1718154
1324053
3178978
1958415
4813561
6332897
19251821
16777046
15005431
12581776
10553060
8144996
4990026
5686632
1062557
926290
3477038
4019951
4580929
4734004
3934824
14781750
10197205
541197
13039008
9943932
9828673
7215822
4987656
8826542
6543537
2678161
2067040
5495268
5041421
3643940
5712638
143331
7971472
223842
5941468
5552525
1251913
4937962
3403072
6944675
3951815
2208879
1097531
4422229
3122648
12472283
11894519
11753604
9007051
8088105
5555214
3907452
2650220
5672078
5390931
5326309
2256732
3083411
1637135
2821216
3495102
5139934
1061210
3918916
609135
4264261
755279
4470671
3227003
5513769
2566209
5205742
4641664
4985834
3023173
1296315
2278123
914223
668217
3906164
765500
1329749
5893423
5001118
4024843
5567168
3041894
5885921
22225756
1614022
681264
4350163
2717900
50826
8475
4184538
1613995
4820114
2268556
4119106
1921036
18393338
4481812
5867536
15723458
5558376
21406066
724300
20515975
18528723
16091986
15959973
12115591
9968501
6576325
4817903
27031
143389
3045360
4971324
3208736
4060257
4187000
2766780
1565010
3584956
3493544
4917836
1154048
1253722
2026895
4342548
933354
4393846
4367186
6067096
1283607
2544879
5925549
6330587
5228979
5656504
5764524
5623802
3443173
687443
1509183
5396104
5367380
3445850
6032750
5955655
4570025
2889864
2004980
6055292
3702155
6037765
7195241
7087098
5155739
3282622
2319686
616155
15182862
3133999
4861404
6812172
2607294
4037120
2394084
9014092
243493
1912427
2921425
2803206
1689981
2939374
2936849
2443034
10902564
11214946
11014181
8599757
9580560
2552723
17819558
13001505
13098340
10587545
9146205
9058821
5296716
4081514
1807788
4666361
3654932
2802821
4619137
5759775
3940073
1807198
3048962
4757988
5221862
3706777
3446113
4790220
2759053
5537166
2588220
4457852
5367597
8388312
5059492
4901173
15067261
13094445
11893945
8481686
8648839
8441601
5104505
7098646
4049402
3766705
2033133
1978373
5008494
3615720
986951
5778576
5302011
3909421
1838558
3327544
307723
2914131
14176
3771406
796896
4752105
3054064
22173211
18449940
13690895
463904
4836056
16533170
1710398
1947089
13151924
13043655
12884201
3408481
3310419
2243844
7542053
17036622
15811617
2925723
4060897
72904
2627235
15103507
7676364
21167923
18541789
18449378
16391389
14284727
13915916
10726855
6627661
4288003
1129257
3552804
2753173
4024089
3090672
1807249
1112067
4810991
5695650
2139998
2570138
5486352
5321267
2161747
858619
4152253
4414335
2403950
6396393
1984927
3732429
1120242
71464
6311172
3253945
3566476
3863506
5114328
4928591
1707144
1194143
5497462
5420439
4336610
2191213
4923419
4631380
2185542
2928911
3705155
2148625
5490915
4172120
5395698
7265125
2643054
114147
250807
5416184
6210732
4258610
5924691
5778224
2870093
6304231
2284175
3528775
1731047
5890296
4473784
5769269
1663969
1795466
4280274
2317435
5068313
3801533
996848
2745749
91657
119472
1045068
3699540
3799145
2292701
893231
8716516
5693477
2676515
3548647
5261994
3174215
6866109
5844832
6425602
1727496
9316
3363795
4144453
1780569
4023859
3881015
3726979
1877741
1672276
5016241
4829248
2640474
1716125
6824346
6586965
11348263
170934
1840708
3605288
2626119
2413571
36687
5271644
1469531
3143328
4285724
2040895
2221874
776377
12753
4226090
960636
970781
28465114
24325715
24463994
20830568
16367048
16362104
12429232
6515256
4781672
3446689
4652402
3385474
1431582
3908214
3541347
2780739
20696223
16603519
14929392
8000323
3488940
6915511
2596179
957512
4392862
137645
6953731
6693568
24375676
5314613
18414081
96165
824727
3576820
2865608
1428475
3432064
4714009
16821200
2156571
20298043
20798107
19058318
16869940
14588779
14415448
11574485
7792521
6817469
3728975
1484091
4696434
5289890
5218928
4447061
3246685
4010972
7122990
6025271
5397125
16471760
16277910
10672999
5206657
7763273
1125128
427055
6515197
5545637
3461610
1715344
78426
126572
2257381
22116533
19891616
17848478
17564126
13865886
10510817
7245322
3838769
2820771
2478436
3777168
5240204
5873283
4568700
2086374
4078834
3617609
3035888
1580911
2751775
78680
900845
240034
3511259
1266959
3917724
2590112
5686872
2212734
5702716
3199281
1518276
6328734
2633524
4904940
6857216
3049427
3113918
2952616
4191487
1019589
4594279
19216790
4570344
14638229
1997425
18665675
121930
19159805
1504161
2991497
4177431
27946
2293746
1745914
4216170
19329455
20377241
16910577
15439557
12190350
10073067
4993481
5549724
5399103
1854827
3460080
4774216
1628306
4539233
4616693
6198110
19451567
15827181
14502735
11122807
8053683
5335933
1419633
37618
4275906
4771685
3379178
5228542
1371278
1203043
2360559
4118509
2584821
3493069
7949460
17592872
15362736
3577755
267581
10453109
16546649
15220358
4092657
3986745
4593296
3346527
2136023
4394201
2868316
2181192
6435723
6348744
1940657
3627794
1548273
3020134
3724482
1856775
4457073
4293600
2321662
5654134
15512143
15515434
14196251
12193790
10076818
9880501
7888647
689225
1096451
2111519
2962368
1524649
4663370
4535245
1782180
870533
2236545
3492914
3431988
3348849
3443366
21669198
21740926
15548072
14636278
12807660
11481337
6836028
3910608
6534208
3052105
2807001
1231770
4762818
1993522
6724532
5284736
3928655
12782390
77240
15137796
13240472
11549619
9275940
8325956
8120960
7094837
3598763
78006
3449770
5496247
4761255
96267
2227785
2137557
678511
1325163
5194624
1782908
1848767
1631697
3825877
28672
505074
3952338
3436447
712729
1325719
3496340
4514416
1614376
2675403
3798566
2517713
28969
1656947
2188079
5946596
3500117
1579487
2637941
1123107
4043104
3685090
16620752
16528497
14435527
4507724
15675667
15756688
12648565
5001012
20469810
20361819
17127448
676475
15376817
12396816
10628782
2628248
14102336
14026019
11264198
4257286
1331974
4296962
2676014
4349186
3765614
5524488
2545945
7279243
6782594
4753330
20098784
16987835
14252402
13771873
10873536
6481063
7867170
4447889
4508671
2671489
4997542
5891085
5355513
5126048
4769912
5083919
2293808
483890
3142745
4942001
2240208
1712269
2459899
3967304
5648939
3694993
3191127
3378308
730558
3688615
5304176
4519065
4426812
4144436
3133544
5014281
2079491
562245
5345785
3860221
4100513
5070064
1547989
6158978
254029
1517015
4436470
3824027
1245037
9989
25213332
25039010
18833288
6924152
5865971
4520524
3911992
6192314
2081276
7379653
4673906
3878310
2622927
212558
5096600
7003293
4590888
4471050
10143039
4327070
1130681
722667
6213542
6448402
1158413
3877997
23125474
3808391
20484318
1453670
1099265
819816
923583
26571096
24589739
4069556
757523
2919678
27071349
24745855
19780254
19775900
12990813
10675008
5760965
1349489
4640204
3024070
20038690
19905240
15750213
3937533
21315845
13814
21022928
697640
19699786
3850831
17263387
15479345
11503128
10559922
6181826
5656198
3694079
1519103
17726
4987558
3965335
4937334
3077025
5343795
5491687
6248620
3381367
2981244
5174453
11418961
13321680
9090009
7526846
415456
10628341
324589
14436002
12610611
11408743
10214567
9220951
8307131
7069596
6641758
5640523
9159393
8066313
5000759
2323486
6057509
1629944
2723553
1513849
4648039
4719802
3698979
3689606
5668556
2126049
1571981
3898196
2555337
20533284
17582519
14099616
15684669
12407733
7618041
6419606
5115333
5287592
4271589
4247883
5444128
3138849
3098859
7223885
5776727
5644482
3126666
4238582
5240648
2986806
5938612
3684010
4133008
4779581
4712417
4601092
5108512
1622023
4585578
7872794
7321359
7404648
7645180
5100935
7857179
17167443
2508016
16476094
14265690
13146257
9342917
8481871
8358422
2119983
3727037
2008774
5023120
2902487
4674178
4074392
4100866
147774
998860
1895785
1676271
1595133
7370345
3408687
4302709
2133136
4189085
19013362
16656459
12500407
11588479
9249723
9164664
7403738
5669053
4152111
1514622
6504687
4795836
5008574
4909635
7491
4329596
13514202
11249617
11374899
9511727
4421427
4327368
1873968
2035250
3083420
3340834
924501
4464442
5740433
3702223
5187931
247038
3744457
165305
5713737
7252013
4240022
7193905
3321002
1660092
2442375
2731830
1838538
5097375
604925
5496319
4514550
2399654
4900455
4200589
6477323
6705821
5842422
5915610
3561889
5901329
2387686
5473457
2642598
2669469
3471017
3340180
665477
3779860
2847302
5064134
6386947
3865010
2889110
4259232
1699037
1962253
1503287
3344659
1520675
18088
4939513
6775752
3574536
7570384
2250681
4650272
1792338
5535648
3847542
3750684
1433461
5733203
2092597
4582391
3184480
4555038
6180822
6270108
2300770
1708921
5709499
3857523
3141177
3039421
3276625
4389495
154297
3946517
1266009
829665
9458183
1740020
1374934
5813766
2597461
1381504
3768061
3193584
3468671
13886938
11595119
11271918
912010
1911906
1259711
2702457
931555
172983
3915448
4932622
539039
451237
1382500
4733563
1880540
5434797
5932189
5861149
279650
3718928
4974979
4016879
3119474
5628775
5424833
6063576
3189278
6217939
14121895
13140283
11513031
10693065
8335945
8127835
6644639
4564263
6809972
6932022
4872474
3229422
5525021
6088594
3858686
2977820
1259499
1747675
705199
6028348
5975212
5890511
1872021
4923073
8181640
7615640
253267
6409407
5320848
5236059
2772673
3165258
2614324
5621103
4175130
838545
5395158
17159261
11419261
1028304
16187226
13342555
11964934
4413984
3100679
4768475
5060559
356830
2455763
2463813
1769141
823580
25714378
25546771
20090230
5849253
3087352
16859619
14938718
14838954
13645688
13476964
10365898
7481342
5597290
18615908
2607530
15470722
11166987
536620
12260911
67554
134888
6268122
18001076
14088151
13013202
15569324
10527493
7542250
5825325
3291249
3723327
1382052
3818295
6042470
3169066
1017441
4358453
2062589
4004196
1034095
23307720
23212209
21402759
16395632
14694670
12206404
10497384
6262965
4150633
5787991
3436279
5160311
1835684
110315
871926
3487015
27053
4940995
1334569
3197278
676219
2090074
2017837
4633542
3980548
6139843
2693235
863493
3777621
2709672
1452758
3946718
3375681
5353967
3673114
1741766
2423507
1965040
4130648
4004285
2581625
5131787
359836
269851
3033407
2875797
4379603
808700
23242
3873133
4430984
5144199
3333873
3224291
1514327
40994
4848875
4735020
836456
4004580
749514
3085094
3643266
202386
23122687
27866846
21181434
18768014
14631699
11016766
8992646
3146822
44628
6119537
551587
3305496
18633776
14357115
13020462
10163151
5215692
6592278
4285836
755597
1015923
6057949
5583449
5034241
6708274
6004526
1639972
4121101
661544
2024520
8831251
6665910
27953691
27846843
24039272
22623544
19487910
15725238
10054590
7817876
4811506
6432812
1945870
4651036
3655716
3041799
3887823
1640067
6051027
5682559
5766889
3737910
3251733
4850686
4410327
2797723
2392189
5883797
3710861
5076561
3830982
1829063
4387426
4868952
870347
4960507
56792
1501516
5609268
5363282
4245818
7936582
7633247
7598383
2993323
2304514
4904614
3847401
3071788
981985
5408056
5342858
1750328
5437362
2784692
4736898
4609262
3346735
2293424
2109602
980916
323594
22948875
20969100
19334128
17110642
11838712
11694807
6290863
2403985
193319
4098143
2565299
1145957
4146090
5242378
2871830
4878208
3966035
1438988
4823882
4078334
2934401
6004008
15115104
10167116
13714469
10893736
10283370
8717565
5379435
5249879
2142725
6471822
5462276
4054208
3116733
2024464
6195048
8014013
3876218
1809528
4713750
4230778
3178902
3139307
4646206
5238894
1418573
3186176
2745006
1455488
2491827
1756918
4878347
6178668
2554625
4363289
2225041
5333125
4707361
2217482
5241473
6652808
17327972
1222918
15848955
16272319
12774712
10393377
9017145
8704622
4775435
3099999
1694542
1175454
5391495
2053426
4556358
4423841
17922582
7258285
5391927
3329628
7141370
8470016
6550368
6372778
17145694
304341
857384
2467409
1066827
5784448
6272417
6051200
2421408
4295559
5116974
3699556
4999447
17410997
15575300
15435381
12025718
4970029
16232682
16345518
15244567
12698850
11224709
11098731
6098540
6001671
3056371
4029888
697418
3799744
3703325
3735851
797415
1072130
2525627
331275
2878877
1882641
4576855
5463911
2616739
5410952
4062198
2160439
5025948
6084826
1509229
3704240
162424
11313
754475
5671103
5482825
5369332
3860538
2964259
8022308
4315282
2695261
5952581
4685204
6291611
3664969
3519900
308969
1519243
2307156
3564730
577728
3212453
2742475
4707649
1681198
1851786
831162
3888292
341992
2315106
1334100
5394362
4491126
2192847
4306752
3991878
2206904
4913432
3568893
3279105
838029
1482493
5971444
5380452
2606780
183694
2261725
6757551
7081580
1931880
2690626
4039516
7215467
5841336
3735689
2083226
5586989
2862981
4173445
2806082
2346895
7541110
3329776
5698550
2774543
5562983
5650959
6400008
1703300
4584293
2211058
7038880
6763075
3231264
6300068
3961968
3704641
913319
5068301
4922897
954847
1776264
567791
1953501
3516121
4659951
4903859
20747879
2945138
2162610
621197
3172089
3400670
1227939
2962358
4554844
2145401
2280239
519724
5053446
4340577
5186273
5329761
6676642
2367434
1466045
2549444
3611677
3098602
4047352
2236324
4751446
3562542
391379
3354307
3739587
2248531
1257039
5424425
7956972
5818339
2297570
2565517
4553626
4755200
2094831
2712703
3303349
3217101
1813831
4847139
3259986
992223
3631577
3751934
5510911
3103246
4539922
2904529
1867929
2119213
4801582
2694227
3979504
3262883
1528297
1977415
1228754
4759682
3268609
3540257
1120361
4326629
3745320
2272058
7204247
5386427
5129150
3994162
5179981
3556263
659385
7212264
1819969
6274118
10209263
6899300
4483639
756813
172516
4519904
4223201
4073111
881259
1683201
6440859
6692448
768813
2702028
2638439
6309258
2198916
7654008
7513063
1708369
1227771
1741177
4454829
167827
6698276
6571027
8357216
2920162
703739
1501032
2118152
3763615
3057647
3965975
5280968
2130412
2108723
2531816
443451
2986057
6270573
3152079
7550965
4408172
645252
1970100
3063814
9622615
10572025
8910227
10354750
5869317
913107
4117827
461467
16927640
15539451
14344196
14242154
11135122
3761622
24189804
5824487
5879968
27763017
1292864
6435331
3713875
5053081
3555112
4248143
3348186
1501327
4706622
4546298
2791710
4226614
1377530
5171306
15709819
12756779
11812643
11708021
10592252
8658238
5823607
6033158
4915767
3231436
1088292
5364589
3649084
483483
1896600
4064532
1658446
1345513
169056
2820884
1090519
4428105
4320755
5733086
5203771
3989876
3269542
5988151
3171218
704972
5638932
5160882
2611964
7302911
2270382
4681812
5290563
1963278
18408852
16115041
13820950
11296117
8589912
7703639
4287137
2902890
588368
1319020
2306111
4985115
3061787
7303961
6170576
2128152
4927863
5092258
3390570
6884220
2202867
7561827
854310
2905988
5676246
4966701
4289891
2358959
4150353
5754415
574705
1858543
1761521
1739585
5743881
7294723
4472995
4252283
1627290
3714313
2759510
1842807
16002872
13775818
12606073
12418930
9727866
9047011
7104416
5485592
4900931
6067812
417052
3589600
813315
5717687
5325578
4141402
1710218
378177
4908513
23679210
20099945
19509542
16930283
14217255
10832537
3907613
5803718
5750533
4643885
2977311
4200009
1834090
4412068
2295527
7269543
5436532
4196772
2531997
3879833
3125763
6787951
3170650
2256724
9851131
6364504
5710090
3164097
5316482
2734703
2167270
6121558
5076590
2452144
3149438
1266149
2299071
5904694
4780136
4349372
4359050
286765
485497
3047149
1256130
7097670
7013662
5006277
4895216
723025
5760248
7840250
6003016
4778176
2465651
2494401
5771643
2200062
532730
5205231
3392323
2874454
7858216
2856287
7216881
2890846
4868042
7414114
3059389
21576799
20469922
16452689
16114426
5805512
2706471
348526
1709936
1427625
5004051
4953559
5412760
1752361
3521084
1086054
4128999
23391938
20352178
18351055
18132337
13066829
10693710
7217241
6577553
3200224
1173742
4099970
5608335
17135209
61373
387759
2448371
2801062
466132
3028716
5288501
3858656
6845683
5256826
10662867
6849933
7752037
5809332
4220537
2173590
2950416
6637496
5145889
2139779
510160
4845362
6242540
3584387
2779857
5712079
4867884
961282
2248190
2221516
4358615
2190085
5841328
1208671
3956482
3067080
1051810
4098300
19891848
16333680
14174289
11078622
11082981
11236824
6802766
3664950
4389167
15798493
11162493
9687775
8701720
8747490
7217306
5551414
14825226
13180096
1825562
15043534
9165310
11135249
5426615
3193653
4125402
2368063
416764
5164657
6349085
12564525
11333308
423641
14669922
12741925
10506085
9329260
8621852
54540
3747776
1883780
5122730
3227940
1482249
1945929
1467034
4008432
5573141
3293200
3933511
3243002
1616925
3855312
2665351
910315
2978009
5956795
17367387
14872586
10842488
10944002
9418117
8697245
6061241
4920280
4821676
1749837
51632
7077645
3642396
3221347
5973277
5555844
4339908
2286744
7274178
7065537
7172205
3806038
6663952
4134498
6974399
4406765
3008473
6727728
6857282
7036708
6587089
5067821
17558742
15328991
12104935
9801756
7120983
4924349
4684521
4719634
3802672
6087675
2176922
6220588
4542051
1780841
170553
4484274
6001526
3219732
5540420
1294355
3598020
4370609
1625324
3057634
22054433
18223700
38334
21195917
19666750
18202106
15456592
12479223
12342298
9067123
2416171
15046563
15224427
12860227
6493102
24585535
24494220
18864649
5902111
3526273
4181782
958809
1497730
4378298
5980288
3780075
318054
1465641
4905843
5335576
4820438
3911547
5453766
2310407
566821
77498
8243451
6657594
6443701
4715676
6303777
2557891
2069936
2322157
4132094
1485939
466570
3582745
3491568
788215
3522046
1757728
3900834
4591211
3302904
2735262
2947993
6601923
1575283
5401413
3053928
5064896
3794826
4642178
4376109
999849
1920516
4741125
5773593
3972424
3441922
288559
6807931
3401400
5288546
3841216
3061841
3976961
1615999
3992240
4921435
2997288
5570996
4631882
1405437
3397521
3918730
4926969
6508931
3714938
2259524
4266429
3350942
1550725
6242656
4443044
6961743
4113276
1034282
2091431
5980175
6553039
3884601
3782329
4996178
2050226
4774488
4483546
4012645
2225097
4213695
4037233
5976074
17465104
15892662
13976512
13509394
11663030
9294892
7554862
7392238
3500050
1802854
3062450
1669622
4934144
5810687
3464778
7062591
3188971
2946992
2012609
2026766
5791420
4781494
2976243
4456095
1721642
3602010
421364
1016106
5495780
4035389
3079582
4184021
5822106
4148300
2478736
2852212
665788
2858924
3782358
4837219
1735996
3775951
3293077
1445171
3415660
5305833
5932606
5838896
847248
1465620
1108654
22710762
18645531
16628654
11811179
11800475
8411628
5955613
3719092
6108965
3072502
1996051
4508093
4405353
4281636
2748800
2378011
4570682
1496676
6391947
8598275
6237401
5549422
1940407
1622472
4315902
4695519
3848256
3085416
4816014
4769952
4317882
1865274
4871125
5200512
3470627
3207529
4953380
2782533
3599040
1831587
1469748
2994497
4180954
2623398
7681023
9836123
4624222
8507879
7615485
6212171
5320143
9132745
3872936
4118741
421446
2082245
4898803
3638106
4980464
4054959
5243312
10234214
2203145
551159
1955295
16917544
15947351
11877820
701654
645548
2760148
1972057
3001090
4406047
300067
984174
7142586
20450973
4134772
24839175
22043809
3971359
17238239
13987627
13839247
9598001
397172
8727630
6883264
2682145
3005434
4021947
5307311
479430
2276522
2014955
3798791
1395277
785071
2970061
7118410
2934464
6004341
6720428
4004133
4389602
6230835
4302915
6882392
3588865
1677864
260421
3990959
4925183
3576183
19992230
742924
20419099
6473605
21789028
20178969
30125
10570799
17830378
8862179
10277330
5805245
5922763
16564231
15137978
12836086
9482364
1014361
396964
2176715
2826160
4059093
1455888
3537535
3926199
6173630
4881094
3671668
1879093
4758992
180729
748844
5259924
5189652
24454584
8679
24620351
23536112
18927889
16726929
6553695
6431428
24670872
487510
23720096
20302900
3914485
1837156
6258858
8259580
765906
357512
5034672
24000097
7380033
18289524
16679839
16576312
10562750
6131832
18857753
6070412
16537229
13016274
10292404
10214581
6886285
2664610
1940600
11697045
7832108
9056955
7626666
7563887
1484212
4692331
2180877
225380
2548784
2445067
125492
1737900
21720
1065567
4043232
3396761
2289301
6667755
4269604
6087073
674831
1018513
3679084
20458254
18192682
15494401
15352951
15272851
7104645
3036319
2225698
3521976
5302608
14785607
13935550
13832219
11765765
9265215
8817714
5926263
5846739
4295828
1069024
4169025
3183976
3365307
5782583
5253977
3150799
4329927
5254315
6667009
4863186
3359663
614041
612414
7557079
2160769
850812
4228951
3350897
217888
160653
4674217
4972045
2796983
3064556
2948735
1338486
3553046
1690561
4765697
4892503
2643163
2501587
4731582
2078355
3879252
2485639
5115396
4323215
3470009
2248231
2864368
4450330
4547833
3162917
2596467
4212941
4476958
11378552
11261274
10040492
6750533
5167794
6739485
2501643
5256984
5740439
6749151
5208228
63296
3941745
195585
126500
4969936
4482048
5752467
5076881
158155
269479
3518263
5411491
4234932
3913403
7960638
4036199
1026722
7010656
5367696
5634572
5745103
187589
5746404
5052948
2320685
4002577
3512534
1144073
1793644
4011285
4953473
2113393
5169844
3569631
3287616
7740469
5878015
6324603
7649787
2707132
1368496
1750889
3728143
825842
3945270
1198682
4930468
2711716
5704530
4050382
6211746
6330255
5296118
869147
5479225
4988466
3961643
3007862
4658868
845996
5295950
2926397
6257842
4735332
3099876
1529639
1937093
8050127
3735704
886732
5511416
1739319
2291673
3810740
4443177
6876827
6152740
5637440
6615022
1955207
624256
4499117
2078380
3859262
756997
2569638
6989926
3420702
3979163
7549371
4662935
3058632
4031192
568204
4085886
3152417
6204316
614514
4882774
4687912
5063293
2599497
6011111
2941973
335998
192908
1116642
4811975
4361990
4442257
4683676
1765089
913673
3842899
4294561
4281525
5779619
3218673
6859060
3296260
5929787
5847087
4789850
6712835
6148719
4486970
7072967
4070223
4967900
7226423
5189724
3084711
4249061
3356607
3475409
211782
21243
4448508
3709284
4890737
5214233
565216
3282132
185651
1375687
1561496
936788
2248469
6455286
2396399
27986874
263266
4147347
4017403
2104043
3554569
8426937
4236567
5964774
1719856
3181849
2444058
4042136
2955589
1757235
4504811
4971854
2564647
5162041
3132145
3154035
9607
11581021
11101883
9831878
8427266
42078
9569412
9654820
8802027
7991824
6013726
7695589
5028007
2459187
1830135
3925006
4219870
4488610
2676918
4033251
3280984
1948476
4374271
4494299
3771477
1927149
7913571
26184309
2629655
1993826
25984891
25113750
23741151
21912471
16700055
16626555
11338453
6299925
4512141
4658383
2110659
4680548
2508213
5935089
3064121
2531900
137815
1016813
5633069
912568
4663524
5852689
2984685
5361662
4394106
3516216
7830876
4465118
1934419
5775755
2931029
5524889
3632841
8433973
8927207
7381835
5160968
8920593
7347388
6428855
4780967
2730358
5453895
5790862
3437499
6984389
3589326
5028261
2510188
2454105
3482533
5143835
297598
25241236
20588772
18602115
16040046
11451950
9280829
7992444
2645118
2559169
717149
3304574
3083501
3973462
2497048
1398529
6343944
6233485
4070418
4845029
3197972
5505695
6374751
5498721
3443717
4336371
2163854
3006279
2623439
2847504
2368389
2339135
4111203
2897916
2333546
29075
3229045
2596779
3190651
1863334
5463328
5354615
1214248
4925666
4296317
2722195
1112496
2779652
1222634
6231289
2159861
2761705
99549
481479
4923723
5526342
2259570
5184018
6280170
1206374
7480208
6078260
5239010
15144032
11803654
11507709
8934064
5706757
6550477
5881063
4051011
1000405
5365335
7137281
2910004
4506300
2468529
216411
1550808
4052154
2501729
5750593
786881
277204
1102998
6399912
7643287
4273636
1873890
5200440
3768379
2591441
694544
2390122
1151878
1462898
77163
2908998
821892
3728167
2730136
4740917
2528788
4714064
1557265
5173180
2993546
5539423
2240427
2908159
43411
4042399
138240
5726474
5867519
1739505
4553844
4680339
1224226
3579587
4008106
5754103
1465596
2821442
2643073
2416413
2021793
6131969
4715665
5253964
2269094
4860149
2937781
1662784
711501
5312643
2948589
6164074
2466158
4549954
2948929
847130
4764673
5796790
2853491
7597211
4128670
2709709
5965456
3512250
3467665
3113025
8486702
8416232
3317550
4419110
3582396
964808
4387445
2825309
2642332
3745209
251738
1401076
4548424
4633312
2195670
1935758
2314770
15182864
29041159
23315500
1826
19310490
9018657
4271098
8604289
8602211
11063247
5588905
9971
2269644
55820691
15118
9637
5175
61504777
7957
55873372
55879600
55650828
30370
25347
20562
12158
8315
6087
7008
4000
9469
6317
4747
2011
786
5634
3432
2013
5383
3692
4466
1188
418295
22251838
1149
826
769
7858
6425
4540
2777
810
7504490
1612
2374859
3335396
6830190
6759569
3727346
4865531
5507126
3803971
5541082
2634934
5018787
7545600
2821597
2597153
5556481
5365316
2800623
4980111
5437943
14276954
4075671
4322709
1689801
8295662
4624295
5726384
3174686
4263067
1828586
2044634
3723533
1750510
5263496
15644761
15520981
13942397
5385010
12597288
10174640
9350915
4815833
4822757
5568444
3599401
4336963
2748317
6805477
4578580
3507672
2151568
5836260
6335853
5045921
5182456
4455191
1882873
3859919
1996969
7403345
4039351
3939205
6029014
4157315
2950895
2771998
12884987
14516235
11943111
7764208
9613885
7484882
4951162
3469681
1972199
16511862
14429640
11396010
13253567
11042182
8570477
7186152
5541165
5392260
14656671
12773527
10324978
149357
9954685
6154482
1582201
4433994
1980658
199501
2110980
3947656
1613023
2828108
1769226
7162768
3777317
1967809
1676197
18597178
16215480
14072003
11902450
13564777
10089465
8367049
6487581
18510456
16130544
14028789
11827095
13505655
10090095
8340530
6352859
18456880
16007577
13938649
11776203
5106729
1460363
3612069
6001673
3461130
3294264
9577360
5461656
26253929
22458910
18836905
17401291
13130650
8601630
10669002
5005107
4892145
1619806
1471415
2381169
1985407
905171
4935359
1497155
3721747
1208093
2321002
1840026
1679577
316559
3549868
384909
2922653
102980
630279
9894
1502940
1403832
766529
2343096
3716780
236263
1567092
1785111
3051234
3485983
4870681
6599555
6431658
389763
3074248
1187151
3679377
138681
697203
5889255
7129760
3245632
2134758
753949
2976081
21193427
17018562
14007729
4404585
18497040
132795
541227
2271445
4231354
3966430
5789133
22321728
18897064
14041
847107
17338656
17434239
16202341
12880433
12828616
7037872
4502549
3181413
3422525
4565884
3896497
3451657
3542897
2627369
3784324
4622045
4446017
5586196
14365289
8921389
8838269
5483455
4310326
5033831
2318244
1790428
1176257
1563454
2995732
466204
2467882
4223820
1901336
3916923
5347268
6407130
8278066
8350
3694886
1544681
2202776
934405
2866226
4415640
5089117
1638602
3488674
2067525
2937884
3781294
1900405
3925299
4745178
2312949
2024618
3979802
3505008
2571631
5315693
4932442
4944715
2393834
5337764
12568369
9132633
7866906
7105507
6417324
17144549
14677711
13914205
13036612
11269813
10000524
7971983
6600674
6545587
4487129
6372963
3865264
734580
4411389
4061565
1186333
3410931
2298699
103684
13712403
11595469
10465451
11718164
8729529
4398497
2395939
1423615
1788617
4311906
3922485
3918100
1569818
4821463
130454
2955834
866509
1986234
32075
2389385
2924757
5800462
5593837
3733301
4894819
5027311
2831420
4056633
5678258
14134310
11710785
1060140
12387074
9951508
8347101
6837706
7630476
6263253
3270252
2405631
6362512
3974345
3994111
4638128
3792741
3682884
958546
1823164
1771394
4746032
3494844
2609918
1971043
4511127
1016464
972919
4921747
3903336
1638231
4383540
2177932
3947155
1996075
4502368
2362407
5423417
3379162
2269283
1249301
6929247
2757326
6482875
4302804
17421509
17343651
14491240
11161921
11068963
7395935
6381800
4206076
2645653
6027714
6413237
3772123
6627301
4790791
2314709
5079754
4778416
2858096
6278436
2727101
4106577
7590357
5657718
3784655
5273226
6326792
5462528
18962692
18847313
14895792
13025442
11153377
8439219
7223784
5346771
6313669
6219327
3359374
2481545
2423128
2863606
1445403
178711
2648886
5640740
3785283
3749317
1016473
1925964
1994054
4025401
5487054
5385802
2639493
1669170
8912544
7624302
3462753
678986
247931
5313203
10434124
8657865
6346636
5070524
4024186
3672643
1114448
4875945
2704195
10058903
8267313
7684786
5740746
4208408
2841025
3849734
4572053
5094850
4078131
5917467
4322948
2971246
4587098
4668717
3686651
1737226
2820270
3809146
2676473
296054
3432374
4214866
15702082
1451043
1254377
6059430
12796
18485357
17013142
15556171
12956399
11268745
9671978
7410761
3160911
1195162
6868652
6631912
3390236
5439728
15480445
12603341
10507863
9057087
5235494
4985329
16931762
536934
18210128
16486956
13702916
9938332
10587597
8813425
5427427
5496132
1812647
1421121
4096260
4998346
4148143
5477432
3796444
3121868
19692349
18728521
15242660
4578251
3098244
5051617
16833824
2313433
16799072
14851526
964145
3187636
13648343
13642876
11215476
2333750
2389677
3007015
2327473
2209195
3031227
20760533
699293
5109666
3667535
18116067
16388559
15193785
12016861
11905740
6674245
6777516
5637159
5478685
4054910
3269626
5613054
7897866
4842997
2831805
3904207
3141744
1917514
2609593
4131457
4019746
2008917
976456
19984467
6385615
5902449
4479511
4913642
4868929
63302
3990152
5006297
3047673
2660540
1262817
531415
5364477
3719339
2927072
10158918
8070826
5201012
4207745
2329689
4393304
1851158
195240
18698809
1902316
17997112
13825331
11182587
11067864
4656875
1321986
3551181
4280391
2234575
1322492
15565042
16705103
17330973
14272739
13030691
8480143
5957869
511967
4522111
5585756
3316773
536891
7008237
2099835
3311553
1773304
4107583
6720483
4380584
2650776
4916571
4890402
1649834
5400633
6972997
6869383
1400184
1335585
2232127
623588
997191
5416778
3567690
3366342
416273
5589309
6105642
4536648
6711728
8339979
6625005
6426650
428954
3057772
1325851
256964
13622402
11663551
8162893
7923300
16772545
6839529
14262153
11639071
9101974
6748283
2352061
13017792
10555901
5155676
15127751
11187365
9539982
6733232
3998728
5495831
3097495
3075290
12270219
9193364
7783029
6410968
3775305
3772581
3082626
1177403
3092289
2888937
3462040
2833709
4795252
6824523
2974667
4983098
1523649
4197103
2715007
2269757
3196313
3100759
3589803
4411828
593445
2368158
2091044
2606759
4537789
5816101
5190417
674232
5240374
4919723
813575
5053575
4034003
20461028
17889861
16068411
1130338
2083975
3954325
16178503
939982
11342773
6315283
4152846
1534555
1225440
2725557
1218194
1209313
6703346
3805689
6525561
5139741
3453291
4474994
5549621
3898738
19946459
16378685
12507302
1077919
1728612
3743919
13585197
13579655
13469733
9027665
4640221
2187951
642144
2019459
2910339
7256398
7124098
3119111
229636
5868983
4615438
2643710
24167005
19755584
19614436
14559087
11748207
10040750
7934638
5965175
4502015
5276138
5285915
551517
667722
4002376
4436493
1707933
3878769
4084896
6874501
4030043
4557343
4275349
6389308
4961918
5597143
3282363
3759058
2293722
4114754
3694676
1784657
5972447
6233309
267900
19102496
20882593
15460317
12254015
9888412
12740135
7904118
5572147
5269940
3640719
1445425
3260454
1389364
6559477
5706217
13045250
12964414
12097836
8063016
7955163
8099152
4639603
2591334
7124188
9047172
3946763
2133927
21811670
18296362
14916184
14563095
8663285
8500262
3340681
1885039
5236098
6975284
550752
2559641
1026568
5843709
19773667
802708
20392399
5438779
4100114
1295611
3667575
26198189
25018459
22122902
17695802
13284841
11900586
6948853
4271430
6726925
4628052
1482258
3672055
363689
3138918
4508901
8725
2012040
1513948
1569553
1198926
4307359
4026376
4194300
5305191
5206952
2057027
4912531
5880841
1579788
1628699
1914359
931135
4859363
4030372
3246445
4607253
897560
5443632
5793500
3938727
6280426
2900328
2311612
3448379
2865048
1267240
5619753
5021921
2712909
1440861
231569
1712667
5707139
2511926
4077
1601940
7459530
4629221
6345757
4124351
3445577
1609674
7000034
5158160
5949341
2692127
3576265
8544616
6822638
5899990
5430830
1028622
13974879
646011
3017490
828347
3376243
1437580
2173951
2757975
4506936
174116
1617283
3645172
3426758
235107
142836
486064
3911171
2500000
521547
26137959
23678547
19834660
15512412
11136417
10598084
8185850
4952333
3208984
5385266
7170186
7400292
6049573
5936740
2714972
4443745
5290425
4395233
5434545
5842243
6391767
6257430
2572532
2492212
3576024
3574748
2048824
6215959
4168689
6714370
11404517
9120731
6765487
3514181
1280968
4552329
927831
6859556
3478611
229982
3774002
3502181
2454869
2745498
11790
4334527
1788593
1631774
2529509
1901540
4202876
2696272
1666121
4333762
3172223
2185536
3776610
3459329
3149429
6336288
3526354
4841401
644906
1029267
2664702
3343970
4530862
916998
3008068
10233836
6339704
5279713
4375960
1481204
2707931
5075166
3783059
6563354
4497395
3541746
3275674
3582514
2492161
3977664
996785
3742646
819862
1537334
6157442
4211814
5032519
18590365
1178028
17867006
13400034
10392498
8798000
7718977
3381379
13492269
14204
2384075
1465362
499362
5147678
13590215
15732164
9458006
8304307
12081675
11217860
5511196
4276410
3699502
2313843
3664129
3598238
6532746
5636088
1723095
3246406
4095739
1511587
3210236
1559236
6334851
4005355
5242186
6568237
5855819
3179610
3308268
4189271
4073683
13817294
11691974
9931121
7983126
5047957
2734468
4286617
4228767
3518516
1851080
5379494
3091934
2896327
5763761
3375562
5988764
2732783
2120904
1098973
1696268
2848811
4644094
4290855
4169021
1524853
2897290
3423347
8572470
5193614
5842040
5598271
5464357
2825976
1984750
2593713
7477824
7941684
1361980
6204039
1034455
3793356
5873682
5732789
7640136
6541011
3106858
2454665
7612424
6830914
2031510
5242482
4033157
2605139
1982618
3272493
4682926
1233190
2734458
4089327
2899129
29009
461102
603646
3760874
404712
3030062
2981160
3146715
26155836
21800509
17239703
17049752
12938947
10423482
4318134
21112138
6546885
6485762
19330485
3726502
17412540
15271102
11016882
5566967
2131570
6999627
6059851
19916159
15950891
14589303
4944484
21185055
10632
22391305
18767170
18653848
14240276
3963205
23663171
20352976
17220834
15387597
12016380
11966871
6797994
3860540
5611639
5723719
3235810
2554654
1899033
18647108
12789964
1687734
4178245
14911570
14812850
12243900
8985729
8834718
5577606
3193047
4840976
6359006
4560034
2953813
3528321
6505529
3822688
5280220
4782149
11521065
9963902
7771997
4833191
4717557
3860610
4126813
1546149
3470170
2366079
1699169
746670
4806039
6153011
5021786
20678502
19039482
15400720
12445518
8573216
9951626
7802649
4990925
2050656
2256339
4765044
3121263
520477
3656050
1811830
2837170
4625403
2479664
1015348
4665239
2385244
3494368
6210813
4850776
3034699
5122465
23401
494348
263583
26871571
25632633
21704222
21821192
19960039
14970765
10217088
4994893
4906249
2220434
1166018
2150024
1509547
4402211
6375657
1003137
6494202
305686
2765413
3751883
17515437
3635143
1896947
397925
3585661
4626240
22553
8204374
6984701
6657877
5478347
773423
757919
7640598
758161
4737405
1712932
5526138
4563673
3540313
3389324
1417789
992224
4065424
3832935
3320575
5320278
3810691
5961676
19001849
15798296
13455333
12183881
10705881
8738656
6237118
6118167
3263856
6682904
19644269
18679148
15795359
14128789
11209671
11001280
8510593
5502305
23105371
2478367
5632784
19448844
15453991
15446921
13362839
10011727
7306726
5616767
3394432
2777213
702255
7094117
6574638
5547676
11040600
8809657
7251926
7147443
2552762
4129229
2270108
4037785
6443967
9372651
5262277
6622957
2880943
3453751
1527370
1747589
1374275
2860984
2587796
6824735
3577253
6889842
2794238
2985083
1136974
6425772
5539287
1999881
3830119
21522155
17077478
13562188
11698508
10699705
9941410
227124
10051324
511668
145505
1696949
1025785
1005136
532585
2939279
812597
1915692
82124
781787
956988
721009
6248199
6629157
2431549
4627297
1313564
5727483
6612802
7194242
5014777
10186796
5673557
6511406
2880278
1927340
2612338
4691161
1014525
4663964
7037171
6853189
2576322
1852376
506668
21874671
19187373
19033845
17576529
17484224
14743645
11907278
5139053
3276978
4504059
3057920
4031267
3938585
361023
499481
2962303
2409624
4767706
4647473
3476715
6035066
7096112
4026163
2561949
4677523
4046044
1942384
6438489
6365533
1731361
6820416
5782746
4240247
1681302
227361
1690166
5632922
2530080
1367830
394064
3677670
3485629
21983965
18839653
18653413
14576039
11228185
7934828
5571762
3717058
1528612
4367553
3697307
1811903
3724927
1324833
2415328
1865909
3298613
2823132
4213872
2873141
403451
443310
2692350
6249500
5036581
7513428
8735626
3289789
3954735
3205524
3819822
895572
5237168
5137418
6458091
4819863
2200472
5196972
2879014
5697678
3170851
19298203
21287663
18306916
14869422
14836617
10474704
9684676
5755914
3807841
4828896
1602114
3135913
774053
5133977
3814254
2704480
1332116
4853916
19142527
5978834
16802490
10936648
8996589
6858789
3845538
6669047
4628375
2334694
4548349
6332978
4904469
4712135
3986616
8428149
4597029
3629634
5011043
6839960
1342960
1744473
6332552
6037825
4530740
3399767
17062733
14985541
10571058
9397941
8254923
5740063
22918344
43206
23267845
21311507
17405544
16610098
10809642
10618482
6545672
4653372
1790079
1764563
1111138
3587019
4011547
3881547
12935110
8059648
19239192
16420584
12781593
7794501
4691681
15505213
11780396
7801981
7799222
5934319
6618133
5242081
2917295
4370499
1586352
5355960
3889855
942630
3126112
907370
5140062
4917569
3136740
7855180
4672883
658196
2208035
2205563
558139
5494134
5373709
4105865
2745917
1823782
3255813
4142459
1884975
7832308
14644615
3812117
12924584
13680703
12772632
11286991
6969302
8019241
6181270
3320900
2701780
8388383
4035970
2357648
5151964
6713366
2741717
2485922
2232253
2011880
1773075
4975087
3393744
4066247
426530
8336045
22719278
19797389
17099570
14502717
12688521
12587101
9364281
7890460
6988184
2149122
4717842
4772167
2038489
6397324
4804128
3292831
4786241
2336835
4964415
6821020
3831779
7296219
3506900
414851
1990649
3926146
1260770
7537376
4294858
4961690
517448
313251
715876
27725659
2159061
2246319
11015388
10913678
16350245
4861662
9665704
8903352
6960910
75755
5771473
5368931
1772995
1397922
2983331
3168879
2227943
3231016
5076110
7821673
3844381
1464036
3839165
3124542
5985860
2656021
621592
4538841
2811738
2447207
3942462
1729675
1528717
3186380
1183400
3940197
1034818
2844466
1087045
699500
24879708
20760655
19018174
18881616
16003194
13761252
8889747
4992978
3655104
2149092
5142427
3917339
728101
1034098
5809500
4528790
3478854
5646728
1829818
5810008
5083394
7533
2882136
6618912
2978701
17515950
15085575
14886040
12167970
5292633
4263487
17069057
5490830
14096943
9942278
9910348
7507815
5621163
4547655
5256593
3786256
2859014
487128
4832164
2379074
5924517
3781782
3667052
1663964
5832403
3070507
4329865
1544627
583269
637173
5046906
4742536
3879563
4215661
3583008
4326253
150361
8957580
5453694
3599797
7530193
7449543
8497511
4684304
3693676
1891738
5552057
2259559
7351174
3529210
4653241
1914170
3208226
2734330
12018388
12200425
10042568
8712572
8685707
8288880
3895516
6634952
8022517
4756424
5413093
8369314
9893318
6034421
4765421
3557441
3800756
1387594
8894930
7509900
7390926
3083724
2139291
2122828
3926726
1159040
2299941
2281438
22108990
16699435
15151029
11436349
11507582
10564216
7320044
8033965
7891379
4279063
5866665
3242442
4752293
6531215
5593542
1818730
6580472
3430553
1611454
538235
3430119
3719530
4831873
389889
4157415
3347933
4944527
1164772
6066998
4314684
2261989
881823
2317753
1247411
1158980
4631742
4995462
1517266
5842602
4465111
4462162
521887
936834
4392502
4107436
1467005
2211774
3942985
6025873
3941621
4856
28203
9952654
6678995
6646473
5152022
6365896
3534106
249637
2983335
2197023
4098927
2706278
3949005
5458475
3484953
1816626
5095131
4764388
2429456
4768762
4362702
5450914
3381148
4285127
1986268
1709703
3810278
3662376
788149
3635371
10016424
10013924
9419437
8971859
7597640
3868408
6495937
257696
2180372
649499
1013141
5807932
2133505
5180138
1789490
3849469
2038082
3957569
3246682
2497498
5339628
17281048
14664613
14586566
11025025
4101098
15240110
13541269
235039
6904054
4541124
7237176
3465781
38341
241503
2119675
4379919
275381
23741495
23585850
19829534
5312227
28551663
24511532
22901822
18801631
13692482
13690259
9552012
5199019
1977533
2726729
64085
4163025
153861
3932481
1271578
1210609
4892819
5724729
2836444
1818675
949271
5193013
1982955
4309157
1655932
3095546
3081887
3483208
7242431
7101966
4263359
1191675
1991586
3033927
1856044
3535291
3427127
3311049
1513081
164192
1117024
1204509
842939
4476490
4332812
4200031
1017382
1652735
1924439
5543709
4290971
2953651
5956429
7472939
4678659
3833970
4682560
2248301
2023359
4652786
4691749
3500818
3189158
1412386
9740
7477524
768405
6330973
7073678
8319823
3731728
1997551
1356445
3865957
2386907
1116571
2628901
3635736
1354601
1772809
1070951
4083130
2472975
180191
1986515
6098157
4668636
2354445
6427799
5427807
4905408
3011127
302777
4725024
3275596
1460986
2114520
3524079
4140415
3810133
17861171
11221489
14765529
12884207
325828
7671311
6093431
5102570
3186420
5215782
4334002
509829
2292493
2530605
928145
4696458
3876339
3573938
17600827
849609
20864013
17137880
14597295
12921548
10850095
10570754
7520784
4457009
3074714
3277717
2705192
2227895
2516525
8611176
2240509
5929170
5480415
5746513
2714296
8292821
6095708
9209033
5566627
4764312
4695171
367207
1064397
1994260
13613970
13354476
10751455
4358982
1934651
4078525
383106
419107
3398021
5341388
8231321
452738
7675916
4761280
2892524
3051646
2059191
5325411
1951016
6105499
4100736
3741549
4267785
6682088
5836920
5834907
2447402
1871540
666126
3233231
1271784
2483665
571103
4850660
417285
10845
2463530
2388973
3359640
1486329
1680777
3373328
1608763
2867894
2498119
4084074
4228935
2875049
3553069
4396344
13967409
3051014
1903002
13313166
4160404
10883220
427365
4493726
645537
3132794
54683
1897824
5010234
15454867
14274162
14155360
11198702
8421281
7128511
5462444
3015698
3813216
2387346
3014042
3043073
1745735
4269378
5153077
5465948
6515539
5056515
15030605
12737724
1413471
15657840
14198970
13298641
9680096
8565668
6489347
21448211
536963
4191252
20689568
16671444
15392642
13244149
13058145
9008513
5802087
5506500
5393042
239947
650542
2161934
22483179
21198606
19088607
17310934
15267370
13803171
9480927
4264911
4040238
102085
1490733
101357
1184137
2002921
1058357
1774182
13405620
11219013
10240611
7829581
5763272
6109868
6140093
1009296
3574879
2071662
28500
2548641
7888457
4367030
4042792
5576581
5467662
3211014
760912
3301035
7799089
4921030
2620281
3869109
4496112
2534137
978059
5192762
5199640
5344379
8179841
8095869
8029680
4446031
515024
7474379
5202493
3176669
2174993
4176622
17104638
11927424
2672313
2756641
1378227
3967565
1379275
4951528
4852756
3343527
4227173
2876197
1691762
4266031
4562219
3480397
3376866
173832
621430
5811308
4976016
4606226
4107421
5146786
6651678
3021616
4708879
3787322
12703239
12068515
11219335
8124877
4971399
3132081
2126877
3720779
2601490
3186670
3782815
1002045
4499404
3101290
6019210
10509061
8260012
6129268
6414868
5290461
5177472
11351693
631643
1480047
15908
1163155
509051
3807782
3467645
36141
350593
23381801
20571887
18297133
16340367
13222924
12873373
7075044
6239941
3857004
4224131
1076492
2891510
236999
2571939
271025
5978839
3647336
2976971
2755563
136201
2063983
3341391
301538
2914026
740329
1341476
4202907
8237783
2920864
3594750
156485
641101
3201094
3074590
1475771
2960439
60475
4646092
2167437
4087083
3746133
1302665
2847960
3118968
3711171
13255173
9383475
8905523
7575695
6752249
5334123
6187051
15667242
5434813
13698561
3084238
11579441
10997414
8930532
7946845
5499375
6789353
3434620
4116386
1716099
8048184
7332955
5279679
3297021
4646411
7843744
385291
4359178
2485407
5535157
6610626
4601048
7287491
5074543
4250006
1236472
16127709
11112767
9271487
2689477
11185495
7691896
4409859
9424842
8362805
5712405
4574671
2601099
5109267
2717738
2601698
1570084
3301341
3113847
3718151
3968254
4212240
215330
1014511
1950851
4816557
2678003
6677538
6567241
8613899
6254030
8118391
7127124
6126429
6228997
4445082
11748263
1800973
16602731
3994093
17362010
14041635
13925890
12281761
9352232
9190595
5503170
3966268
845201
3136543
2007055
185372
1575846
6223218
2818358
4207417
5431025
5230260
2266188
15418043
531105
18774833
15149660
14471983
11930354
12706612
7831060
5455937
5356642
5354545
2883787
5270341
3476144
2641546
5114188
3777761
1786150
4535774
1941059
4475282
3556476
4599478
10214227
16917299
13526847
13520586
9687016
7972548
5067173
4274873
672241
1356939
85898
3233840
13733284
429768
90920
3398584
1159512
4508568
5060336
4756900
1360609
1247177
4060844
4472918
22311795
17407438
14620152
14419418
9251646
4721451
14175095
340356
2222251
4899522
2645200
5449235
3664066
1816082
6397384
4990240
17232273
4365572
4241664
6184629
3190499
4484762
6446538
4706699
1495832
3826684
5116293
4962224
795365
6295
2368568
921964
3653812
6384549
3789493
7637711
2544862
3766697
1030428
4121836
3850704
2647098
4195407
21964144
16369963
15140323
12418004
8843287
7143306
4869655
1703668
4434910
2902672
1957608
4203542
14504961
12149304
10497546
5350532
5227993
16128100
292011
3847974
2427593
1006946
4583736
5485750
5425711
5352488
5276451
4858256
16405759
1577987
2486798
153803
16947297
12880847
6991290
21304164
118808
2399379
4279803
6079484
7008427
22778568
2447687
20249397
14292172
7027090
4605661
20709919
16935509
17042736
15957781
10347000
8283305
8049692
5764290
5697473
5428683
1769507
4440773
1850735
1914443
1847365
3930789
4183129
4180809
2259644
59540
5016448
4712863
5173532
4282224
254710
3900418
1961896
5144048
5142310
3168473
140999
8127521
6328630
6154783
2270465
1774559
2010742
2735035
2784190
1983161
2723866
4113112
14928004
5577881
1661328
2657765
1380928
21614431
18635216
18482044
11626704
9847590
6769050
6119307
9337054
7676629
5075743
7146414
5205150
4782529
2995786
3745728
13245760
1750432
5372117
3012857
1182398
1114681
4450747
4069085
113528
896123
3130455
6324045
5197694
3169520
5651803
5561290
6105702
4298895
3249919
3758324
971614
1387961
3664796
2949932
4170867
4641355
3979018
4517799
12970428
34001
3781327
4141522
2599827
2451607
14399099
14166017
11363694
10566269
8338711
5985948
6032195
3719031
6940546
8491017
6565828
2670165
3819383
2396940
6252199
6328678
5155463
5079635
2874199
2067215
1646731
2065918
3942507
1972463
69753
2774819
123722
4604403
1244974
4632892
2662741
7435768
3842342
6207696
2408365
2696109
2779382
4276327
2370858
6658293
6340619
21281217
1896438
3327540
4008293
5292382
3525850
2528710
5992556
7853032
2443990
1918825
14683715
14899467
13016998
11056552
10006647
9768642
4348180
2673079
2916960
4503921
1920048
4716163
4007578
3841017
149344
666469
5364699
4677989
2305554
4121191
4050374
4110029
1765862
2364641
1792208
1679006
5577672
6870531
4509134
1874211
1381695
1173845
6053543
5510430
1882169
2753379
2823307
5455042
4373247
25704
20443078
18028260
14410288
12671874
10948092
10289140
8504876
5108795
3578816
10149068
8061159
6989689
3850790
10514852
5492159
883995
2922564
370018
1986610
4424550
2158906
6248804
3106343
1534028
17150481
17198241
14742415
12751458
12598165
12333602
9158769
7556379
6030270
3499528
4549931
4233018
3471668
4871476
2336201
1354997
5344965
3397091
5090509
1777125
2554935
3751756
215107
3641790
2930767
1977458
734209
3746882
3760731
5400167
2507007
7435371
9806513
7100047
3052079
4682426
17074477
5530264
1119874
1555761
3580993
5423123
17295962
948558
17270015
4577505
13693107
7167223
4259237
2226907
6242844
2810485
2409544
2048076
6590695
5553755
14764943
14028403
13051725
11931983
11099178
613936
12915975
5722888
1561156
1318029
1925788
6169564
4393785
5450910
1435308
4591001
3614341
4535115
9758048
5943912
323576
2046842
20645813
904084
4289750
4503251
7827350
9304090
845554
6205998
5409982
1852716
316097
6890969
2804141
7638796
6183992
6495343
1146997
9131194
11447269
9235974
8113848
3405104
4037608
5404477
4584289
4582247
3197484
3234824
2198588
1772640
5006654
13626625
8977226
525431
2904194
23867617
22420939
18884528
14844340
14836145
11378465
8961879
6594507
2225978
2157476
898227
2896340
4877372
4447550
4147299
2989901
5030019
6869358
5034911
5208273
4661894
2271799
2433480
3031032
523525
1080982
3558000
2950532
4077073
4474296
2260437
1983293
5149457
2885004
2787755
3217897
5748720
1374033
6034635
6178708
5618551
5248272
5029417
30237
4069496
2396424
1087177
3939748
3599875
2351417
5562864
4575919
5527491
4727420
1704234
4241377
3738042
1439708
1793618
1583115
3907100
2809713
151716
2041954
4587101
377461
4239435
1866643
5672995
3473273
2489228
9891604
17913216
4211421
2325248
109628
4201074
2107732
4708152
1958563
3181851
1426468
2576742
3400590
5415070
2509249
2049380
5257478
4294603
5007754
6146534
3990454
6872442
17507722
2938951
12701297
13893053
8956846
7437033
5673406
6762811
4695729
3781511
4467581
5463283
3423392
1728836
7224286
7132198
3227373
5010982
3101417
244390
953655
3109425
3034047
4938858
2293666
6038139
5145501
3638186
1734909
5978147
7096336
7060450
14978893
10672902
8422710
10527471
7374065
7165556
4680805
6415144
4022557
1142474
2700629
5707359
1620459
4628500
15493064
15399679
12121456
6225058
17778368
16211429
14862171
13184665
4699443
4697673
1663013
1007562
5253221
5257016
18447606
3235680
19803851
19691058
14286243
12143542
9650669
7956271
7964746
6269367
2734721
5631546
2775590
3830820
1606372
5133156
5640077
3189464
2562842
4596494
4348135
1226866
3846217
3168604
3326253
3158600
3038155
5681593
5764000
2808058
6739507
5253598
6038214
4923803
3363475
3124447
1396436
79959
123190
2512874
1699821
870694
4040088
5783042
4996953
3355526
3443532
2974723
4600986
6497866
585370
3913725
1253542
5565369
5985833
1550808
2215501
1778401
4163978
4130804
2659685
2027575
757232
4317008
2122101
3681403
2814311
5690448
3638939
34635
7111703
4920942
3531666
5513032
4242641
8404003
7484001
4933494
4767622
3219006
2860276
6061227
4150847
3600391
5012676
2199102
1118278
7982019
3947227
4609222
3444543
3339526
565407
1706175
9151715
7260251
5681504
7306882
496173
3103316
2294118
183293
342846
11766038
9705382
8183467
7215751
1878644
15589673
2932694
16688868
11813497
10537101
4682819
3262767
16772864
3069482
85992
4756395
3226976
14138910
12669243
12099162
1813562
77721
1671199
1971214
4390541
2334784
7149919
4286551
4144248
1219138
4171766
3539550
3137127
29963
2217514
5390036
6661899
5822698
1969100
8199459
4266610
5392437
3723527
3556583
4024317
4168048
2917927
19504844
18397125
16248392
1670420
4548942
19666541
15178744
13872129
6809394
19030194
16587322
4572760
3118005
4164210
18706704
1484571
1885549
287996
6029467
7273938
3741550
8010091
4108079
2229129
6343810
4393030
2543953
2880425
765545
5398109
577332
794681
2915868
2956099
2388180
6894267
3267218
4515302
14084050
14179
12520685
11757318
9199097
7093603
6543059
6509240
5438662
6401761
4910753
2059973
4403625
4348107
12430752
12150403
9344385
7876712
6531865
5595100
5288116
1756757
3519462
5433468
908919
7391943
7309087
7685784
6725118
2637301
1017624
5912852
3963332
4154471
902591
2638118
10211821
4714382
2884628
3609351
1374408
2570205
1681130
3009789
2115648
5062260
3419030
6986209
1483138
5356867
4048862
5232145
19606111
17046350
6566259
6444365
6572074
4445306
2525450
7191948
6651886
7074205
4908259
5712064
2790270
2704888
1148311
3739340
1386789
3207999
4014258
5365990
21891620
2869260
19969991
17692823
13710842
10666824
5396576
5347149
3158955
1395098
5236827
3080208
5734839
6653704
2387430
4775518
2174833
4555562
3592765
15239532
1631807
17040531
12828470
15433916
10383184
8569484
694361
8264766
6566185
1185066
7475640
7275047
5604193
3851018
4132714
11241298
355539
13135656
859384
4271686
1710092
4653770
5467942
4055235
1925121
7110631
4655365
7653027
2809105
4373906
18254927
17842052
15996391
11617653
10821161
10733675
8565105
1808174
3543412
5340153
1279366
2070917
2066781
5066952
4852095
2714434
6424541
2204078
4298766
2048933
3454697
5116025
4094011
1809069
1922037
2901410
2616616
4654508
4596228
4552396
2822213
176580
1607331
2824120
12589461
11184062
7524238
79875
10016931
3299915
11031956
11142479
10286288
5588537
4439579
5316602
1093104
4975854
5196019
4486375
2725404
211300
22916671
22898546
19273653
16091324
13862519
11492589
8900460
4492043
27347
6136045
3052768
6030178
15643343
14794276
14104028
12835946
2197650
3503390
130046
7805409
22469583
21221409
20702152
16606734
3816455
3325282
5229110
1565004
4423468
2996773
1698472
2022339
1326838
5605256
1754652
2099373
2366283
906335
3008972
1013344
2140970
3529154
5618275
3983040
436541
15710848
11786410
6427232
2925251
4983231
1363487
1189077
2717980
141918
5900548
24157427
18562139
18525618
15362822
11475924
11330410
8098329
8198456
7198112
3990547
6582286
2167231
2269414
657865
1547226
6093321
6475495
4257477
7356279
3341425
375580
4287682
1435069
3304711
3055061
2681073
18640636
13202368
44824
15677513
13868694
4046697
497157
4509159
5677238
3206334
177904
1761515
4038266
4479363
2998690
3453139
5013127
16469957
1277921
16638167
13904368
12384323
10065914
9598423
9459600
7797284
5008932
2386826
6269962
5924379
5482506
5390790
8038681
4772771
3215867
3739833
4470745
4472439
1072049
4362925
5164202
2662408
18718127
17433291
16086625
12876241
4175072
950541
3382481
2842759
4238648
4200283
4591720
4406970
3551793
1159767
6782049
6536615
3892637
1676974
4450687
1081208
21828966
21657510
21547595
19608757
17004226
11487719
9220576
4784539
3029158
4325595
5806930
4611999
3615220
2473932
1582061
2024746
5439258
4110168
3951737
32828
1396281
7147126
5095456
4414924
15491182
14095776
859920
15007147
6387957
2905390
2162161
25559457
25431659
18966928
18764076
15210539
11211428
7592380
4044430
502506
1041882
5414381
6624832
1833865
93117
1910806
840542
7114406
5991628
4183140
4163715
27350
2847563
873612
3465989
1572056
5696855
7264346
8185166
4459618
2578217
1283206
4490014
1960723
6880151
5484114
7279865
19779
1541174
2634686
2878496
2494722
714110
2362787
3425831
2235430
4388964
3543329
3189936
3647693
776295
5417416
6406583
3713999
1948940
4144739
2558608
4297631
3854420
2466335
4894098
1708412
2927183
948121
1870287
1447398
4735992
462969
7059011
4845572
3500101
1946424
4397430
1877242
4798203
4094117
5782916
4448663
675626
4635021
3687329
2567072
6922036
3287267
6405188
1124575
2903503
825790
4355118
1272296
742209
213727
4499902
275883
2381286
4064814
2267833
5925087
6874105
1301232
3266857
889776
1719919
990219
20849996
18607407
17160845
14434803
14390347
9748430
7524077
5224980
1410542
1825373
3378205
2117219
4829536
1554158
2148654
894458
4611328
3399379
5359836
5194097
3708708
5397234
1576719
6480674
6913747
4547509
6251304
7176627
7448263
3880747
1498078
3579330
3656915
754946
653769
2853159
2950619
306265
58814
5754457
7826085
10001828
19323983
16365755
5904120
11253609
6282772
408649
2539570
2687373
3957607
3726965
7126950
3199148
6711626
6321086
3515281
4143620
2191654
5221452
14377465
10987388
126699
4455414
3478270
2574110
15899784
14764031
14647782
10876930
85631
11268320
10169771
8719485
7075425
5811497
6759608
2318737
5838028
13901507
12740732
715484
5083118
5882271
4129435
2428874
2467307
2769713
3784815
3326089
15145257
16137274
13470413
12161051
11485320
7880283
7071936
4635604
2484787
2343421
2208839
1519418
1690762
5339578
5159728
4864654
3820975
1581763
5653477
4472442
542741
1434126
5703772
5604141
3489629
8503326
12934184
4706305
23665
2673793
3085351
11450341
9951369
8266862
8153297
2886970
1210929
232585
7058988
3365373
3753779
1901709
5388101
5142199
2085207
60977
2461489
1584439
3807655
3523914
5275907
5474529
4536288
10791534
1837136
5841996
2873758
12474796
12278438
8813987
5525886
3846136
3483136
2668012
15481053
344934
3511788
14818138
6618084
4520920
5108751
3960728
3389519
5097620
13604753
7164221
4716621
2690843
2540713
2093195
4162701
3187215
7095775
5271619
3762724
7036913
6069509
570490
3183520
3045776
5950290
5254934
1040673
8070382
3442807
4753803
303332
4156135
5988819
9019219
2161399
8952
364228
359122
3765665
3499514
4022872
210843
176074
4090434
2979824
14012825
11610078
4510597
16639533
13184386
676865
9246140
459851
20135492
9900817
7050848
14537545
4248586
366976
2040218
4301841
5843537
2360025
3052014
4967655
2189533
876479
4938194
5616299
1948317
1435803
8911560
23515958
21211995
2556292
6856898
7045386
6171898
14925861
12117113
12102487
7926596
7241016
4357634
6943908
5524004
3629331
387579
2643666
255344
4670834
2004442
5642091
3342277
7888451
5913445
5871732
196526
1447171
21560755
20270034
16013601
15073110
10513232
10403761
5920704
6625818
6177564
4238323
4968340
3870835
98704
3232686
1574369
203644
2783397
8014235
7783605
5054168
4501026
14080834
10330407
125151
1575914
13961293
1743170
4027090
4931492
6563606
2617666
4168805
1074094
3800052
4801408
2343545
846302
6870848
10753845
15391
5991299
7175339
4084279
6345909
7345655
20190956
18521737
2391671
17501461
17218961
11524101
292800
13628175
2513589
351203
382084
25867100
1567738
15639936
15632003
15509463
15469846
10876145
4752129
762634
2499154
6306770
4309166
2820579
5034706
818224
1310850
226456
1420785
4484480
4623657
1645775
5093966
4605168
5386886
17870162
17906639
14845274
243742
2997535
18739484
14652038
14272362
11387103
3019388
9032639
7439668
5621440
5552870
26737557
155511
1158913
3361725
18433366
16775194
5038888
22482718
20116308
305364
17582613
17673863
14797847
12502694
10317988
10220062
7228118
5689789
4059213
3756337
1833183
4362320
4708907
6285715
20029746
18553633
16947504
12967635
8626127
7060501
6433174
3391679
23125878
21201475
18929687
15950366
11534700
8666511
6899112
9066888
25649578
23703253
21513372
18424620
14129915
11213379
9414357
9013887
24406522
23685479
21421546
18427552
14090978
11117584
9299439
8901120
24285092
23599972
21387687
18430015
13915340
11103484
9282058
8866000
24200673
23563585
21349072
18278140
13846711
10925821
7794667
8661426
24150821
22832858
21229153
18275062
13819590
10914884
7515650
8662660
4929461
3403157
22503308
20891704
16369786
13496871
10023481
10021439
7409637
5911287
4092384
871641
4321324
2970541
86956
3177234
8194945
627200
8614172
5713801
5617307
6403089
14919576
14805030
13246132
11861939
10495183
6587436
6614157
5574755
11357423
11236241
8813797
294682
10894644
11030384
9263376
5997140
2151334
7335559
3628480
6226244
4518602
11555370
10157856
776379
10033016
10013039
3946830
1492404
415937
10348674
9291695
7294887
2864368
5156943
1975506
877171
9068730
7912054
3950344
3353912
1637491
4188621
3491193
26466
1447501
5954999
3712200
12262321
9887629
9858325
9332872
6545037
5988838
3710115
5551789
350886
24830
5562957
882339
1023860
2477597
3163196
1545592
1510223
3277024
7864409
4297955
5714014
2633729
3483988
3211133
980235
3297721
4590576
3946578
1487150
3843977
3171610
6492870
5533400
1695440
3058652
1204979
2362362
1548509
3025038
1693808
1409408
19944393
22555993
19285458
17014749
11094588
9172868
8057500
5501754
1938360
4690668
2169410
149821
3018886
3247406
2409483
4355050
3394053
3857808
258473
1227369
770515
3613363
4582982
3588218
7847913
10012460
7855210
1196325
939033
5008376
1830148
5119085
3396846
5925944
197945
132451
18713038
16773197
14769850
11319339
10450935
10327396
4831500
1908293
19285451
16160902
14917914
11683654
8940597
8840606
5459772
2758556
952737
5688527
1415698
5016114
305634
1249324
634759
2667817
3105304
1919216
6001311
5841959
5339145
6142872
2533346
2155906
173618
1700917
4426032
5754859
5629979
1199497
1139820
1878209
4239194
3712930
4619948
4219069
353673
21105001
16734950
15508667
11402798
11079078
9200265
8280111
2260945
2238131
233757
1474401
871399
2233970
1663554
7393240
4542692
6582703
2132182
6822883
9146398
6821718
4841513
4808326
1532655
6476116
2704125
123463
6453439
6416128
4235391
4738795
21631136
5895483
17870487
844344
1785250
2310070
2826454
2703510
4021310
6305842
15036719
1997015
2235388
14348282
12775195
11405851
8712188
8562011
4506407
2682550
849442
474240
3587829
4534550
5339245
5304938
4098937
2399018
4551221
2936831
3283773
2840688
4608459
3786672
13110968
1978707
12540212
10087054
10333336
10097228
7735870
7521203
4760586
4742570
3110905
4867852
4232854
1879049
1368261
8775832
7629113
4178824
2519169
4788819
626229
2887418
3716760
4231119
3136034
5533761
6700158
16040154
2142078
815554
1670086
5700705
2929945
161172
19389203
17150250
14825658
14699527
11396930
11386195
5367661
4248378
11755770
11607294
11863552
11634969
6263114
7398545
6350892
3696337
1446522
3768284
6348127
5198582
2026580
4202812
3099390
133463
4374425
3635998
3155277
4724744
2012986
6408092
5115458
2998701
5716293
4790348
6285045
4119138
4210480
5357842
339865
1568528
1523780
5680408
177266
3001960
3612450
4861110
20013061
9743
799677
5228143
4356479
5355427
6775389
8203865
1658231
3078638
1634862
4715986
3905456
1383205
6219107
7620012
3853436
1813989
9661292
8327958
4475779
2845045
1361617
5601062
5073118
1713691
1872364
1736748
3943643
3913752
5648502
5536865
2294361
3346953
1524247
3777264
800760
2199307
749112
5443476
7935874
2501527
2150972
5065973
3173369
1340004
4221754
4071815
2857701
2892126
2781139
2364782
5638710
5597100
1213234
4990547
2379674
4207427
1876039
1252091
4327025
5126255
1971713
5434442
4198349
3044055
1981768
4437184
2028357
4676500
3683114
4938249
3979251
5555111
3845134
900698
4260995
1708468
2142500
3235725
1391826
5276487
4426737
3041855
2723753
828559
4080251
3791907
313458
2711007
2319418
4476635
3856748
2382453
4286648
4931128
1806077
4450860
5479365
3143503
3817556
12640070
584056
4431342
14190385
2261363
9944324
10003628
8044191
6469515
1611649
2944698
419689
399377
5217604
5031557
4424798
2538403
1617133
3988967
3249948
5446417
6294568
5531769
3559018
210613
4264583
3361680
710022
3072117
1948098
2813914
1190490
1173716
4357713
5847712
4418885
474248
918339
2908289
3894833
4088263
1069510
5079361
20460519
1578290
18719777
1790858
2170480
5240115
4686614
6542975
2070286
2906029
1903716
4098015
5298029
4195106
14666719
499878
1529273
541770
1028218
4684927
2832549
2840772
1416075
4425826
2196467
6372285
9074464
7498100
5790132
5686016
4268128
5625006
1949657
2121003
1985358
4159482
5094597
3469932
9023127
11082757
5946463
2763920
2385901
3211697
3736298
4938184
7613788
7457085
4001365
4033943
219050
515547
2875958
853158
4817016
6095381
2096346
4620808
3473415
2880077
4617353
2179478
3776325
5668630
3616721
1389449
247703
1624940
6253544
1983217
655700
5661016
1938026
4847017
2348196
3454157
1841301
2704257
1613866
6526527
5130317
2837988
1470562
3214194
2765910
4707808
2635613
3718782
541029
3186889
2545748
4272803
1596952
6085735
3087443
7047477
21219650
4447049
19210115
18393488
14224618
13211661
10235910
9916804
4652986
4426380
5073616
3041778
2232847
3835640
131772
4144928
57513
85843
344690
41783
3479183
2471422
3506710
3472976
327096
8247
1054553
3087939
5007294
19191178
17076902
17756835
13834122
12765534
7771532
6692884
2676972
2921670
3676379
4057730
2189460
233856
5224377
2486971
5034580
4739853
3157485
5413791
3168304
4445524
3654681
14926365
16070544
15311147
12061535
11966753
7513480
4336915
3546866
1569157
7097984
5574933
3004837
8403847
8229930
6921950
7870243
4311684
11828622
557554
1934157
6309610
2413277
4437089
5061897
3594000
2201041
1368431
2604684
4057678
26719
5141610
4301757
4513904
3752092
14094558
15821928
15817246
10861807
9190891
7560094
7736260
5578433
4846134
2808090
3413594
12579412
10912266
9338922
9521247
5420869
4674722
2490477
6629346
15766796
13025269
11869189
12694390
8583785
7087410
4940113
1390019
16427083
14929530
11513385
13943805
10446098
8961854
3735887
4145978
17106474
14825458
12207904
10093711
7138977
9496378
4461828
4040847
16850719
14596788
12136338
10064034
7076174
5613303
4405142
4042157
16852034
14598116
12071502
9791988
6946467
5556716
4335842
4023410
16791913
14537164
12072640
9477655
6890181
5324164
4303935
3866214
494348
3456889
15855825
15945267
13483454
5927746
4907824
6646804
5060901
452784
5446819
3161104
4105113
2440253
53822
4575794
8673477
4287407
6368708
134227194
2029717
4588953
1962833
6756333
22859142
17774812
16547471
15952968
12205861
11561159
4925558
8063973
22863381
13745485
16474403
15850090
7118093
6052167
4849966
7400557
22764741
13494103
9919730
8752881
7053240
5811490
1393947
1380075
15798823
13487913
9817800
8629850
6945948
5760470
1394548
1381920
15680415
13468135
9690024
8588128
6947086
5707564
1395942
1383752
15572816
13246911
9662628
8515073
6803671
5692717
1397236
1384779
15573706
13182673
9591257
8190595
6804756
5693817
1397842
1385625
1383694
5258378
12525
4415278
4412881
2402995
3469496
3468103
1222055
869529
1117542
5755861
6260681
5266281
4232946
5090815
2550375
2843039
3016452
11580288
9893706
11675770
12717106
12535488
9989100
8814348
6164618
927323
6482592
3860777
3694158
3318913
4367982
2569384
254561
2310596
1379723
4800303
7829936
19406552
18510328
13853294
12832726
10130601
7786072
6076019
4352039
5909675
4920565
911081
7459576
6543983
5063953
2842196
1842719
6433724
7238776
3512267
7226921
7287991
5819522
4853006
174776
3615859
654471
5083649
5363499
5571344
3730769
1339924
5506308
7553491
4316042
4710373
2965638
6621453
1739138
4431091
1167533
4115365
494515
4172340
837694
1002359
2614945
27252906
5124971
33820502
27339021
23261224
19924684
15092673
12241339
10964153
4934907
4781024
531735
4015085
5454810
6759360
5231617
5275049
28844
4490488
3090961
2244850
5117546
3886404
7775195
6995846
6020523
7117888
18550493
16661466
15208166
12735277
13007851
10430908
7403468
7027796
18556744
16617404
15027074
12741177
12883159
10357060
7299915
7029491
18558566
16439542
14971117
12743215
10977462
10355749
7275816
6954842
18560383
16441424
14972845
12624448
10914170
10238584
7145615
6871203
18561667
16443026
14881594
12625800
10836526
10239983
7146643
6787144
18563228
16443963
14882894
12627141
10762574
9413016
5718688
6788534
18489703
15043749
14757899
10655387
10557674
9332772
5487023
5230202
1193191
2501940
1039194
19476301
18920980
18618845
14738581
14594578
10533131
7708630
5042063
4596080
2264857
22216038
17128878
1272045
17354275
1601127
16968335
16255782
14624347
15468707
11142137
10969614
6484496
3992231
1002863
6479148
18435085
18317143
15504124
15371848
9769640
6821500
3484582
3599821
5195947
2836419
3229609
6923373
5890358
3340940
5407527
2310270
4898354
4758985
4818826
5044056
2373784
2188760
10681598
9844788
8701669
7974645
6735524
7879036
6678141
5586774
19368173
15711650
13339774
11355247
9425951
9305636
6988631
5215653
1941133
4479532
3043843
1850837
4548220
9857659
7483656
1952283
388776
10463248
8701221
4236350
5224275
14759887
10622591
7657965
5265260
3486098
2256366
5893863
2549470
3952476
471521
4427987
13939398
9588048
7810086
14690928
11421691
11152294
6811067
5576469
2086209
4543485
2392635
3522457
1849027
5993616
2192337
3895236
2030003
4913434
1429034
21279027
18914966
18736944
14370873
574107
13208714
11059011
10001740
7219522
4279243
6459111
4502977
4583911
1192668
13152779
10305192
5426033
5051158
4915969
15113527
11824873
8423468
5121156
7442730
7012421
4389313
6014671
3496513
559905
2974027
3844388
1108699
975143
5466264
5372919
4187940
2325720
519806
4289132
557504
2253283
1621408
4662711
2931948
380622
1226019
3340208
2817613
1738285
879039
4572509
2972641
996649
2058024
827629
4524126
3707046
986431
15774879
14007031
51510
15363610
14195725
13085683
12319911
7319305
7287557
3480792
4085996
2022670
4222482
886311
6731302
3629545
3434281
5411965
4399000
592467
4869399
4894652
4516175
4327867
16539189
14150965
9920513
9460993
7239046
4170749
2309301
961535
3785523
333621
4772020
2126874
7059105
4626608
3055388
3383237
6466934
20526359
17740638
14997231
11592494
10232234
5615037
6046020
5566294
17770535
27039674
23818457
20922601
19182486
6348256
7375174
6895227
18945219
15206469
13392886
5040812
9805584
7384681
7314581
6900816
12739989
15085930
13080360
4903692
2650612
8983033
405737
5611037
21131025
13480743
13745177
11738794
11114178
8301418
6757290
6510957
3486463
1856256
4599699
4221683
1108441
6004033
7549829
7402276
1370506
1409624
2512205
4277550
2387967
3721174
317483
6819503
3330029
2050315
598147
3305819
262780
4422328
4415048
6173142
2355524
4563666
3409573
1260904
18994191
20419191
16125065
16039734
12117281
10292393
7204524
4813219
1453868
3290738
3092677
6715011
4860038
3575874
2978458
4834916
3967842
2412044
513233
4948034
3974437
3186955
135334
4158259
1633925
6477961
7103916
7023279
3205332
4552058
1269960
4032369
3066639
1529383
2352869
4242883
1041612
1524339
2270590
4198250
5220435
2214888
7360180
7227420
12004728
10137348
10788914
8939799
7635328
4529129
1021745
4409441
18293081
16463752
10730881
11047736
9152633
7665833
5970151
5726777
18152420
16369465
10648398
10839434
9031527
7530100
5852355
5597241
18153420
16284168
10564852
10732153
9001502
7363209
5739429
5555431
1356142
4306252
6408920
6273795
8184731
19027987
19847866
20735699
17750118
8792308
8799878
8682472
8061523
4483508
1661989
4929429
2047060
3710640
1140403
3767356
4809579
2833137
6359262
6193715
5538918
4329499
1346646
2886148
2740383
5183969
2360969
4208442
3472483
6392396
124863795
123781146
122834092
5614797
2557151
5915139
2867734
2256262
2551206
1536370
3771306
2898492
3890639
4723286
504427
3070994
5345301
3290460
6446068
4792918
1171481
8526892
9661190
8557603
852666
1081144
521322
8472821
8052802
8050599
3846196
3827754
4183837
3618602
1983161
7067807
6202035
6109881
3182552
2813154
281033
3947643
1215030
3821972
4044862
4384750
2347504
1096901
4048643
1111732
8869165
2963782
2486848
6146143
4207944
2247459
6472578
5732902
2028922
2350369
11197
3621049
1803858
113911
1984447
2376171
567930
2571645
1692010
5789391
3872403
2049545
1205861
5800684
3584646
6711436
5833124
5711284
421710
51581
3553521
4747445
1656851
4304505
3057428
6778902
5594784
4201568
4709780
7231716
2006200
2685585
2183080
4284531
18366800
34902
19276152
16004753
10539261
7432020
6604851
6488788
5545699
4833815
3247830
2157086
4116157
543609
5393613
6259548
24464950
21992341
20492066
18557904
14780977
9213577
6447000
6311413
24468028
21896468
20366626
18540036
14447265
9215091
6449111
4869438
24470234
21734328
20360201
18432131
14448944
9216915
6397703
4842009
26714789
24169304
22792428
20855307
16512461
11653005
7874944
7130704
26720931
24146819
21902306
20059978
16518359
11446991
7659857
7071060
26609971
24044667
21856230
19898514
16520656
11449025
7557031
6878346
26565137
23975135
21684716
19771553
16522841
11450919
7386678
6841500
24491813
23079244
21639338
15468681
9450577
4456126
3013627
3388792
25209827
20955709
20841105
18817494
12706657
7684995
5695304
5266726
25212240
20386555
20384863
18808736
12588167
7653144
5625239
6337830
26271746
12403931
21332236
19921990
13789090
8819565
6649130
6339725
26185802
12405396
21230816
8635356
9273930
8666553
2506547
4490858
16497049
14604178
11301557
7421702
11129398
5810647
4503496
4368731
16391667
14414221
10802824
7249550
7278690
2866267
1684678
3994991
20848772
18955225
15281473
11750576
11748557
7405790
4028237
3838049
279843
2859623
3104128
2123869
7047516
7004631
4786047
5750185
2989370
4379049
34034
4448707
4228004
3381424
10766064
10732408
5094173
3026362
1866242
1613359
1208322
229124
2401221
5913682
4846420
1505805
1392343
2482969
1620116
3620216
6654241
6543008
3098694
6381030
6615160
4637023
3633811
5403779
4968820
6399685
3497448
2274136
6153946
6092413
1335510
5553965
4202292
6591670
19320257
15822339
13910480
11378712
8839010
6908738
6107490
5916101
19365378
15874144
13843402
11206212
8538920
6987187
6051388
5869192
19292912
15741116
13670482
11040924
7114369
6989069
5927172
5695830
18580310
15742580
13537001
10905362
6997715
4576673
4197979
6862862
19409519
15081707
14767432
12135851
8223162
5740930
5361016
4901743
19262582
14926315
14744642
12027356
8136691
5291558
4907678
4875821
21171938
5390548
3478338
15608365
11717745
8660483
109293
13053009
14240292
11509443
8659501
7773788
6383620
13265426
3338581
12665085
14124797
11313813
8624281
7665222
837251
2597720
7777798
7775955
18236473
15723384
9878665
5525936
7277117
6165256
5870951
5746961
18267168
17964709
12106293
7633366
7440723
6363247
6117514
5735822
18111542
16712989
12107760
7335743
7407910
6292108
6051024
5624051
3965025
2505798
16337831
11643086
10795808
8916510
8099978
4572474
6328504
30180
391817
2346705
1835011
4301935
3565710
5553472
13502046
12502980
897452
13147894
13019310
11495801
8323127
1413564
3886882
4407772
2886952
6629474
740638
1420894
1186047
5135119
17166361
476294
17577388
16903123
12646340
10027641
6625153
6060311
8569519
951687
9506713
5981077
2206613
4280667
3225115
8589063
5623063
3711611
9305206
7763732
13518452
11247327
9067396
8924581
5842237
2332516
6009231
3418209
2783895
986033
2079335
3041007
1446394
4345089
3483272
7547484
5987902
6618294
2919790
4103254
3159608
1704893
7493337
7608116
6546421
5531123
2360307
4336201
3037931
6247546
4606554
4567367
257454
205684
3347100
4783570
2006505
4000088
9450543
8980576
7522504
14751459
21130544
20989919
17908629
7819799
6402822
10485035
7411193
5360008
2965669
587020
798460
2740605
1357179
4151729
4173193
878158
4908930
6577656
1663202
2451145
110368
2999348
3628776
7050723
4585607
4505127
872497
1660763
408426
2259262
4491833
3804308
3594950
6680458
6360180
1715468
4565305
4960516
3767431
4937374
5364420
4689057
2806107
5688539
4290283
2863500
522000
3840369
4176211
4029338
8008978
896606
4411788
10781982
3298667
3761471
4850047
4610916
955210
2166593
3108329
4062779
91986
2237262
4457495
6002112
1484145
442548
2600746
2859790
2484538
4472254
871140
4653815
12009011
2308954
2601747
2485206
3221825
4463069
3279354
4092763
223441
1081514
4962054
4762381
2595902
5735137
4047732
3959740
19919930
117987
1518894
5032242
892495
1874114
129998
4461159
2374703
1238096
647832
2026632
260398
12502
3256421
4037361
1010430
3652756
2532021
926195
2875874
3921890
2257792
5464742
3864964
3307174
1559675
3480994
4381038
2613702
3044254
3837275
896965
2939218
12615375
12067596
4845977
1457586
1975861
2788144
20260975
3684290
20717896
6251137
4801842
3809413
2008141
23139485
19655455
1965657
20316668
16977194
15519011
13992541
10824151
10730361
8383611
6994855
4902387
2545861
2143497
5089875
4092490
3511951
2333885
3397543
1144256
4906688
5245969
3313551
841525
3920855
3369087
1308737
243055
2796397
5923889
6124302
3566442
6091319
17288708
2759441
879836
3563516
3000581
4277281
6897564
6895951
3178692
4228817
919856
67340
18248506
17597125
16286727
16164577
12789009
10281196
6959207
4220722
1637271
5211530
3496859
3392446
6171
2430390
3778985
4882100
2292302
1854791
2688941
3567316
1694608
3905831
4171123
2289450
4062410
4010656
1922617
5260224
3856842
412577
12956
4489909
3598764
8664078
7583892
7473075
2019829
1602828
663367
1973269
733859
3981239
1755895
7932501
3862466
3601672
2358973
3446409
2669443
5961657
2267339
5318141
2971740
1897661
7665149
4372994
4515558
4100279
3550658
3687330
994026
1679879
510271
2319084
1515010
6389374
3626939
4899878
4294130
1003543
1595689
1729336
3390920
2430876
7239465
10131179
7610337
5255252
1757267
1806567
2192828
1072177
3173098
4958983
1347707
1964846
5627648
6156498
4781391
2906573
1221529
6433003
4688733
992878
4621061
4837147
3519352
1964617
2575522
4681644
2901909
3466857
3474363
1587714
1996587
5485241
3416365
3305173
68274
711759
6428902
4833140
4892521
3484961
3251375
5050536
2393523
3945797
2368923
1534441
7671817
6140288
2093816
3084805
2824461
345323
607424
1569459
4002293
5178553
893660
4547658
1101876
2126457
3747933
4423527
2083335
1864318
23165852
23052664
19627069
16189699
8105076
4063370
2991702
3795955
4169295
3997412
3585952
2151486
8179451
5570121
4474779
4025523
2964815
4789329
2160586
3122574
991965
3788234
4797708
3192887
2543117
3445245
378740
1656112
4249347
5141503
1707639
3333911
783331
5225962
2013529
33682
4020209
1695004
4839759
2947489
5788831
5786492
3082499
3319724
1900002
4803954
4990621
2015784
2950706
3695294
2179362
4024845
2285140
3583654
4468666
1472478
1872274
3122365
376980
1942751
1229696
4389458
4413970
3569727
2576995
1053420
1050970
4627051
1698930
5711795
6161959
4787204
1652327
4502152
5113242
1926104
4180784
3111821
4372953
3724344
1901874
20266934
16135973
20843
2409090
3533774
3522042
5499935
4589637
4420024
2812001
686926
13168683
12379610
10176143
8042669
9035994
8712142
6752864
5467619
3032189
4391344
1283934
1151017
3278075
3276235
290695
2612036
1092782
3001746
120049
2993110
2087932
7270286
3950817
1560608
3667460
2587349
2046854
3973237
1271235
4510110
3375453
1987651
1808567
808095
3964486
3957498
1971469
5955059
3556518
166509
4988141
2962407
1946947
2742261
10258
5464732
1176455
890691
274551
2923654
1957117
6399421
4862476
6393587
3261857
2817788
679335
2503637
1486106
1046982
3991886
5441788
2700945
64946
504281
2761040
371938
2032273
1789559
4560536
551708
4637300
3972634
2346874
4401149
3970442
3140591
3052199
35009
34077
727068
2603654
659259
1356573
4001182
5038276
4658680
1883074
3048322
9837067
6852177
4343498
11091725
3058825
7762943
643401
5590476
5823939
4421998
432888
3437263
5178950
3553413
763749
1561475
525130
2419418
1762896
2747816
4834212
2541679
4673637
2810647
3607790
4511962
1621528
3458400
4221015
51592
1994952
4465380
3026690
2099668
3666496
3148009
4749428
4302137
3856525
4046139
2141052
2846494
1164103
144805
4201534
21346043
520930
530423
2581794
902113
1766818
219815
3461752
1169348
3350576
1443244
20221312
19848560
17207335
14171997
13992956
10895046
8921552
5785335
2924099
542370
2215334
241201
3444142
2382008
2935276
1086083
4944691
4520440
4201921
3747956
3492885
3821981
1757080
4134173
5154545
154721
2223018
9743751
17182212
14758312
14029032
12392894
9817298
9469219
7020417
6103153
6632745
1666075
2639995
196353
4466594
7328185
7245564
4686165
4544389
1567565
2454349
332203
4419864
2132499
5819521
3732152
20838716
17728980
754282
746236
984489
24363538
20026232
20024103
19729845
15468953
11829505
6991264
5253749
2344544
828957
4104967
4715600
2312229
2421799
13600198
12038463
9530623
11830
256025
5429305
2381928
189307
330582
6295231
4421229
5237485
4028961
5207648
2590993
2491214
1776376
2013560
2078774
4356292
4760851
5572117
3544832
4829897
13752643
15459612
14077158
12764241
11430284
11241869
9156334
4260241
2778389
3604428
1236089
7636074
6066417
6144821
910473
2150063
149065
3107656
3263781
1505650
4889195
5952320
3974321
2699244
2233834
5212470
1114766
3757149
6333415
6241350
2892073
15795
2455442
2299360
2035976
3405436
3226586
3627602
2341912
5127873
4885299
3870003
3006622
2038045
4984655
2487918
7617169
4951272
681554
2385320
2493747
1538184
5943432
7605969
5991838
3292394
3594531
13825494
711067
3410597
2785205
4486823
8222755
4533631
3666343
5064261
1692736
16684817
15842635
16399561
11119428
10007402
7976573
5750946
4243545
308629
3654555
3545897
465418
5026924
3674513
3264823
3184380
514025
1614800
5865710
1745340
2013106
19076703
19194776
17653450
13734932
3601921
3512814
1414808
3618380
18785209
16329503
2954607
9045
2350607
3168379
496894
3686698
6272518
12955058
10543865
10088075
8046245
7899242
2669908
5305453
3533313
5679258
137358930
13726097
14782210
12549310
7445245
4575639
1317237
2006973
5920790
5762214
3573247
4988377
35579
1176204
3839737
5133759
2988480
3107300
147020
3237582
1921084
1056647
171076
1903951
589372
4283442
3597747
3636656
1094497
2638936
3126296
3490724
1988882
2834442
3573460
18128122
15479462
469928
1341952
6035300
5433877
5050146
3670477
3563526
9776061
462502
1195381
2268811
1149266
4790466
798979
4393033
17394278
3977747
242820
24664998
2902979
3232408
1539256
5822469
3047625
5599636
4715290
2453538
1799230
110435
1804283
4714708
875341
4992714
3999530
2959987
8464205
7553788
20564402
20207341
12119471
726941
8667950
12282526
10552939
2199739
1284640
4228391
3237670
3123995
12502357
10319411
8099893
2889319
1359812
5341304
20234370
19059680
16246894
14509598
11945381
10115609
5741942
6782242
19241445
17767718
15432608
11443630
13357372
11556310
7153356
6785257
19139319
17770549
15351658
11374212
9522080
6065737
7661537
6152625
19758510
18375989
15927776
11950368
10123586
6583485
4773124
5980183
21505352
20205114
17674019
13701472
11841133
8306366
6380978
5953273
20519138
19598509
17618615
13518366
11726950
8276547
6310799
5849769
20309642
19579182
17619512
13456538
11727810
8175402
6207376
5812520
20307872
18873278
17579763
13427678
11607920
8098874
6107351
5714405
3184569
1964515
4959075
5039914
4086607
4485248
36722
2752982
2802118
3933085
3612156
3458198
4368480
3206371
1748564
3769493
5707473
1701687
4030504
4440251
3922428
7693258
7155037
7050845
2450362
788174
61429
3459277
4784120
3427248
60492
18666022
17450070
16579817
13411471
12282619
11621009
5006591
4497326
4277476
2860291
913298
1889689
2815215
2744335
299794
4475421
5533405
2584928
5601932
5228869
3563659
4292175
3307084
1493080
4950148
3894454
1526277
3149977
3759156
15860209
14174025
11188064
11063453
8414556
5962687
3688738
2097192
3133506
5450789
4879239
19086419
15841529
12544997
10426498
5761219
5246457
3819112
2248516
6434047
4319591
3289685
3651405
3142903
1799297
3972939
3400073
5613138
6021098
132777
4518033
2350479
4735901
5023485
15091741
17198503
11905959
10201110
7599304
5828564
4668138
2994219
2100083
7524458
5293783
3028812
15807500
13687009
11247519
10736938
7746021
7633599
5357150
1795108
451656
4411704
3111874
4018751
158487
3009948
1874271
2591115
1785964
1220663
4313037
739852
2900884
4596575
979438
438862
667595
2774803
6239014
5170320
3109974
4231861
799177
3579520
9804203
6071295
3010969
20418
1473544
6877784
4870093
4929417
3207367
5132703
5017092
2472211
5367086
6032472
4565428
2634106
4560454
6493529
4488325
16916257
3058692
5450182
11309985
1502382
757420
10828542
9147742
7373768
5851574
5746162
5562967
4181409
5566761
4512761
5174795
4372006
1098411
4063034
1650941
1828091
2603595
1808343
3842500
4201165
1491167
5049718
3908747
2806414
1374886
4909460
3471675
14599321
11910736
11899542
9318395
4042101
3438754
2025529
2789937
2011534
414991
5383361
3627652
1292258
1051959
3425642
1331508
2961372
2132821
4551498
1956223
4200679
1066967
4345373
2747859
5432185
4226482
4532053
164601
1306020
3017535
1321778
860534
2678510
1492416
6414494
3833962
4952453
4782988
4170102
4035230
5205454
4232233
5768027
2793382
3607960
3741633
766003
2089838
954143
1389641
5770025
5599428
4493947
5859576
3437854
1781337
1794067
5550671
6922885
3178652
5130986
4272102
3322368
4884866
4172314
3272858
3107630
13978060
1941237
2350001
13006528
4024760
12970702
10611225
10608433
7639371
4621367
9216402
5220887
17379935
13871251
12840635
12725263
10424835
9740273
8424051
3992787
3121744
5050142
2102459
2791159
80935
6932800
4267148
3629822
3464058
58163
1749264
6015377
6339963
3676171
10610764
17974729
17872082
13723147
4069053
5033693
1669026
3564440
3330523
1288766
4763631
3163627
401730
5587562
2386773
4291513
3091615
2568500
1612542
3624468
4801239
5900998
2174928
1695909
3542591
2598886
216731
1551043
3847226
5102367
1764164
4297390
4392618
17035595
15281822
13452217
7479323
8902007
5978452
4959845
3945320
5366030
1266065
11956580
13002320
12934428
10274268
8821947
4644673
4467510
2365968
554075
3665665
3560695
2324260
2185151
4027504
3061088
3940179
4938531
345639
2215586
16013256
3732112
21460737
21555798
19098692
17062173
12402302
12258304
5972600
4601500
5619150
3387556
18235254
1886228
17255932
3199240
15803000
141229
1558064
936754
3885779
3326672
3541789
19085485
16315093
13735890
11789527
9873859
8138575
6251786
4155983
4071670
605753
4319944
604371
4544430
3000370
3587283
3610588
5873134
4500144
3141853
3520176
2599672
1904259
2297555
819398
5385972
4264125
2864788
3842923
2509116
1646885
2793545
972843
5117605
2744488
1670939
1646122
3716651
4614917
1442359
8140144
8129233
2515579
3985019
5500443
3617352
815604
3253050
373444
5513726
4330984
4221802
5213334
4548127
2543798
3868671
3851069
4585411
1358280
2545716
5230462
3789819
1969830
5966697
3775673
5302824
1934793
6168997
5377807
4494146
1192759
1397854
1243853
5493179
2217182
3250292
1144933
3601630
2528003
4254574
3705110
3481704
585898
10445
3522305
35625
23522905
19204086
20022418
18224598
16894665
12660423
11262402
6894679
5793389
6074177
3030573
5004267
553551
1683584
6030982
4601360
6248070
4851220
2785508
4059879
32255
4412386
3645336
2996692
3604513
3590878
345242
4739015
3803848
1472866
133543
2658044
5132280
1720183
3030343
3951415
523909
384507
3616749
3277136
850369
3885644
3722498
6334501
4394792
2793697
3853711
2451265
2989081
2467172
1465761
6293960
5960361
3410561
4842483
9900089
1592438
5792697
7821047
7562367
5038972
4631550
2316012
1128013
5466519
5561973
350481
3450713
1617852
3115594
3164717
4224613
4254001
1137033
3374181
4863605
4533702
3932340
3503308
3135596
3531322
1478396
2885958
4242223
1373055
4083435
1949356
4936863
14673151
12790867
10830588
10827487
9275243
7937049
4896082
3705922
1998648
4217839
3611284
4823593
1806104
1599330
3973994
5027746
1813541
4846107
3289929
3145506
470216
1552133
17775585
3976085
4368318
10855600
6215785
6158815
3993346
1270109
2918020
2722936
610409
1492390
731633
4820150
2769730
1030268
7739904
3930820
4975250
3665443
3061968
3009213
617519
2496114
41061
9553328
10332694
9679256
7072355
7472112
622251
1348004
3126894
4611057
888652
519066
5568176
7115057
15798495
1280785
13711996
11528445
8400670
6792109
6591619
6465334
702460
7786253
5723211
3038287
5500966
6169310
2625743
3723250
337048
157998
4276030
2486309
4626905
3388134
4496649
5428100
2056944
979487
5892274
4389803
1439254
14286946
14284729
14282682
10528743
108507
13813389
13954444
11677771
9583204
7140588
7078228
3269026
6348843
5716984
4061193
2227332
6593159
5183092
7457649
393881
3296702
2396928
214153
14856393
13632225
12157191
11834118
8326191
7088585
6021624
3854873
3852389
2500221
7106924
3848378
7116783
2618534
9299336
8623245
1819477
594187
642256
5771391
3088604
2365766
4312769
4688731
1918845
5593128
5668410
6889067
3082986
1539054
412255
1720759
1163732
7142542
4805499
7767584
2972613
2123501
2590420
3172909
3317198
3906152
4231541
4558487
1951261
3131112
4449143
3407994
5207936
4946443
766107
3736330
656076
4231546
1110649
4351702
3499181
1918593
4195020
5635313
4961565
4540734
213643
2073357
2782905
3453293
3327930
3261974
832032
2255039
1630481
1642961
2903799
667589
4824473
8038581
10312584
9032368
5564915
12607
7826070
5299925
1516814
3753341
2286381
2765934
4890896
4524342
4997271
4125769
4511163
6262108
2825025
28466
4240936
5883179
1014424
1960368
12197870
12161123
10043268
1481552
349697
636828
5648566
4193410
1473170
4178537
1377280
3265430
1725996
1827506
1193449
2972583
3015988
7684886
5255872
3924255
5728954
4606795
2405552
2681853
3035284
4843819
2490572
34317
3478841
952195
2560115
5081154
4523176
5615734
3635865
3131536
1969108
2199685
21260906
19676660
16755965
50322
104107
1225296
3003499
1817467
6572914
6394843
5099693
8272325
5375365
4780479
5262384
2863977
4527145
3325865
