7719871
3046742
6125380
6990654
5837718
5263500
7831452
8622617
8702382
10121345
12582565
16130102
19920719
15543985
16275417
17022568
19936730
20584922
31158538
31448098
47748158
45510229
45837046
81492953
79876328
81228872
104214027
105606404
116054116
181226314
183063255
181503189
181781307
182735572
181741569
181899088
175350642
214222072
188970376
188177670
185676717
185258307
183225584
210535434
219204406
236094545
238659763
220835346
295817352
296979782
296648716
250311768
277575275
271128097
362715261
342170709
342625706
338146553
340704638
341484975
315121005
314421254
337871266
343046986
361523909
358619186
362006081
363810324
338168741
338004252
361662626
332118617
368671469
343312547
317682918
317802285
450823274
451654249
357740586
383917370
413068739
375047724
335372171
337796002
327983936
325541414
389911670
388778300
417834566
379144351
339581937
417935694
407786763
406459722
404458804
400449096
466315234
397786416
430924921
430656195
422404374
420632888
418166384
414608324
390276767
394455837
433176966
433765963
425342230
422891984
420663658
417267248
393007560
396738523
435200823
435752228
427929554
424451613
422329545
419094452
426691812
495552196
572750750
573304633
524685630
505517286
519969689
497974285
494825517
497177456
569336515
571968625
525316255
506539368
521172422
499442239
495979489
498043680
571583733
573531882
527277472
509882606
592167899
570637210
567425196
569922668
574918138
644912669
594017993
582971477
597366810
576284844
573589607
575698763
581334898
582098189
596704818
585973279
600102636
660505756
576346719
577883439
576752913
576881297
680734931
674000729
583118298
672699292
589073364
666788110
664727266
666049897
725536054
718006964
667893712
557284073
675546169
675680538
674288477
675613517
734029021
726164604
674151232
561425503
679391207
678249779
677187426
678396901
892537566
884389175
832345628
719216272
708932755
714452688
721460697
720889843
740863731
700555840
717300131
720616929
710224718
716294580
723090618
722699383
743034683
702550966
718967429
722107780
711889132
718059237
724737337
723935462
743443677
704083132
720328294
723290983
712908004
719397495
724567710
725144287
744870504
704979886
721371657
683629245
681177757
829272714
691159452
833022351
727353981
670772726
678025196
686807552
684216802
830443086
692390093
834072955
727569060
672377373
679874388
688638709
685147639
676571496
694584542
695744564
729289158
673772156
680977896
689497867
686108281
677414701
695329191
696576380
730353426
674907417
682709992
692309108
960688271
952302594
970858268
972032143
1005592249
950353749
957771756
763650035
962308598
954101377
971791079
972996548
1006157987
951286429
958656126
764258914
962973352
955001832
744691435
973794543
1006695398
952246600
959632668
765073265
963497754
956048252
745636501
747629392
1006740634
753699526
737035420
765802819
964262851
957178799
746785028
748530516
809430599
754757201
738461069
766559154
765480745
777603446
748385757
782511092
842970728
788349872
771964132
799802880
798432567
810551157
781531728
783545611
844306197
789660906
773485936
801178664
799675085
812022462
783262387
784663685
845624178
791377537
775038782
802342905
800725421
813067359
784393646
786223982
847365259
792559385
776578580
803577254
802147308
814354743
785979164
787265219
1048900586
994216618
892562725
1005064656
1003644081
1016151553
986788146
816652448
919840191
909052500
893806991
1006397945
1004901089
1017765693
988229616
817789260
921547070
910881727
895230881
1007872272
1006237750
1018965333
989809218
819265730
922825050
912240908
895987724
1008648479
1007177291
1019960605
990813581
820254985
923835699
912855200
896665103
1009466152
1008095575
1020781375
992184505
821496322
924949062
913858486
897348399
1010069531
1008702270
1021331880
992756178
822541936
925866377
914452899
896782526
1010731805
1009261053
1021929591
993509383
823462548
926898806
915259773
897239536
891759289
852054300
1022356275
994286566
824356644
927322393
915781839
897522416
892125361
852159856
816050290
825806253
825305074
928235996
916556974
898236501
892454955
853050414
816510173
826557386
826059727
928730786
916939075
898522196
892994588
853358053
816566456
827252164
826791361
929403820
1116090569
918530585
1092214913
1052831307
927634111
922527810
925871249
949991104
957394278
920701273
928977757
915971130
928098979
923446141
927060893
951148489
958196743
921775273
929774484
917419489
928892355
925555154
928838891
953165048
959839654
923861694
931957821
919178295
930835988
926842627
929631712
954711646
961504786
925538575
933475092
920576815
931556565
927887850
930317257
955563006
962078913
926403157
934215267
921453413
932377316
928918297
931339327
956416249
963046283
927049839
934674302
922315713
932522649
929275687
931927769
957063256
963360138
927521078
935093169
922817061
932772565
929846095
932072185
957655615
963792179
928257420
935949831
923538010
934506856
931962478
934009664
876517732
746651800
930488470
748787532
925558769
745825746
932602994
1096454836
1412090663
1282451104
1144692970
1284696330
1283067849
1281787972
1128486588
1131562598
1413019977
1283283127
1145400300
1285533975
1283820438
1282566078
1129251967
1132344809
1413581215
1284033494
1147268950
1287650212
1285634125
1284431810
1130399508
1135021041
1416186154
1287453079
1149209966
1291777863
1290713144
1290160864
1142836184
1146940840
1428502006
1300255183
1163025142
1304061777
1301684510
1304076234
1150435809
1154029278
1436635736
1308039107
1170436248
1311290339
1309682360
1310141531
1155554331
1158835268
1441592609
1311077535
1174271032
1314774021
1311058230
1312313948
1157609859
1160951011
1444010174
1314080471
1177211662
1318186063
1314598489
1315877037
1160829397
1164106495
1448235842
1317044003
1180539089
1321104184
1356153960
1356861916
1202437595
1204865954
1231227589
1256790502
1221487296
1238433201
1359089735
1215060968
1205539650
1207758179
1234381886
1260079527
1224862486
1241947761
1204329883
1219226285
1209503535
1211867601
1238621271
1263945309
1228626274
1245676848
1208122508
1222693149
1212270628
1215220283
1241758810
1267578739
1232629653
1249634406
1212527256
1227137750
1217068915
1219918538
1246999245
1272176745
1236993960
1253698734
1216398766
1230739445
1220594562
1222929663
1249696725
1275041160
1250922428
1267359856
1229887062
1244799313
1101224474
1101532622
1262715553
1287712227
1195450794
1269266768
1231879776
1245960238
1102396076
1102383436
1263791700
1201134609
1197402083
1112306108
1234489079
1107052456
1480335437
1480256859
1584531075
1578866963
1575024234
1489088024
1193719924
1483730282
1480318770
1481227888
1585527971
1579818298
1575968789
1489889519
1194520045
1484747681
1480966053
1481789934
1586082856
1580409124
1576703645
1490595498
1195299805
1604079702
1599016676
1600618095
1706035673
1700329377
1696531192
1610645683
1315227751
1605609596
1600508648
1600790484
1706787344
1701085502
1697266562
1611305509
1315924173
1605983903
1600799136
1601651196
1707533039
1702730452
1698949110
1613124859
1317805621
1607964340
1602468304
1603445017
1709106386
1703136814
1699494452
1613496537
1318143610
1608324748
1602649389
1603823654
1709399955
1705039107
1701293130
1615378411
1319676261
1610123928
1601120735
1605479631
1710698929
1704947960
1701187537
1615285487
1319640077
1610101861
1600960964
1603184794
1710836607
1704988837
1349018728
1615135442
1319696537
1610260031
1600777791
1602843129
1481540149
1418805394
1349023503
1615206380
1320165006
1610821603
1601227191
1603206166
1482064227
1419521318
1349714095
1364046245
1320253429
1610956744
1601371223
1603275219
1482140263
1419647043
1350059318
1364371487
1320556345
1611352173
1601342118
1603518053
1482264124
1419550993
1350188843
1364488777
1320625785
1611325165
1601539489
1603860434
1482720928
1420465003
1351261996
1365371514
1321509814
1612301601
1602217682
1604495356
1483326407
1420686179
1351469489
1365578028
1321572903
1612515472
1602208217
1604565343
1483392057
1420764838
1351668162
1365665825
1321691886
1613941287
1603585225
1604707112
1484554988
1422274166
1352941799
1367155752
1323130760
1614402212
1603803957
1605110529
1486284716
1424069324
1354861521
1368779794
1325095692
2627649261
2635814205
2636654166
2561843838
2454833223
2181966287
2480811239
2752023045
2750106425
2757176587
2757946678
2683145271
2576050635
2182528866
2481121573
2752235741
2750608037
2757433214
2758287823
2683357043
2576486291
2182901169
2481417122
2752268885
2750937485
2876234665
2877654534
2802700975
2695742859
2431311092
2729892201
3000817333
2999445313
3006373453
3007304386
2932408757
2825514330
2432004345
2730452093
3001527195
3000130552
3007207583
3007894668
2933115821
2826870369
2433359593
2731731093
2585352120
2536746115
2254201886
2255001487
2934428716
2827499456
2433968862
2732271292
2585970495
2537135869
2254174786
2255257273
2935115168
2828252429
2434783821
2733095051
2586788911
2537933952
2255103118
2254467158
2935857016
2828938424
2435459197
2733638468
2587362347
2538428009
2255694386
2254770278
2936615491
2829380875
2436273952
2734355463
2588183845
2539260751
2256535335
2256229457
2938508242
2831337207
2438268483
5098795482
4952413234
4903452754
4617467193
4499473269
4910123166
4901749412
4798820354
5099529622
4953809543
4904735801
4618776568
4501179959
5224975936
5217172474
5115588253
5416221912
5270105646
5221123023
5188492127
5070410009
5143851208
5152905467
5370230671
5670730048
5524551763
5475447103
5189432725
5071245311
5143767115
5153361540
5370411601
5671093947
5524948573
5476073890
5190054405
5071937565
5144397195
5153208121
5371208059
5671764282
5525585571
5476460247
5190394526
5072215093
5144999922
5153605433
5371556910
5671908100
5525760384
5476710411
5190596975
5071923189
5144394025
5153500693
5371855091
5441066643
5440057578
4991795791
5080577429
5081494053
5154195849
5163216071
4964934776
5450750372
5449754213
5001576401
5080991229
5081875320
5154560908
5162912026
4965351007
5451333813
5450501257
5002197613
5081537542
5082792158
5155632943
5163821090
4965860003
5451705447
5451022282
5002614600
5081918739
5082681721
5155639739
5163606935
7649901560
8136200312
8135514914
7687186391
7766453272
7762636879
7726222138
7725645594
7508630910
7834611748
8061326164
7653519310
8090981733
8087203708
8050640866
8051026087
7833890140
8160157607
8386932955
7655030363
8086913571
8088531189
8051988741
8509822219
8293130378
8619279311
8846519521
8114687009
8546532092
8923569373
8886744635
8886601709
8669683694
8765931136
9222408511
8480203697
8921686501
8924316870
8886681564
8887075479
8670208419
8701054012
9222788447
8480733836
8922193058
8924740665
8887175288
8887526961
8670800257
8701566198
9223430415
8540248114
8982441527
8985252749
8956573492
8957151894
8740807106
8771168341
9081284310
8551591613
8992734574
8994771136
8956642405
9196894811
8980570537
9010831092
9246411864
8791718073
9232671618
9234777184
9196116452
9198002820
8981665883
9011570109
9247492528
8792318706
9233156468
9234910179
9196577453
9197812991
8982172284
9011976965
9247658629
8792869491
9233585260
9235387392
9196540806
9198374415
8982700572
9012154699
9077341710
8793535792
9234300540
9235887668
9197198332
9198771569
8983122340
9012541675
9077656784
8423254106
9234448024
9236053451
9196986438
9198756021
8983272610
9012616481
9077795065
8423460474
9234647300
9236004501
9196864459
9200409305
8985130629
9014504623
9079520419
8425246791
9236431906
9237828270
9198193354
9200772451
8984317854
9014888322
9079855184
8425727674
9236931739
9238070639
9198335441
9200538713
8984748180
9015166858
9080164445
8424505950
9231590253
9308237389
9270525157
9272977106
9057299856
9206691196
9272421628
8616760675
9762538020
10140589019
10106789233
10109827602
10951763396
10982068915
11046866922
10391211896
10820332710
11198400805
11164131221
11165611832
10951862113
10982025226
10984432288
10386176052
10698892071
11198626041
11164263144
11166284431
10952553736
11111996517
11114353106
10516089969
10828883483
11328828894
11294385028
11296133762
11082671151
11112782010
11115079671
10516945906
10829714065
11329532520
11294985288
11296694847
11084036801
11114071611
11116312371
10518154583
10833002678
11332769013
11297929834
11299990772
11086699346
11116709162
11118657740
10520738260
10833583405
11333439255
11298566210
11300256538
11087545353
11117489741
11119507012
10521435665
10834363949
11334092627
11428590732
11430920557
11218384125
11248307119
11250239569
10652201421
10965062159
11464764266
11429256307
11431709674
11219084190
11248864425
11250829074
10652728749
10964818204
11465278641
11429796480
11432479662
11219916932
11249617484
11251404554
10653474596
10965551908
11465802416
11430331427
11433194659
11723428983
11752975547
11857408705
11259548007
11571570319
12071266423
12036375378
12039116182
11826730481
11855863070
11857917079
11260084046
11572046216
12071394589
12036570998
12039310124
11827186181
11855761640
11856439543
11260488006
11575751379
12076679764
12042009809
12044774190
11832775787
11861265701
11938261846
11343194173
11653332289
12180360523
12145973781
12283743458
12071843372
12102116344
12103109988
11507018709
11817482032
12318424094
12284465543
12287792761
12076230739
12104105478
12105466271
11509113343
11819480688
12318151441
12284961884
12288292630
12076602446
12104508565
12105907440
11509585005
11819859150
12317608631
12285394618
12288847480
12145537369
12173272158
12174568868
11578271096
11888602840
12384613015
12353593865
12356981147
12145876862
12667579639
12668400164
12072796233
12383052474
12878199053
12847809069
12852508395
12642927470
12670839731
12672042324
12076561535
12386909096
12881053093
12851762125
12855503552
12644378754
12671806961
12672801648
12077399812
12387541728
12880987172
12852137933
12844512865
12585399425
14194893654
14246838458
13651936921
14364969462
14491381178
14481944787
14474226535
14423200823
13713318955
14650768981
14055837706
14365969283
14489928060
14482440120
14474560984
14424348023
13714511449
14651893387
14056916061
14367177362
14490989865
14483813287
14475945781
14425078934
13715332152
14652833770
15767685944
16077994391
16201727435
16194308324
16186664255
16136060556
15184444230
16363850892
15769397771
16079387276
16083846026
16191035540
16182689310
16138005983
15186675024
16366108459
15771933751
16081912193
16086345898
16193156770
16184825410
16139835940
15183207702
16367236477
15772871933
16082475583
16086954112
16193152296
16185386503
16140538590
15183981937
-1782866387210307
-1782866981690123
-1782866672049347
-1782866672166038
-1782866674824989
-1782866675788859
-1782866748727381
-1782867571070948
-1782866387278654
-1782866981692296
-1782866672137758
-1782866672202779
-1782866675039616
-1782866675826099
-1782866748758631
-1782867571073173
-1782866387565652
-1782866981694368
-1782866675187709
-1782866672646903
-1782866675162111
-1782866675860304
-1782866748850198
-1782867571075269
-1782866387622075
-1782866981731704
-1782866675230946
-1782866672664286
-1782866677419773
-1782866678204060
-1782866748916906
-1782867571217734
-1782866387740478
-1782866981769889
-1782866675233146
-1782866675335828
-1782866677474427
-1782866678266289
-1782866749008770
-1782867571530105
-1782866447442352
-1782866983209200
-1782867037330662
-1782867036967978
-1782866677535826
-1782866678340442
-1782866749126715
-1782867571624180
-1782866447558020
-1782866983265880
-1782867037492101
-1782867037861894
-1782867041183173
-1782867047981367
-1782867049131173
-1782868256146344
-1782866447680108
-1782867220869447
-1782867037656772
-1782867518755678
-1782867520685934
-1782867521408695
-1782867568516347
-1782868697854970
-1782866759003441
-1782867482387555
-1782867518547978
-1782867518868052
-1782867520866522
16415771018
16368738968
14686007015
16612822310
15282100211
15837898414
16489138642
16607020196
16603795065
16555103667
15022065426
16948737852
-1782868657772591
-1782868100135157
-1782867784642496
-1782867666702341
-1782867669868186
-1782867718716301
-1782869251710128
-1782867324924266
-1782868658005946
-1782868100248138
-1782867784704876
-1782867666867795
-1782867669925309
-1782867718799182
-1782869251866686
-1782867326401965
-1782868658012059
-1782868529219389
-1782867784933812
-1782867793172260
-1782867793177629
-1782867793706390
-1782869438348554
-1782867566586711
-1782869213452049
-1782868529330207
-1782867784984053
-1782867793179724
-1782867793187827
-1782867793708334
-1782869438458349
-1782867566672516
-1782869215338480
-1782868529456692
-1782867786700348
-1782867793181719
-1782867793189812
-1782867793786508
-1782869438584650
-1782867566799112
-1782869215433663
-1782868529514005
-1782867786813698
-1782867793183764
19406256447
19405775227
17760920944
19629881820
17984329410
18669426770
19412997737
19406858715
19406343633
19406270878
17761407136
19630363637
18239704477
18924358253
19666566008
19662157537
19661802877
19661503517
18016788454
-1782867570298137
-1782869215440515
-1782868530894931
-1782867788720621
-1782867793193827
-1782867794076639
-1782867794241067
-1782869438951733
-1782868256577084
-1782869215442667
-1782868530897326
-1782867788818686
-1782867793195830
-1782867794107423
-1782868229328849
-1782869632046302
-1782868256640650
-1782870087758458
-1782869595098941
-1782868099102933
-1782868100678734
-1782868101714965
-1782868229485273
-1782869632126702
-1782868256697594
-1782870087891558
-1782869595172958
-1782868099183714
-1782868101008456
-1782868101800398
-1782868229575805
-1782869632158466
-1782868256807231
-1782870088019837
-1782869595205175
-1782868099320215
-1782868101027083
-1782868101887758
-1782868229591718
-1782869632219528
20202090357
18371072639
18865042779
20361143140
20359549187
20358754115
20848245177
19445452370
20694885976
18861227614
18936883428
20978874677
20977430528
20976382421
20848967558
19446083102
20695361964
18858783192
19057375186
-1782868529589958
-1782868532358435
-1782868541337976
-1782868736985909
-1782869854805943
-1782868385648437
-1782870220099686
-1782870141455986
-1782868529674835
-1782868532902013
-1782868541415885
-1782868737089602
-1782869854900761
-1782868396718419
-1782870220101828
-1782870142124919
-1782868529774759
-1782868533006542
-1782868541603160
-1782868737195864
-1782869855008201
-1782868396740272
-1782870220104006
-1782870142254767
-1782868529887512
-1782868533148686
-1782868541682162
-1782868737244743
-1782869855119998
-1782868396835721
-1782870220110846
-1782870142356319
-1782868531043092
-1782868533235768
21574939416
21379474253
20261790876
21720088074
19896963786
19974707850
21586106488
21580324744
21575645424
21380191255
20262531062
21720799452
19897930650
19975352810
21586808858
21580860951
21576228511
21380833961
20263150710
21721298372
19898495325
19976036481
-1782868531275674
-1782868537401274
-1782868542022585
-1782868737591192
-1782869855329933
-1782868397349913
-1782870220119722
-1782870142869656
-1782868531377855
-1782868537604898
-1782868542104126
-1782868737667780
-1782869855387223
-1782868579817712
-1782870654248225
-1782870997923797
-1782868531414968
-1782868537692129
-1782868542376436
-1782868737701722
-1782869855455168
-1782868579835657
-1782870654331389
-1782870997998665
-1782868531525774
-1782868537774609
-1782868542471186
-1782868737806822
-1782869855534311
-1782868579842953
-1782870654468914
-1782870998263950
-1782868531614239
-1782868537991400
-1782868542510541
-1782868737883765
-1782869855607141
-1782868698372325
-1782870719633763
-1782870998360141
-1782868531722914
-1782868538113417
-1782868542590653
-1782868737958718
-1782869855639379
-1782868698415788
-1782870719685744
-1782870998395149
-1782868531771553
-1782868538155826
-1782868542712826
-1782868738038122
-1782869855719990
-1782868698556648
-1782870719892597
-1782871245532734
-1782868552729566
-1782868562018526
-1782868562969427
-1782868738160392
-1782869855973639
-1782868698666467
-1782870719894952
-1782871245775222
-1782868907132732
-1782868911107789
-1782868921931376
-1782868924365035
-1782870472723132
-1782868698672398
-1782870719989494
-1782871245998511
-1782868907199258
-1782868911187246
-1782868922007167
-1782868924596036
-1782870472835085
-1782868699255939
-1782870720315414
-1782871246372407
-1782868907445571
-1782868911277545
-1782868922410014
-1782868924983570
-1782870472907781
-1782868699261929
-1782870720412987
-1782871246634123
-1782868907538780
-1782868911461879
-1782868922412432
-1782868925090092
-1782870472980262
-1782869247021735
-1782871361743841
-1782871649373519
-1782868907579169
-1782868911464141
-1782868922948367
-1782868925280648
-1782870473033774
-1782869247542249
-1782871361766988
-1782871649417759
-1782868911544496
-1782868920048382
-1782868923292024
-1782868925368626
-1782870473134699
-1782869247899395
-1782871361769773
-1782871649491735
-1782868911666954
-1782868920448807
-1782868923406973
-1782868925501968
-1782870473249060
-1782869248254706
-1782871361776734
-1782871649581132
-1782868911810146
-1782868920466546
-1782868923542083
-1782868925598996
-1782870473331477
-1782869248505823
-1782871361779353
-1782871649686827
-1782868911958267
-1782868921111564
-1782868923623489
-1782868925810166
-1782870473878665
-1782869248548670
-1782871361781546
-1782871649872865
-1782868911960675
-1782868921114762
-1782868923836410
-1782868925896169
-1782870473954926
-1782869248869635
-1782871361783813
-1782871650132615
-1782868912369548
-1782868921116929
-1782868924118817
-1782868926039918
-1782870474132038
-1782869248993342
-1782871361785971
-1782871650139385
-1782869467777998
-1782869094625722
-1782868924206082
-1782869096113082
-1782871168070598
-1782869249135109
-1782871361788224
-1782871650210500
-1782869467883923
-1782869469799467
-1782869470088761
-1782870083803656
-1782871168113392
-1782869249463339
-1782871361790393
-1782871650312076
-1782869595455224
-1782869600710252
-1782869601050822
-1782870083874054
-1782871480261263
-1782869249654201
-1782871361792643
-1782871650386531
-1782869595540885
-1782869600919376
-1782869601177122
-1782870083957193
-1782871480419607
-1782869263195587
-1782871362504384
-1782871650457212
-1782869595689422
-1782869601422364
-1782869601289846
-1782870084046023
-1782871480532517
-1782869263300600
-1782871983083039
-1782871650536380
-1782869595811086
-1782869601509157
-1782869601667405
-1782870084122285
-1782871480616513
-1782869263510635
-1782871984317112
-1782871650600242
-1782869596061295
-1782869601966623
-1782869601783353
-1782870084226175
-1782871480661306
-1782869439277333
-1782871984430316
-1782871650672525
-1782869596380148
-1782869602136913
-1782869601905343
-1782870084261799
-1782871480804713
-1782869439540082
-1782871984457904
-1782871853144815
-1782869596510103
-1782869602269696
-1782870144455315
-1782870084342098
-1782871480937125
-1782869439563954
-1782871984545804
-1782871853265308
-1782870142958295
-1782870146186197
-1782870147608556
-1782871412938721
-1782872677796690
-1782869439566367
-1782871984578383
-1782871853335090
-1782870143044453
-1782870146291761
-1782870147680223
-1782871413083572
-1782872677804640
-1782869439576151
-1782871984700588
-1782871853411421
-1782870143130771
-1782870146413785
-1782870147756910
-1782871413110812
-1782872677906463
-1782869439670794
-1782871984740980
-1782871853485070
-1782870143221542
-1782870146505415
-1782870147814566
-1782871413232869
-1782872678071798
-1782869446985645
-1782871984900048
-1782871854441149
-1782870143282686
-1782870146556697
-1782870147910034
-1782871413275085
-1782872678074172
-1782869447164843
-1782871984930862
-1782871854565465
-1782870143362498
-1782870146703931
-1782870147912145
-1782871413471501
-1782872678214228
-1782869447311450
-1782872354308196
-1782872230969191
-1782870143423317
-1782870146817238
-1782870148170780
-1782871413513885
-1782872678216477
-1782869633677138
-1782872354470854
-1782872231062914
-1782870143494170
-1782870146870927
-1782870148180494
-1782871413662481
-1782872678218538
-1782869633832537
-1782872354525825
-1782872231193660
-1782870143588693
-1782870146927098
-1782870148186294
-1782871413731658
-1782872678332578
-1782869633840941
-1782872354558243
-1782872231302559
-1782870143687328
-1782870147039845
-1782870148188475
-1782871413856405
-1782872678334699
-1782869633892906
-1782872354717167
-1782872231349566
-1782870143770036
-1782870147083922
-1782870149244435
-1782871413978019
-1782872678336838
-1782869634239597
-1782872354839183
-1782872231437125
-1782870143796165
-1782870147384913
-1782870149253530
-1782871414090520
-1782872678449235
-1782869634267868
-1782872354841620
-1782872231548347
-1782870144636974
-1782870147601964
-1782870149256108
-1782871414195182
-1782872678643868
-1782869634270366
-1782872354864426
-1782872231591888
-1782870144725499
-1782870147816763
-1782870149258162
-1782871414233944
-1782872678646043
-1782869634272564
-1782872354917505
-1782872231719843
-1782870998428756
-1782871002398020
-1782871015416998
-1782872624729617
-1782874027963062
-1782869634278839
-1782872355027303
-1782872231894020
-1782870998582855
-1782871002543037
-1782871015538043
-1782872624766024
-1782874028056531
-1782869635350534
-1782872355048701
-1782872231948423
-1782870998585506
-1782871002632730
21482428596
19873107568
18470064897
22862804984
20143184932
20265764535
21500391656
21496332627
21484735924
19813360495
18472209069
22865129392
-1782872355211447
-1782872233249738
-1782870998842549
-1782871002772849
-1782871015710781
-1782872687162770
-1782874028348601
-1782869635357671
-1782872355973043
-1782872233313575
-1782870998951055
-1782871002855208
-1782871015937443
-1782872687253499
-1782874028354573
-1782869635359799
-1782872356915929
-1782872233396268
-1782871246885584
-1782871259398023
-1782871259712499
-1782872955525670
-1782874223630249
-1782869635361950
-1782872356921624
-1782872233470494
-1782871246990438
-1782871260012288
-1782871259822167
-1782872955619237
-1782874223725904
-1782869635363999
-1782872356930551
-1782872233699193
-1782871247358737
-1782871260444062
-1782871260235236
-1782872955706405
-1782874223871414
-1782869846715643
-1782872804794896
-1782872616614857
-1782871249405853
-1782871260527266
-1782871260350523
-1782872955817394
-1782874223980926
-1782869847017735
-1782872804803254
-1782872616732057
-1782871249650093
-1782871492361685
-1782871649263798
-1782873272099457
-1782874678934857
-1782869847027924
-1782872804808886
-1782872616822789
-1782871648470060
-1782871654378967
-1782871654997767
-1782873273277418
-1782874800481209
-1782869848036482
-1782872805333899
-1782872738415403
-1782871648521297
-1782871654502823
-1782871655060648
-1782873273367494
-1782874800568859
-1782869848102372
-1782872925270995
-1782872738496703
-1782871648618414
-1782871654633588
-1782871655135874
-1782873273432012
-1782874800664130
-1782869848174779
-1782872925927213
-1782872738935148
-1782871650743048
-1782871655452118
-1782871656320479
-1782873273507149
-1782874800722775
-1782869848255131
-1782872925966365
-1782872739231851
-1782871650854927
-1782871655573457
-1782871656429173
-1782873273622003
-1782874800835920
-1782869848537407
-1782872926071709
-1782872739829586
-1782871650919652
-1782871655607238
-1782871656548281
-1782873273879393
-1782874800956068
-1782869848591326
-1782872926132711
-1782872739884764
-1782871650991921
-1782871655690356
-1782871656657798
-1782873273920072
-1782874801044041
-1782869849060849
-1782873048024878
-1782872798335042
-1782871651064755
-1782871655752585
-1782871656678585
-1782873273979515
-1782874801059835
-1782869849388341
-1782873048141930
-1782872798558227
-1782871651142116
-1782871655824270
-1782871656811777
-1782873274056774
-1782874801135601
-1782869849479133
-1782873049085013
-1782872798653645
-1782871651234362
-1782871655910539
-1782871656918803
-1782873274059258
-1782874801259800
-1782869849501815
-1782873049173214
-1782872799107977
-1782871651329655
-1782871656011448
-1782871861644112
-1782873646757504
-1782875115385334
-1782869849600917
-1782873049206665
-1782872799206542
-1782871853801629
-1782871857073730
-1782871861755818
-1782873646889800
-1782875115463005
-1782869849686681
-1782873049321182
-1782872799300312
-1782871854597727
-1782871857096657
-1782871861989879
-1782873647030924
-1782875115565091
-1782869849849909
-1782873049405558
-1782872799742900
-1782871854691867
-1782871857102537
-1782871862094026
-1782873647033632
-1782875115710771
-1782870466044639
-1782874044298299
-1782873743181167
-1782871854721702
-1782871857226621
-1782871862120126
-1782873647126666
-1782875115819473
-1782870466151186
-1782874045193813
-1782873743247214
-1782871854867068
-1782871857346005
-1782871862237371
-1782873647214662
-1782875116109707
-1782870466245141
-1782874045305587
-1782873743326171
-1782871854964243
-1782871857423662
-1782871862263298
-1782873647400903
-1782875116137668
-1782870473749721
-1782874045555847
-1782873746989347
-1782871855036102
-1782871857500663
-1782871862433616
-1782873647420637
-1782875116140671
-1782870473827883
-1782874045573067
-1782873747090354
-1782871855116772
-1782871857588771
-1782871862459888
-1782873647521247
-1782875116142966
-1782870474137850
-1782874045575495
-1782873747169046
-1782871855217538
-1782871858018086
-1782871862588783
-1782873647607104
-1782875116149146
-1782870474441892
-1782874045581716
-1782873747256115
-1782871855335443
-1782871858071872
-1782871862615490
-1782873647714083
-1782875116247239
-1782870474694916
-1782874045671734
-1782873747375953
-1782872232028851
-1782872235323429
-1782872236611530
-1782873999652666
-1782875549568502
-1782870474698164
-1782874045674030
-1782873754974188
-1782872232031096
-1782872235435078
-1782872236646010
-1782873999655298
-1782875549596216
-1782870719195200
-1782874181178060
-1782873995721106
-1782872232033273
-1782872235586726
-1782872236776393
-1782873999747479
-1782875549652520
-1782870719621206
-1782874181203862
-1782873995842362
-1782872232107798
-1782872235701981
-1782872236836187
-1782873999753282
-1782875549738260
-1782870719627510
-1782874181257252
-1782873995930032
-1782872232186974
-1782872235749385
-1782872236990914
-1782873999863618
-1782875549904483
-1782870904819844
-1782874494835991
-1782874248454472
-1782872232352953
-1782872235873072
-1782872237109587
-1782874000050290
-1782875549990808
-1782871168429488
-1782874694443833
-1782874424921699
-1782872232486864
-1782872235920999
-1782872237111860
-1782874000136642
-1782875549993328
-1782871168542250
-1782874694597814
-1782874425179237
-1782872232521325
-1782872236044526
-1782872237145311
-1782874000268075
-1782875549995523
-1782871168606349
-1782874694684660
-1782874425197894
-1782872232523672
-1782872236501421
-1782872480119459
-1782874127945205
-1782875850411636
-1782871168682963
-1782874694759070
-1782874425200347
-1782872477059860
-1782872478812521
-1782872480206707
-1782874128060104
-1782875850524268
-1782871168824408
-1782874694895110
-1782874425249705
-1782872477200201
-1782872549129781
-1782872547646698
-1782874254507198
-1782876029623223
-1782871483649460
-1782875149488173
-1782875674820008
-1782872540741358
-1782872549254170
-1782872547830932
-1782874254657913
-1782876029690747
-1782871483740531
-1782875149497878
-1782875674945053
-1782872540744953
-1782872549549325
-1782872548065602
-1782874255494203
-1782876029712935
-1782871483830929
-1782875149504930
-1782875674956505
-1782872540747153
-1782872549683075
-1782872548253356
-1782874255604677
-1782876030023261
-1782871483929674
-1782875149530222
-1782875675057685
-1782872540756391
-1782872549961494
-1782872548528692
-1782874255713721
-1782876030040600
-1782871483980387
-1782875149602291
-1782875675128135
-1782872540768416
-1782872550405231
-1782872548749764
-1782874255830553
-1782876030043057
-1782871484081535
-1782875149685894
19103221791
22237840551
22204550135
22205183601
20523145872
18749026463
23295047231
19629524633
19104147496
22237383905
-1782872574743459
-1782872573930604
-1782874255909442
-1782876030111568
-1782871799048398
-1782875840397641
-1782876486294686
-1782872548620740
-1782872574832747
-1782872574052797
-1782874255963745
-1782876030396866
-1782871799176435
-1782875840401248
-1782876486347147
-1782872548912215
-1782872581417149
-1782872581750501
-1782874323513982
-1782876158383236
-1782871799194301
-1782875840403650
-1782876486425186
-1782872549369694
-1782872582662848
-1782872582203140
-1782874323599906
-1782876158501655
-1782871799319692
-1782875840405793
-1782876486503063
-1782872551167904
-1782872583455414
-1782872582316386
-1782874323762208
-1782876219987314
-1782871799372349
-1782875840410010
-1782876486584604
-1782872552515732
-1782872583916201
-1782872582564670
-1782874323768204
-1782876219995935
-1782871799534143
-1782875840412197
-1782876486655144
-1782872553145010
-1782872584091287
-1782872582867492
-1782874323924210
-1782876220110032
-1782872679105455
-1782877050779325
-1782877910248339
-1782872553331399
-1782872584340224
-1782872583296402
-1782874323929442
-1782876220234868
-1782873344989128
-1782877628944678
-1782879814656266
-1782872615846384
-1782872618244321
-1782872618283207
-1782874324051847
-1782876220880533
-1782873345160126
-1782877629078469
-1782879814754081
-1782872615901909
-1782872618383009
-1782872618530192
-1782874324212274
-1782876220962242
-1782873345162649
-1782877629190518
-1782879814861247
-1782872615960873
-1782872618476390
-1782872618622316
-1782874324217911
-1782876220968027
-1782873345637155
-1782877629324938
-1782879814882159
-1782872616910262
-1782872620241765
-1782872622056167
-1782874324319441
-1782876221040198
-1782873345643680
-1782877629412693
-1782879815003319
-1782872617001675
-1782872620247424
-1782872622123350
-1782874324321911
-1782876221087906
-1782873346308472
-1782877629587881
-1782879818448048
-1782872617041786
-1782872620495389
-1782872622405641
-1782874324397479
-1782876221102891
-1782873783389654
-1782878009549929
-1782880196285216
-1782872617134688
-1782872620588982
-1782872622489813
-1782874324489535
-1782876221218378
-1782874028679526
-1782878236703578
-1782880310214593
-1782872799847636
-1782872801914834
-1782872809020955
-1782874672529218
-1782876410911036
-1782874028842000
-1782878237200549
-1782880310342302
-1782872799906652
-1782872818277326
-1782872817834081
-1782874672626838
-1782876411422134
-1782874028928655
-1782878237280984
-1782880310359477
-1782872800028117
-1782872818366544
-1782872818044314
-1782874672715400
-1782876411493483
-1782874028978862
-1782878237450240
-1782880310542163
-1782872800538219
-1782872818713086
-1782872818461978
-1782874672754934
-1782876411571328
-1782874029030852
-1782878237501198
-1782880310655394
-1782872800660427
-1782872818819614
-1782872818567537
-1782874672843663
-1782876411647237
-1782874034308335
-1782878237543909
-1782880311438976
-1782872800754950
-1782872822334928
-1782872818616736
-1782874672954434
-1782876411723987
-1782874036211809
-1782878237654811
-1782880311560972
-1782872801023631
-1782872822338973
-1782872818938714
-1782874673061647
-1782876411838988
23478437867
19334264441
17083983451
24780464427
24760252100
24760413657
22909838443
21171348526
23486288046
19342233913
17085398356
24781687620
24761324178
24761734795
22910939163
21168817760
23487236329
-1782878252485524
-1782880729242814
-1782872802149289
-1782872822573424
-1782872822336934
-1782874673261952
-1782876415655439
-1782874224415889
-1782878252597261
-1782880729321514
-1782872802778300
-1782872822579740
-1782872822597850
-1782874798567580
-1782876418064448
-1782874224499359
-1782878252859446
-1782880729366553
-1782872822575578
-1782872822581739
-1782872822599900
-1782874798633191
-1782876418121756
-1782874227118249
-1782878253009546
-1782880729562776
-1782872822577708
-1782872835134913
-1782872835742402
-1782874798701269
-1782876418889403
-1782874227214935
-1782878253129872
-1782880729568362
-1782872829479325
-1782872835302232
-1782872835900923
-1782875112688845
-1782876418922644
-1782874355270143
-1782878260151928
-1782880729700768
-1782873191202461
-1782873207996044
-1782873208023623
-1782875112711912
-1782877308639664
-1782874417466517
-1782878261015669
-1782880790555997
-1782873191395849
-1782873208028805
-1782873208026498
-1782875112794492
-1782877308712897
-1782874417542188
-1782878261114549
-1782880790583616
-1782873191502321
-1782873208031035
-1782873208035315
-1782875112875506
-1782877308813757
-1782874418993916
-1782878261206541
-1782880790706651
-1782873192093925
-1782873208033138
-1782873208104677
-1782875672707915
-1782877755131303
-1782874419080030
-1782878261316058
-1782880894615888
-1782873747433929
-1782873756078793
-1782873769738788
-1782875672719937
-1782877755201544
-1782874419166862
-1782878261774336
-1782880894661520
-1782873747532000
-1782873756162700
-1782873769820136
-1782875672817131
-1782877755290257
-1782874419255667
-1782878261885763
-1782880894769480
-1782873747546842
-1782873756246315
-1782873769974797
-1782875672893326
-1782877755407997
-1782874419544144
-1782878261996157
-1782880894868929
-1782873755080748
-1782873761709191
-1782873773484695
-1782875673022575
-1782877755469414
-1782874549646058
-1782878325137608
-1782881020626963
-1782873756328680
-1782873761769211
-1782873773570368
-1782875673039015
-1782877755504373
-1782874549767228
-1782878325194280
-1782881020703997
-1782873756412761
-1782873761771619
-1782873773697782
-1782875673172261
-1782877755598032
-1782874549859877
-1782878325196667
-1782881020760668
-1782873756509372
-1782873761887736
-1782873773714620
-1782875673296066
-1782878072607755
-1782874549944834
-1782878325198715
-1782881020854246
-1782873996017255
-1782873998965412
-1782874000727833
-1782875921359437
-1782878072688995
-1782874550529550
-1782878325204930
-1782881020958385
-1782873996061672
-1782873999056039
-1782874000850540
-1782875921471580
-1782878072722292
-1782874550531840
-1782878325290468
-1782881021035151
-1782873996144759
-1782873999150691
-1782874000852815
-1782875921558848
-1782878072832369
-1782874550653193
-1782878325369502
-1782881021118287
-1782873996366956
-1782873999261782
-1782874000964626
-1782875921646544
-1782878072849632
-1782874550681589
-1782878325450661
-1782881021413231
-1782873996518347
-1782873999346905
-1782874001072136
-1782875921744021
-1782878072983484
-1782874550804113
-1782878325827840
-1782881021441468
-1782873996526086
-1782873999392110
-1782874001074348
-1782875921797247
-1782878073144282
-1782874550947741
-1782878325835766
-1782881022285327
-1782873996613753
-1782873999476145
-1782874001079826
-1782875921883883
-1782878073173720
-1782874550987657
-1782878325841852
-1782881022396524
-1782873996695451
-1782874002289418
-1782874002202740
-1782875921899329
-1782878073339630
-1782874551074279
-1782878325873662
-1782881022604791
-1782874002883857
-1782874004703814
-1782874004880853
-1782875922010916
-1782878073470757
-1782874551121371
-1782878325978202
-1782881022637157
-1782874002984867
-1782874004720732
-1782874004965545
-1782875922043836
-1782878073571711
-1782874554412886
-1782878335600821
-1782881446662733
-1782874123325894
-1782874124966869
-1782874126067548
-1782875926175024
-1782878073669713
-1782874679576282
-1782878335604700
-1782881446859361
-1782874124388533
-1782874125079365
-1782874126157938
-1782875926263744
-1782878198304504
-1782874679669206
-1782878335606938
-1782881446999807
-1782874124431895
-1782874125167024
-1782874255082465
-1782876173935252
-1782878507455086
-1782874679712664
-1782878335613682
-1782881447793286
-1782874248596191
-1782874252910216
-1782874255136142
-1782876173949172
-1782878507534455
-1782874801721749
-1782878341994298
-1782881463873268
-1782874249540155
-1782874253003683
-1782874255156431
-1782876174041700
-1782878507550549
-1782874801811298
-1782878342208350
-1782881464048627
-1782874249699575
-1782874256791972
-1782874257308352
-1782876174063560
-1782878507649745
-1782874801833097
-1782878342341205
-1782881464099961
-1782874249833787
-1782874256886809
-1782874257403049
-1782876174133025
-1782878507761852
-1782874801910655
-1782878342611879
-1782881464247363
-1782874249876146
-1782874256973897
-1782874257774422
-1782876174256032
-1782878507800068
-1782874926736727
-1782878345403477
-1782881470421156
-1782874249974117
-1782874257132894
-1782874257859511
-1782876174282608
-1782878507889740
-1782874936655446
-1782878345606398
-1782881471312960
-1782874250076238
-1782874257492212
-1782874258110981
-1782876174414777
-1782878507891995
-1782874936662138
-1782878345742323
-1782881471445446
-1782874250649669
-1782874257534611
-1782874258221815
-1782876174420887
-1782878507933389
-1782874936967341
-1782878346019038
-1782881471635786
-1782874353158972
-1782874355396763
-1782874355962377
-1782876359137820
-1782878874066536
-1782874936996838
-1782878346034586
-1782881471647314
-1782874353266038
-1782874355425373
-1782874356340569
-1782876359236193
-1782878874157758
-1782874938022432
-1782878346053879
-1782881475267667
-1782874353290155
-1782874355525755
-1782874356376403
-1782876359377306
-1782878874196973
-1782874938031042
-1782878346209106
-1782881475399788
-1782874353378512
-1782874355575482
-1782874356549862
-1782876359434821
-1782878874271210
-1782875116620856
-1782878352316756
-1782882062405208
-1782874353454991
-1782874427966694
-1782874432360779
-1782876481145644
-1782878995194589
-1782875116706545
-1782878352410124
-1782882062523881
-1782874425328053
-1782874428070062
-1782874432470273
-1782876481248287
-1782878995261958
-1782875116750489
-1782878352480399
-1782882062631436
-1782874425558370
-1782874428101794
-1782874432522370
-1782876481356809
-1782878995339657
-1782875116815928
-1782878352624629
-1782882062777943
-1782874425643814
-1782874428209090
-1782874432589896
-1782876481394953
-1782878995358839
-1782875116866289
-1782878352652143
-1782882062783861
-1782874425737827
-1782874428313489
-1782874432641865
-1782876481482872
-1782878995435686
-1782875116951300
-1782878352796216
-1782882742595813
-1782874425797040
-1782874428420805
-1782874432711504
-1782876481558230
-1782878996400073
-1782875312530756
-1782878362088766
-1782882742644957
-1782874425871356
-1782874428436252
-1782874432795983
-1782876481704387
-1782878996442977
-1782875317937595
-1782878362507931
-1782882745430757
-1782874425946042
-1782874428601947
-1782874432882118
-1782876481846581
-1782878996527188
-1782875318011218
-1782878362645339
-1782882745540871
-1782874426557663
-1782874428804731
-1782874432969594
-1782876481895499
-1782878996611173
-1782875318130613
-1782878362753358
-1782882745605341
-1782874565650993
-1782874567692258
-1782874577470989
-1782876483710557
-1782881057187441
-1782875318138687
-1782878362775248
-1782882745701894
-1782875675381688
-1782875682700160
-1782875682750934
-1782877385790889
-1782881057195155
-1782875318304884
-1782878362857316
-1782882745704062
-1782875675479375
-1782875682703240
-1782875682801924
-1782877385872038
-1782881058350929
-1782875550378053
-1782878561572483
0
-1782875675598585
-1782875682709681
-1782875682807809
-1782877386010090
-1782881058457183
-1782875550550301
-1782878561655202
0
-1782875675647241
-1782875682734871
-1782875682809932
-1782878060434456
-1782881656776430
-1782875550637348
-1782878561743514
0
-1782875919426799
-1782875922896094
-1782875924312635
-1782878060592644
-1782881656845570
-1782875550745122
-1782878561898191
0
-1782875919562080
-1782875923034506
-1782875924320580
-1782878060705415
-1782881656926940
-1782875550763500
-1782878561903542
0
-1782875919681628
-1782875923037973
-1782875924322762
-1782878060743484
-1782881656970249
-1782875849542456
-1782878670488183
0
-1782876066538210
-1782876070538832
-1782876072192238
-1782878384591064
-1782881802553796
-1782875849878690
-1782878670602785
0
-1782876066927522
-1782876070632568
-1782876072300129
-1782878385014773
-1782881802646911
-1782875849981648
-1782878670733315
0
-1782876067110149
-1782876070790784
-1782876072450455
-1782878385188477
-1782881802809848
-1782876221624820
-1782878800625498
-1782883045046614
-1782876486730523
-1782876494758091
-1782876511031390
-1782878809711090
-1782881804069258
-1782876221898020
-1782878934975698
0
-1782876486817390
-1782876494858006
-1782876511183350
-1782878809920006
-1782881804162050
-1782876221914723
-1782878935075969
0
-1782876489507608
-1782876494904219
-1782876511709694
-1782878810023340
-1782882080109579
-1782876222132486
-1782878936409352
0
-1782876489750676
-1782876494981931
-1782876511857723
-1782878810251141
-1782882080250522
-1782876222212626
-1782878936813227
0
-1782876743640604
-1782876744603627
-1782876829711734
-1782878945660218
-1782882080966504
-1782876418543650
-1782879129764801
-1782883300070983
-1782876815963295
-1782876829128349
-1782876830230562
-1782878945799807
0
-1782876418597374
-1782879129811535
-1782883300110727
-1782876816049119
-1782876829134633
-1782876830338638
-1782878946076932
0
-1782876418672523
-1782879130085483
-1782883300207545
-1782876816150686
-1782876829538798
-1782876830743481
-1782878946239574
0
-1782876418754530
-1782879130181783
-1782883300528970
-1782876816271727
-1782876829832131
-1782876830830719
-1782878946480634
0
-1782876419033533
-1782879130274328
-1782883300531227
-1782876816675842
-1782876829946622
-1782876831126645
-1782878946783205
0
-1782876419067765
-1782879130362139
-1782883300533355
-1782876816790296
-1782876830061779
-1782876831284116
-1782878946871641
0
-1782876419174999
-1782879130592101
-1782883300640445
-1782876817008597
-1782876830565290
-1782876831448885
-1782878947012749
0
-1782876419209659
-1782879130722875
-1782883300760210
-1782877321510952
-1782877322989708
-1782877530828078
-1782880868691682
-1782882269541491
-1782876419316603
-1782879130811647
-1782883300778742
-1782877519831369
-1782877531911130
-1782877530959787
-1782880868764217
-1782882269629853
-1782876419400923
-1782879130909112
-1782883300904637
-1782877520084297
-1782877531929337
-1782877531065638
-1782880868862503
-1782882269740736
-1782876919584046
-1782879758096569
-1782883624398434
-1782877520395472
-1782877531931899
-1782877531201546
-1782880868907013
-1782882269749289
-1782876919669356
-1782879758692545
-1782883624521461
-1782877520799094
-1782877532046664
-1782877531370742
-1782880869006686
-1782882269902019
-1782876919718778
-1782879758768281
-1782883624720992
-1782877520932983
-1782877532149025
-1782877531588832
-1782880869086634
-1782882269999825
-1782876919807564
-1782879758857648
-1782883625019531
-1782877521107484
-1782877903978477
-1782877903982020
-1782881431910777
-1782882896342814
-1782876919906571
-1782879758934728
-1782883625117408
-1782877895345102
-1782877911640750
-1782877912160622
-1782881432257109
-1782882896718392
-1782876919994408
-1782879759009828
0
-1782877910323094
-1782877911693804
-1782877912266364
-1782881432364204
-1782882896845145
-1782877309300378
-1782880741781237
0
-1782877910519049
-1782877911811307
-1782877912296597
-1782881432428570
-1782882896954429
-1782877309396791
-1782880741882027
0
-1782877910537671
-1782877911977843
-1782877912415615
-1782881432535036
-1782882897081071
-1782877309506036
-1782880741972773
0
-1782878083111639
-1782878085598233
-1782878085477959
-1782881739626021
0
-1782877309563363
-1782880742058611
0
22358030595
22356201339
22357301237
18703212517
1782900443214681
23133595607
19701161278
1782900443382104
-1782878084829631
-1782878086651728
-1782878087410105
-1782881739818452
0
-1782877310157316
-1782880742930798
0
-1782878084908797
-1782878086731147
-1782878087456742
-1782883931122570
0
-1782877310183885
-1782880743028802
0
-1782879071862115
-1782879191027367
-1782879201132440
-1782883931752404
0
-1782877310187305
-1782880743076203
0
-1782879184115715
-1782879191059812
-1782879214036392
-1782884138854733
0
-1782877310192020
-1782880743143599
0
-1782879210250100
-1782879213088029
-1782879214153126
-1782884138954315
0
-1782877310327382
-1782880991877095
-1782883989812654
-1782879815306274
-1782879836490630
-1782879843796524
-1782884416403126
-1782885400205974
-1782877515337904
-1782880991912488
-1782883989815977
-1782879815372983
-1782879836583815
-1782879843934805
-1782884416412008
-1782885400290008
-1782877654606557
-1782881117198775
-1782883993801519
-1782879815466223
-1782879836982622
-1782879844054041
-1782884416418438
-1782885400292240
-1782877654839640
-1782881117266976
-1782883993857393
-1782879815500010
-1782879837454605
-1782879844075070
-1782884416420477
-1782885400367519
-1782877655340847
-1782881117394937
-1782883993954326
-1782879815650626
-1782879837657188
-1782879844166949
-1782884416450652
-1782885400479685
-1782877655552537
-1782881117413422
-1782883993993918
-1782879815746385
-1782879837860865
-1782879844221122
-1782884416485258
-1782885400481743
-1782877655746689
-1782881117556742
-1782883997605486
-1782879815756848
-1782879838676552
-1782879844384688
-1782884416521414
-1782885400483610
-1782877655897496
-1782881362136306
-1782883997669725
-1782879815759158
-1782879838758139
-1782879844570029
-1782884416601333
-1782885400719335
-1782877756097679
-1782881362242280
0
-1782879815865045
-1782879839206917
-1782879844572235
-1782884416604214
-1782885400721236
-1782877756187242
-1782881362262799
0
-1782879815929466
-1782879842921179
-1782879844574408
-1782884416614948
-1782885401017459
-1782877756273424
-1782881362403027
0
-1782879816074328
-1782879842924306
-1782879844702980
-1782884416632408
-1782885401020099
-1782877756452200
-1782881362409024
0
-1782879817086669
-1782879842932616
-1782879844705285
-1782884416714375
-1782885401029305
-1782877756458385
-1782881362531822
0
-1782879817183112
-1782879842935067
-1782879844829677
-1782884416716615
-1782885401036238
-1782877756460776
-1782881363059824
0
-1782879817289053
-1782879842937277
-1782879844831872
-1782884416718837
-1782885401038263
-1782877756554656
-1782881363169359
0
-1782879817360855
-1782879842939669
-1782879844934307
-1782884416724170
-1782885401040161
-1782877756665733
-1782881363204256
0
-1782879817416883
-1782879842941808
-1782879845072150
-1782884416753492
-1782885401042160
-1782877756776365
-1782881363286444
0
-1782879818527176
-1782879842943989
-1782879845074490
-1782884416781205
-1782885401044115
-1782877756862336
-1782881363321289
0
-1782879818611064
-1782880051349830
-1782880051401020
-1782884482744915
-1782885705739398
-1782877756964004
-1782881363467198
0
-1782880046547701
-1782880051909608
-1782880051407921
-1782884482778023
-1782885705888670
-1782877945243717
-1782881367068214
0
-1782880176955874
-1782880051912048
-1782880055773802
-1782884483684703
-1782885827831807
-1782878074102917
-1782881448643002
-1782884047443135
-1782880196427363
-1782880178219492
-1782880178704038
-1782884486429496
-1782885831736248
-1782878074457155
-1782881448917745
-1782884047592317
-1782880196511149
-1782880200390775
-1782880200255006
-1782884489915663
-1782885831799025
-1782878074473677
-1782881449045073
-1782884047634663
-1782880196560870
-1782880200504601
-1782880200615959
-1782884489928801
-1782885831896474
-1782878074488797
-1782881449177639
-1782884048299947
-1782880196645407
-1782880200871763
-1782880200618117
-1782884489964812
-1782885832025759
-1782878074491177
-1782881449279539
-1782884048308521
-1782880196746800
-1782880201028072
-1782880200722225
-1782884490005438
-1782885832085915
-1782878074493314
-1782881449415135
-1782884048408644
-1782880196836591
-1782880201140381
-1782880200770310
-1782884490038248
-1782885832231841
-1782878074499073
-1782881449417476
-1782884049741484
-1782880197078716
-1782880201142452
-1782880200858571
-1782884490067812
-1782885832327703
-1782878076101588
-1782881512999576
-1782884128791697
-1782880197094898
-1782880201144452
-1782880201030145
-1782884490097713
-1782885832413907
-1782878197016319
-1782881513129849
-1782884128840832
-1782880197101153
-1782880201149336
-1782880201703357
-1782884490099740
-1782885832440815
-1782878197095895
-1782881513313787
-1782884129017922
-1782880197103392
-1782880201274172
-1782880201800999
-1782884490125902
-1782885832534315
-1782878199169475
-1782881513393445
-1782884129020879
-1782880198129246
-1782880201803047
-1782880202329176
-1782884490127837
-1782885832623585
-1782878199263079
-1782881513480220
-1782884130169307
-1782880198230649
-1782880201830803
-1782880202388828
-1782884490394600
-1782885832676686
-1782878199290719
-1782881513694016
-1782884130357103
-1782880198303811
-1782880201890042
-1782880202393593
-1782884490399201
-1782885832875553
-1782878508611101
-1782882242169114
0
-1782880198353256
-1782880202027287
-1782880202509052
-1782884490412369
-1782885832883876
-1782878508702286
-1782882242246511
0
-1782880198446851
-1782880202044014
-1782880202593776
-1782884490414356
-1782885832906875
-1782878508802538
-1782882242331103
0
-1782880198553772
-1782880202049873
-1782880202595972
-1782884490416321
-1782885833015640
-1782878508840597
-1782882242406528
0
-1782880198582523
-1782880202052126
-1782880202597934
-1782884490418199
-1782885833034643
-1782878508943715
-1782882242495325
0
-1782880198690925
-1782880202054224
-1782880202652836
-1782884490420137
-1782885833357293
-1782878509354760
-1782882242511857
0
-1782880198698944
-1782880202203573
-1782880202719379
-1782884490422027
-1782885833372372
-1782878509442892
-1782882242694673
0
-1782880198726832
-1782880202206969
-1782880202807273
-1782884490423993
-1782885833374472
-1782878874669252
-1782882611244500
0
-1782880310798118
-1782880312433744
-1782880312848533
-1782884673188198
0
-1782878874780604
-1782882611570139
0
-1782880310935760
-1782880312611344
-1782880313854796
-1782884673268145
0
-1782878874822599
-1782882611573451
0
-1782880310966779
-1782880312643398
-1782880313886551
-1782884673456160
0
-1782878874919371
-1782882611575654
0
-1782880311700304
-1782880313189944
-1782880313888871
-1782884673458340
0
-1782878874982912
-1782882611577791
0
-1782880311716564
-1782880313246994
-1782880313981007
-1782884673512164
0
-1782878875095431
-1782882611751127
0
-1782880311812500
-1782880313345294
-1782880314018570
-1782884675192787
0
-1782878875347856
-1782882611753374
0
-1782880311841008
-1782880313380120
-1782880314056994
-1782884675197744
0
-1782878875499480
-1782882611755419
0
-1782880498493511
-1782880500048210
-1782880500756926
-1782884857289196
0
24664683216
20985005413
1782903660026955
23161280284
23158568403
23157221764
-1782884857443149
-1782885835008057
-1782878995773110
-1782882680130350
0
-1782880499280056
-1782880501657484
-1782880503099978
-1782884857468035
-1782885835111203
-1782878996315557
-1782882680142724
0
-1782880499297800
-1782880501744063
-1782880503192936
-1782884857592828
-1782885835251492
-1782878996772930
-1782882680145509
0
-1782880499434157
-1782880501858400
-1782880503222262
-1782884857684861
-1782885835253555
-1782878996789096
-1782882680151064
0
-1782880499538491
-1782880501887393
-1782880503481724
-1782884857739345
-1782885835290074
-1782879124813477
-1782882922086279
-1782884558925267
-1782880729923692
-1782880501983968
-1782880503497928
-1782884857836640
-1782885835292132
-1782879125041364
-1782882922188658
-1782884558971742
-1782880729927000
-1782880732929172
-1782880733145801
-1782885107951373
-1782886499703236
-1782879250408814
-1782882922234561
-1782884559099232
-1782880730001202
-1782880732935216
-1782880733277025
-1782885108029474
-1782886499838381
-1782879250570086
-1782883391805996
-1782884689064965
-1782880730018818
-1782880732971888
-1782880733362256
-1782885108071708
-1782886499875200
-1782879250655831
-1782883391966237
-1782884689217031
-1782880730190396
-1782880733018881
-1782880733521236
-1782885108167661
-1782886500003885
-1782879269560721
-1782883513853907
0
-1782880788059532
-1782880793726663
-1782880812202793
-1782885533889026
0
-1782879269580611
-1782883754848920
0
-1782880788159015
-1782880793744470
-1782880812741689
-1782885654637387
0
-1782879269738906
-1782883755018651
0
-1782880788484968
-1782880793751251
-1782880813140915
-1782885654767374
0
-1782879327784052
-1782883755024615
0
-1782880788589304
-1782880793753411
-1782880818079643
-1782885777897909
0
-1782879327859693
-1782883755175813
0
-1782880789109078
-1782880793755434
-1782880818190646
-1782885777994193
0
-1782879327947247
-1782883755177925
0
-1782880789296006
-1782880799734258
-1782880818213940
-1782885777996986
0
-1782879327995369
-1782883755287405
0
-1782880789491205
-1782880800306995
-1782880818519718
-1782885777998998
0
-1782879328089407
-1782883755398601
0
-1782881021542100
-1782880896853777
-1782880897353439
-1782885778000945
0
-1782879328179369
-1782883755457179
0
-1782881022721348
-1782880896926432
-1782881023974763
-1782886258729999
0
-1782881059253619
-1782887455774141
0
-1782881022771589
-1782881024572289
-1782881025292201
-1782886320062974
0
-1782881059274854
-1782887584806076
0
-1782881022874201
-1782881024658457
-1782881025382996
-1782886320193007
0
-1782881242360487
-1782887584924503
0
-1782881022963553
-1782881024738616
-1782881025461878
-1782886320295387
0
-1782881242517784
-1782887585021829
0
-1782881023045017
-1782881024820686
-1782881025675802
-1782886320346842
0
-1782881242820748
-1782887585109816
0
-1782881023179507
-1782881024903270
-1782881025692573
-1782886320462889
0
-1782881553532251
-1782887899857297
-1782886458896188
-1782881023187342
-1782881024984028
-1782881147713926
-1782886625393149
0
-1782881553614761
-1782887899948309
-1782886458976763
-1782881145370668
-1782881146694410
-1782881147767203
-1782886625460190
0
-1782881657441797
-1782887963478154
-1782886573358447
-1782881145427652
-1782881146727945
-1782881147874673
-1782886625603677
0
-1782881657521984
-1782887964166069
-1782886573497384
-1782881445733893
-1782881456886884
-1782881457505473
-1782886917043908
-1782886692913459
-1782881657661079
-1782887964211204
-1782886574368592
-1782881447468990
-1782881457003504
-1782881457703013
-1782886917119682
-1782886693000030
-1782881796829698
-1782888210143852
0
-1782881470146963
-1782881489018281
-1782881487712397
-1782887043244458
0
-1782881798224060
-1782888210244746
0
-1782881470836793
-1782881489550190
-1782881487808453
-1782887043313034
0
-1782881798270417
-1782888210246676
0
-1782881470970302
-1782881489655992
-1782881487907888
-1782887043373013
0
-1782881798342711
-1782888210248706
0
-1782881471114263
-1782881497117419
-1782881487993140
-1782887043559324
0
-1782881798400791
-1782888210250636
0
-1782881472225917
-1782881497191453
-1782881488110728
-1782887043703738
0
-1782881858287335
-1782888458800537
0
-1782881472677786
-1782881497273027
-1782881488329043
-1782887043725642
0
-1782882046558229
-1782888458918698
0
-1782881473361375
-1782881497585652
-1782881488547020
-1782887043728025
0
-1782882046629627
-1782888459005780
-1782886696687634
-1782881473491716
-1782881497590475
-1782881488681195
-1782887043772982
0
-1782882074270351
-1782888465839061
-1782886696786371
-1782881474062079
-1782881497691856
-1782881488763408
-1782887043775044
0
-1782882074316437
-1782888465940487
-1782886696875371
-1782881474320657
-1782881497696490
-1782881488849060
-1782887043888005
0
-1782882074382631
-1782888465942577
-1782886696996589
-1782881474561029
-1782881497708750
-1782881489125282
-1782887043892645
0
-1782882074450229
-1782888465944630
-1782886697087696
-1782882062911565
-1782881497710782
-1782881489310360
-1782887232148811
-1782886736143565
-1782882074520713
-1782888465946527
-1782886697228094
-1782882062951119
-1782882066538497
-1782882067239611
-1782887337206732
-1782886736985281
-1782882074633012
-1782888465948476
-1782886697254135
-1782882063047361
-1782882066631049
-1782882067340958
-1782887337309377
-1782886737096075
-1782882074807231
-1782888465950381
-1782886697337561
-1782882063110583
-1782882066706107
-1782882067458966
-1782887337363642
-1782886737125660
-1782882074839023
-1782888465952336
-1782886697530279
-1782882063179040
-1782882066799668
-1782882067476231
-1782887337405526
-1782886737393806
-1782882074910685
-1782888465954241
-1782886697532389
-1782882422242254
-1782882424745155
-1782882425985089
-1782887806511130
-1782886847476472
-1782882074982318
-1782888465956206
-1782886697537232
-1782882422505783
-1782882424796871
-1782882426073767
-1782887806633353
-1782886854774353
-1782882075053902
-1782888465958102
-1782886697656731
-1782882422522806
-1782882424856447
-1782882426125935
-1782887806754308
-1782886854907922
-1782882075283835
-1782888465960050
0
-1782882742777578
-1782882751968527
-1782882750976176
-1782888112729742
-1782887002530384
-1782882075587235
-1782888465961995
0
-1782882742911272
-1782882752085195
-1782882751060466
-1782888112821310
-1782887002683634
-1782882075842205
-1782888465963965
0
-1782882744085004
-1782882753028475
-1782882752904358
-1782888112940017
-1782887002685894
-1782882076059424
-1782888465965845
0
-1782882744268036
-1782882753412041
-1782882752936792
-1782888113116621
-1782887002688139
0
0
0
-1782882745029920
-1782882753613230
-1782882753172757
-1782888113222882
-1782887002690028
0
0
0
-1782882745145317
-1782882753662055
-1782882753250543
-1782888113385610
-1782887002868061
0
0
0
-1782882745283682
-1782882753785654
-1782882753336860
-1782888113429598
-1782887003249479
0
0
0
-1782882745786344
-1782882753787904
-1782882753339118
-1782888113431720
-1782887003257093
0
0
0
0
0
0
0
0
0
0
0
0
0
0
0
0
0
0
0
0
0
0
0
0
0
0
0
0
0
0
0
0
0
0
0
0
0
0
0
0
0
0
0
0
0
0
0
0
0
0
0
0
0
0
0
0
0
0
0
0
0
0
0
0
0
0
0
0
0
-1782882867708646
-1782888416601910
-1782887003525487
0
0
0
-1782882865191089
-1782882867456292
-1782882867819112
-1782888416680897
-1782887003527647
-1782882078992433
0
0
-1782882866475795
-1782882868737610
-1782882869200059
-1782888416769870
-1782887003529734
-1782882079130311
-1782888466039368
0
-1782882866584844
-1782882868788983
-1782882869237462
-1782888416855915
-1782887003531684
-1782882079317069
-1782888466041336
0
-1782882866632134
-1782882868885108
-1782882869317664
-1782888416942641
-1782887003786451
-1782882079319319
-1782888466127086
0
-1782882923592732
-1782882928184896
-1782882927454522
-1782888538313252
-1782887004132230
-1782882196998156
-1782888710340099
0
-1782882925227273
-1782882928654083
-1782882928814186
-1782888538438039
-1782887004237823
-1782882197065850
-1782888710987201
0
-1782882925244935
-1782882928767507
-1782882928941976
-1782888538530048
-1782887004332098
-1782882197160435
-1782888711079046
0
-1782882925414854
-1782882929581522
-1782882930192955
-1782888538619129
0
-1782882197352228
-1782888711171970
0
0
0
0
0
0
-1782882198375279
-1782888711255338
0
0
0
0
0
0
-1782882198472012
-1782888711340116
0
0
0
0
0
0
-1782882198655622
-1782888711342267
0
0
0
0
0
0
-1782882198757293
-1782888711439599
0
0
0
0
0
0
-1782882198815676
-1782888711542026
0
0
0
0
0
0
-1782882198869276
-1782888711589676
0
0
0
0
0
-1782887297496847
-1782882270372561
-1782888831318953
0
0
-1782883048679028
0
-1782888539643199
0
-1782882897413651
-1782890119830328
-1782886781120926
0
0
0
-1782888539812472
0
-1782882897460305
-1782890119993126
-1782886781336875
0
0
0
0
0
-1782882897543958
-1782890119998968
-1782886781443661
0
0
0
0
0
-1782882897578580
-1782890121381857
-1782886781491194
0
0
0
0
0
-1782882897753732
-1782890121611617
-1782886781620123
0
0
0
0
0
-1782882897757095
-1782890121688237
-1782886781651623
0
0
0
0
0
-1782882897866687
-1782890121764394
-1782886781778904
0
0
0
0
0
0
0
0
-1782883170104150
-1782883172112651
-1782883172533210
0
-1782887726195700
0
0
0
-1782883292854082
-1782883295502761
-1782883295746033
0
-1782887726303170
0
0
0
-1782883293225038
-1782883296079742
-1782883296501458
0
-1782887726359131
0
0
0
-1782883293811183
-1782883296086317
-1782883296591468
0
-1782887726471213
0
0
0
-1782883294095233
-1782883296152739
-1782883296687662
0
-1782887727633744
0
0
0
-1782883299497067
-1782883301675866
-1782883302575893
0
-1782887728047009
0
0
0
-1782883300985789
-1782883302121421
-1782883302810373
0
-1782887728061907
-1782883789257666
-1782890942661890
-1782887812600780
-1782883301056520
-1782883302232456
-1782883302812385
0
-1782887728063848
-1782883789460179
-1782890942725129
-1782887812720849
-1782883414406117
-1782883302234823
-1782883418444655
0
-1782887790252985
-1782883889553306
0
-1782887815588026
-1782883414522029
-1782883417465423
-1782883418558787
0
-1782887790285484
-1782883889842942
0
-1782887815678180
-1782883414773031
-1782883417540582
-1782883418635951
0
-1782887790401112
-1782883889861890
0
-1782887815763435
-1782883414928699
-1782883417701373
-1782883418787373
0
-1782887790576155
-1782883899282845
0
-1782887817923988
-1782883415043824
-1782883417802494
-1782883418947067
0
-1782888208633342
-1782883899290257
0
-1782887818320496
-1782883560933823
-1782883562000118
-1782883562836029
0
0
0
0
0
-1782883625483992
-1782883638130543
-1782883638597704
0
-1782888450032923
0
0
0
-1782883625636014
-1782883638365207
-1782883638849999
0
-1782888450144089
0
0
0
-1782883632299340
-1782883638483412
-1782883638852377
0
-1782888450455242
0
0
0
-1782883632511168
-1782883671974761
-1782883672423662
0
-1782888452158575
0
0
0
-1782883670328397
-1782883672017350
-1782883672479969
0
-1782888452160538
0
0
0
0
0
0
0
0
0
0
0
0
0
0
0
0
0
0
0
0
0
0
0
0
0
0
0
0
0
0
0
0
0
0
0
0
0
0
0
0
0
0
0
0
0
0
0
0
0
0
0
0
0
0
0
0
0
0
0
0
0
0
0
0
-1782884554037144
-1782891313484258
-1782888200130063
0
0
0
0
0
-1782884675039924
-1782891315140496
-1782888501619372
0
0
0
-1782888604109023
0
-1782884939142950
-1782891561930119
-1782888867821299
0
0
0
0
0
-1782884939210923
-1782891562195716
-1782888867964105
0
0
0
0
0
-1782884939439071
-1782891562335020
-1782888868072050
-1782883700325915
-1782883706989215
-1782883708371709
-1782888604218422
-1782888633628875
-1782885398438096
-1782891885295897
-1782889059018767
-1782883701247735
-1782883707138215
-1782883708378381
-1782888604305745
-1782888633679049
-1782885398564403
-1782891885426959
-1782889059132221
-1782883701287717
-1782883707287085
-1782883708494323
-1782888604349570
-1782888633770719
0
0
0
-1782883702014034
-1782883707499343
-1782883708512031
-1782888604466612
-1782888633880872
0
0
0
-1782883702248886
-1782883707612225
-1782883708643205
-1782888604493447
-1782888633964974
0
0
0
-1782883704106684
-1782883707829399
-1782883708757256
-1782888604578413
-1782888633970197
-1782885401367963
-1782891885512320
-1782889059233596
-1782883704141226
-1782883707940015
-1782883708806249
-1782888604680845
-1782888634129114
-1782885401598961
-1782891885595850
-1782889059274428
-1782883704144265
-1782883749103347
-1782883749939836
-1782888604791879
-1782888636736631
0
0
0
-1782883746268557
-1782883749246557
-1782883750196983
-1782888604881339
-1782888636850697
0
0
0
-1782883747480018
-1782883749249024
-1782883750573250
-1782888604883454
-1782888636890648
0
0
0
-1782883747921309
-1782883749254444
-1782883995322887
-1782888728268900
-1782889001043736
0
0
0
-1782883989818004
-1782883994552436
-1782883995403097
-1782888728372905
-1782889001119799
0
0
0
-1782883989985118
-1782883994622704
-1782883995428271
-1782888728461971
-1782889001203612
0
0
0
-1782883989987490
-1782883994701744
-1782883995654554
-1782888728551542
-1782889001286098
0
0
0
-1782883990004893
-1782883994780749
-1782883995690594
-1782888728662239
-1782889001547841
-1782885706329494
-1782892082958708
-1782889434917610
-1782883990958617
-1782883995078258
-1782883995868906
-1782888728664220
-1782889001640882
-1782885706450205
-1782892083070319
-1782889435179848
-1782883991032201
-1782884025599950
-1782884026711029
-1782888728789723
-1782889001748445
0
0
0
-1782883991172858
-1782884025616246
-1782884026891483
-1782888728838555
-1782889481995478
0
0
0
-1782883991750879
-1782884025621114
-1782884026893996
-1782888728983277
-1782889482109576
0
0
0
-1782883991883244
-1782884025623176
-1782884027151927
-1782888728985234
-1782889482143415
0
0
0
-1782883991940304
-1782884025749802
-1782884027313168
-1782888729098123
-1782889482290287
0
0
0
-1782883992145817
-1782884025791836
-1782884027491723
-1782888729100140
-1782889482292359
0
0
0
-1782883996607618
-1782884025820822
-1782884027571998
-1782888729102117
-1782889482294316
0
0
0
-1782883996639234
-1782884026009253
-1782884027574018
-1782888729219397
-1782889482494279
0
0
0
-1782883996641337
-1782884026012067
-1782884027615137
-1782888729381189
-1782889482497190
0
0
0
-1782883997752770
-1782884026092756
-1782884045887211
-1782888729383911
-1782889482627264
-1782885828986750
0
-1782889560201804
-1782883997834736
-1782884026343347
-1782884045893655
-1782888729422905
-1782889482633282
-1782885829087614
0
-1782889560247429
-1782883998006838
-1782884027001102
-1782884046000685
-1782888729424977
-1782889482716034
-1782885829108899
0
-1782889560324633
-1782883998168340
-1782884035934808
-1782884046037289
-1782888729564156
-1782889482718047
-1782885834057185
0
-1782889560401578
0
0
0
-1782888729632544
-1782889482834076
-1782885834060957
0
-1782889560477061
0
0
0
0
-1782889482964139
-1782885834062925
0
-1782889560620689
0
0
0
0
0
-1782885834160002
0
-1782889560767414
0
0
0
0
0
-1782885834193569
0
-1782889560794596
0
0
0
0
0
-1782885834367671
0
-1782889560879063
0
0
0
0
0
-1782885834478617
0
-1782889560909341
0
0
0
0
0
-1782885834522908
0
-1782889560980886
-1782884046227840
-1782884048895058
-1782884050286119
-1782888729772537
0
-1782885834596242
0
-1782889561134802
-1782884046397193
-1782884049765597
-1782884050367105
-1782888729791882
-1782889483919819
-1782885834673693
0
-1782889561153479
-1782884046435473
-1782884049767664
-1782884050481546
-1782888730122450
-1782889484048133
-1782885834762685
0
-1782889561194076
-1782884046893732
-1782884049857058
-1782884050811057
-1782888730124439
-1782889484094018
0
0
0
-1782884046974766
-1782884050098924
-1782884051059802
-1782888730129825
-1782889484300143
0
0
0
-1782884047326892
-1782884050200428
-1782884051177246
-1782888730260701
-1782889484308250
0
0
0
-1782884047409481
-1782884050204338
-1782884051201561
-1782888730369153
-1782889484352335
0
0
0
-1782884048314358
-1782884051297962
-1782884051943317
-1782888730507170
-1782889484354492
0
0
0
-1782884050212424
-1782884051300053
-1782884052058626
-1782888730512427
-1782889484546731
0
0
0
-1782884050214393
-1782884051314509
-1782884052177191
-1782888731035821
-1782889484548629
0
0
0
-1782884050483467
-1782884133183930
-1782884134804609
-1782888732601910
-1782889788311200
-1782885834827183
0
-1782889564731658
-1782884130468304
-1782884133309915
-1782884134913161
-1782888732733123
-1782889788362455
-1782885834886343
0
-1782889564772410
-1782884130470412
-1782884133527910
-1782884135049176
-1782888732912558
-1782889788447761
-1782885834952357
0
-1782889564774703
-1782884130831000
-1782884133529948
-1782884135112394
-1782888733015253
-1782889788537398
-1782885954518860
0
-1782889624802264
-1782884130915698
-1782884133531855
-1782884135299570
-1782888733275227
-1782889788828961
-1782885954678789
0
-1782889624851792
-1782884131036112
-1782884133533678
-1782884135301493
-1782888733291751
-1782889788870668
-1782886377508642
-1782892154709642
-1782889995805551
-1782884132236973
-1782884135859338
-1782884135718469
-1782888733293727
-1782889788926445
-1782886377597040
-1782892154941464
-1782889995900935
-1782884132364877
-1782884135975254
-1782884135758829
-1782888733412229
-1782889916069713
-1782886507351750
-1782892158463261
-1782890125814034
-1782884261176332
-1782884264067857
-1782884266833998
0
-1782889916076822
-1782886507371974
-1782892158586602
-1782890126154744
-1782884261212378
-1782884264070022
-1782884267047329
0
-1782889916214169
-1782886507601749
-1782892158705325
-1782890126327393
-1782884261343568
-1782884264483663
-1782884267247732
0
-1782889916353626
-1782886507604271
-1782892158840314
-1782890126443001
0
0
0
0
0
-1782886507606266
-1782892161858970
-1782890126596644
0
0
0
0
0
-1782886507985720
-1782892162118408
-1782890126841899
0
0
0
0
0
-1782886507994200
-1782892162350572
-1782890126961791
0
0
0
0
0
-1782886508148599
-1782892162544634
-1782890126963835
-1782884262271501
-1782884293718824
-1782884293711668
-1782888796676696
-1782889916359899
-1782886508151504
-1782892162700628
-1782890126969628
-1782884262303853
-1782884293720739
-1782884293714755
-1782888796750267
-1782889916531252
0
0
0
0
0
0
0
0
0
0
0
0
0
0
0
0
0
0
0
0
0
0
0
0
0
0
0
0
0
0
0
0
0
0
0
0
0
0
0
0
0
0
0
0
0
0
0
0
0
0
0
0
0
0
0
0
0
0
0
0
0
0
0
0
0
0
0
0
0
0
0
0
0
0
0
-1782884269668561
-1782884294362270
-1782884293716817
-1782888796850161
-1782889916630598
0
0
0
-1782884269783985
-1782884560731177
-1782884561566721
-1782888985249978
-1782889916635547
0
0
0
-1782884559356327
-1782884560890217
-1782884561645484
-1782888985403319
-1782890100811771
0
0
0
-1782884689404907
-1782884560923181
-1782884694526409
-1782888985524515
-1782890100958911
0
0
0
-1782884689490864
-1782884692003716
-1782884694636574
-1782889050225501
-1782890101078899
0
0
0
-1782884689577234
-1782884692559902
-1782884694729059
-1782889050319476
-1782890284582661
0
0
0
-1782884689662910
-1782884692562247
-1782884694821436
-1782889050407695
-1782890284664460
0
0
0
0
-1782884692564212
-1782884694893258
-1782889050552694
-1782890284772484
0
0
0
0
0
0
0
0
-1782886694728343
-1782892228549927
-1782890311580490
0
0
0
0
0
-1782886694837836
-1782892228681534
-1782890311627082
0
0
0
0
0
-1782886694932293
-1782892228735156
-1782890311861407
0
0
0
0
0
-1782886703547355
-1782892228937039
-1782890377273078
0
0
0
0
0
-1782886703615502
-1782892229076469
-1782890377378103
0
0
0
0
0
-1782886703726401
-1782892229137711
-1782890377380501
-1782884691371983
-1782884693234329
-1782884695161625
-1782889051563913
-1782890284880687
0
-1782892229254264
-1782890377382641
-1782884810376330
-1782884812463412
-1782884813467947
-1782889051702570
-1782890285233041
0
0
0
-1782884810521789
-1782884812505596
-1782884813607137
-1782889051727814
-1782890285610080
0
0
0
-1782884810643209
-1782884812507763
-1782884813715161
-1782889051807668
-1782890285749518
0
0
0
-1782884810802397
-1782884872758507
-1782884813717181
-1782889051932807
-1782890285845073
0
0
0
0
0
0
0
-1782890405059540
0
0
0
0
0
0
0
0
0
0
0
0
0
0
0
0
0
0
0
0
0
0
-1782889052049354
-1782890405775485
0
0
0
-1782884884262697
-1782884885453652
-1782884890272383
-1782889052105188
-1782890406301617
0
0
0
-1782884947142711
0
0
0
0
0
0
0
0
0
0
0
0
0
0
0
0
0
0
0
0
0
0
0
0
0
0
0
0
-1782886727890750
-1782892229585560
-1782890379775803
0
0
0
0
0
-1782886728973477
-1782892229700962
-1782890381132079
0
0
0
0
0
-1782886729073181
-1782892229811388
-1782890381253876
0
0
0
0
0
-1782886729075301
-1782892229926695
-1782890381256015
-1782884951164306
-1782884972275268
-1782884972935910
-1782889052802976
-1782890406351988
-1782886733018221
-1782892230604314
-1782890383727700
-1782884951267544
-1782884972426611
-1782884973145505
-1782889052945863
-1782890406472574
-1782886733100251
-1782892230775216
-1782890383946292
-1782884965043143
-1782884972458453
-1782884976528485
-1782889052961024
-1782890406520457
-1782886733162288
-1782892230982447
-1782890383953591
-1782884965150507
-1782884976095276
-1782884976638791
-1782889053000185
-1782890528110227
-1782886733271628
-1782892231197170
-1782890384140269
-1782884965262052
-1782884976386652
-1782884976749122
-1782889053139636
-1782890528199868
-1782886733273674
-1782892231369985
-1782890384261384
-1782884965651128
-1782884977054949
-1782884976908437
-1782889053165793
-1782890528289088
-1782886733372136
-1782892231520750
-1782890384409256
-1782884966238154
-1782884977274312
-1782884977628938
-1782889053202103
-1782890528542370
-1782886733554862
-1782892231786473
-1782890384568691
-1782884966345807
-1782884977537946
-1782884977800398
-1782889053342792
-1782890528564847
-1782886847916847
-1782892241036955
-1782890504491988
-1782884966459314
-1782884978157509
-1782884977890673
-1782889053375609
-1782890528566787
-1782886854210858
-1782892241185860
-1782890504583332
-1782884966575442
-1782884978457968
-1782884977980838
0
0
-1782886854333856
-1782892241410345
-1782890505850951
0
0
0
0
0
-1782886854336116
-1782892241644803
-1782890505950743
0
0
0
0
0
-1782886858941216
-1782892242228800
-1782890506225277
0
0
0
0
0
-1782886859001010
-1782892242456730
-1782890506240691
0
0
0
0
0
-1782886859059440
-1782892242739471
-1782890506277529
-1782885386309787
-1782885387391240
-1782885388635783
-1782889424231108
0
-1782886999527657
-1782892307562788
-1782890632259831
-1782885750969120
-1782885753702894
-1782885755085464
-1782889673825292
0
-1782886999665224
-1782892307630995
-1782890632332043
-1782885751272385
-1782885753794192
-1782885755170050
-1782889673996196
0
0
0
0
-1782885751382623
-1782885753840018
-1782885755519782
-1782889674076895
0
0
0
0
-1782885751417895
-1782885753931281
-1782885755623556
-1782889674082119
0
0
0
0
-1782885751912358
-1782885754059563
-1782885755688633
-1782889674217200
0
0
0
0
-1782885754166873
-1782885755293443
-1782885756147765
-1782889674332015
0
0
0
0
-1782885754259764
-1782885755396125
-1782885757996693
-1782889674410894
0
0
0
0
-1782885754346154
-1782885756286115
-1782885758137934
-1782889674488827
0
0
0
0
-1782885754440824
-1782885756291097
-1782885758139913
-1782889674567681
0
0
0
0
-1782885754483383
-1782885756324110
-1782885758141768
-1782889674656530
0
0
0
0
-1782885754570294
-1782885756402199
-1782885758143622
-1782889674738944
0
0
0
0
-1782885754650275
-1782885756555915
-1782885758145510
-1782889674817356
0
0
0
0
-1782885758746958
-1782885759802706
-1782885943626117
-1782889796127430
-1782891244285650
0
0
0
0
0
0
0
0
0
0
0
0
0
0
0
0
0
0
0
0
0
0
0
0
0
0
0
0
0
0
0
0
0
0
0
-1782886321045763
-1782886322673086
-1782886323412306
-1782890464425639
0
0
0
0
-1782886321155347
-1782886322758629
-1782886323481673
-1782890464428956
0
0
0
0
-1782886321271176
-1782886322853793
0
0
0
0
0
0
0
0
0
0
0
0
0
0
0
0
0
0
0
0
0
0
0
0
0
0
0
0
0
0
0
0
0
0
0
0
0
0
0
0
0
0
0
0
0
-1782890633394630
0
0
0
0
0
0
0
-1782890635635748
0
0
0
0
0
0
0
0
0
0
0
0
0
0
0
0
0
-1782886461149578
-1782886462807307
-1782890588181285
-1782891835286025
0
0
0
-1782886459044359
-1782886461267346
-1782886462920423
-1782890588322100
-1782891835361089
0
0
0
-1782886459172901
-1782886461319054
-1782886463082271
-1782890588405307
-1782891835455060
0
0
0
-1782886459421316
-1782886461647089
-1782886463174139
-1782890588487713
-1782891835539245
0
0
0
-1782886459438176
-1782886461652184
-1782886463259795
-1782890588567444
-1782891835622368
0
0
0
-1782886459572669
-1782886461757889
-1782886463261835
-1782890588689791
-1782891835704109
0
0
0
-1782886459580452
-1782886461847374
-1782886463449629
-1782890588704108
-1782891835814286
0
0
0
-1782886574379626
-1782886576251536
-1782886577625775
-1782890774577606
-1782891957793183
0
0
0
-1782886574413129
-1782886576342741
-1782886577715512
-1782890774665727
-1782891957891305
0
0
0
-1782886574431612
-1782886576381377
-1782886577802740
-1782890774692089
-1782891957912050
0
0
0
-1782886574457630
-1782886576475377
-1782886577915777
-1782890774805704
-1782891957993161
0
0
0
-1782886574475982
-1782886576656182
-1782886577959714
-1782890774861740
-1782891958154326
0
0
0
-1782886574477968
-1782886576664900
-1782886577996867
-1782890775032878
-1782891958156411
-1782887000627942
-1782892370923422
-1782890635675625
-1782886574504648
-1782886576736402
-1782886578208606
-1782890775165560
-1782891958290152
-1782887299148439
-1782892371021860
-1782890948279843
0
0
0
0
0
-1782887299337382
-1782892371263700
-1782890948359811
0
0
0
0
0
-1782887299841220
-1782892371325273
-1782890948597498
0
0
0
0
0
0
0
-1782890948794583
0
0
0
0
0
0
0
-1782890948865745
0
0
0
0
0
0
0
0
0
0
0
0
0
0
0
0
0
0
0
0
0
0
0
0
0
0
0
0
0
0
0
0
0
0
0
0
0
0
0
0
0
0
0
0
0
0
0
0
0
0
0
0
0
0
0
0
0
0
0
0
0
0
0
0
0
0
0
0
0
0
0
0
0
0
0
0
0
0
0
0
0
0
0
0
0
0
0
0
0
0
0
0
0
0
0
0
0
0
0
0
0
0
0
0
0
0
0
0
0
-1782887421351333
-1782892621767812
-1782891067046467
0
0
0
0
0
-1782887421629134
-1782892622982481
-1782891067129767
0
0
0
0
0
-1782887421645621
-1782892623120338
-1782891067208271
0
0
0
0
0
-1782887730553805
-1782892706078714
-1782891174309668
0
0
0
0
0
-1782887790768371
-1782893001959399
-1782891174378614
0
0
0
0
0
-1782888034447931
-1782893001965818
-1782891174420193
0
0
0
0
0
-1782888034540018
-1782893001967809
-1782891174537306
0
0
0
0
0
-1782888034601821
-1782893001969763
-1782891245415548
-1782886697658726
-1782886699270456
-1782886699795734
-1782890776236327
0
-1782888034745886
-1782893001971671
-1782891245421791
-1782886697709507
-1782886699389412
-1782886699887447
-1782890776322683
0
-1782888034770572
-1782893001977335
-1782891371777207
0
0
0
0
0
-1782888207062189
-1782893051888285
-1782891371780140
0
0
0
0
0
-1782888210238827
-1782893052576751
-1782891371782231
0
0
0
0
0
0
0
-1782891371784109
0
0
0
0
0
0
0
0
0
0
0
0
0
0
0
0
-1782886698010941
-1782886699502501
-1782886699985043
-1782890776371222
-1782891960114622
-1782888449158040
-1782893705556013
-1782891622309024
-1782886698012977
-1782886699504466
0
0
-1782891960181893
-1782888449202576
-1782893705562091
-1782891622372645
0
0
0
0
-1782891960259359
-1782888449287957
-1782893705564290
-1782891622378683
0
0
0
0
-1782891960294790
-1782888449370132
-1782893705570494
-1782891622454784
0
0
0
0
-1782891960409921
-1782888449450698
-1782893705572565
-1782891622637194
0
0
0
0
-1782891960552967
-1782888449533746
-1782893705574447
-1782891622729440
0
0
0
0
0
-1782888449676147
-1782893705576430
-1782891622978214
0
0
0
0
0
-1782888449712657
-1782893705808659
-1782891623105258
0
0
0
0
0
-1782888450194296
-1782893705824246
-1782891623173619
0
0
0
0
0
-1782888450272036
-1782893705945898
-1782891623175848
0
0
0
0
0
-1782888450452955
-1782893705947941
-1782891623177890
0
0
0
0
0
-1782888450788505
-1782893705952682
-1782891623241827
0
0
0
0
0
-1782888450803371
-1782893705954671
-1782891623243825
0
0
0
0
0
-1782888450805309
-1782893706076918
-1782891623321537
0
0
0
0
0
-1782888450914156
-1782893706236387
-1782891623393336
0
0
0
0
0
-1782888450921566
-1782893706272813
-1782891623472437
0
0
0
0
0
-1782888451146779
-1782893706349165
-1782891623574443
0
0
0
0
0
-1782888451167024
-1782893706517958
-1782891623801507
0
0
0
0
0
-1782888451322688
-1782893706520056
-1782891624359237
0
0
0
0
0
-1782888451355194
-1782893706675375
-1782891624658431
0
0
0
0
0
-1782888451394189
-1782893706852444
-1782891624660421
0
0
0
0
0
-1782888451583091
-1782893706877076
-1782891624768933
0
0
0
0
0
-1782888451585260
-1782893706980273
-1782891624879268
0
0
0
0
0
-1782888451692524
-1782893707120457
-1782891625018678
0
0
0
0
0
-1782888452135691
-1782893707257603
-1782891625020648
0
0
0
0
0
-1782888514234577
-1782893708123578
-1782891687032546
0
0
0
0
0
-1782888514420872
-1782893708211542
-1782891687246785
0
0
0
0
0
-1782888514423127
-1782893708260447
-1782891687392141
0
0
0
0
0
-1782888514428297
-1782893708346736
-1782891687483629
0
0
0
0
0
0
0
0
0
0
0
0
0
0
0
0
0
0
0
0
0
0
0
0
0
0
0
0
0
-1782888514538892
-1782893708348874
-1782892054584209
0
0
0
0
0
-1782888634615094
-1782893708634800
-1782892054734198
0
0
0
0
0
0
0
0
0
0
0
0
0
0
0
0
0
0
0
0
0
0
0
0
0
0
0
0
0
0
0
0
0
0
0
0
0
0
0
0
0
0
0
0
0
0
0
0
0
0
0
0
0
0
-1782893897089116
-1782892054848506
0
0
0
0
0
-1782888634617204
-1782893897177499
-1782892054963587
0
0
0
0
0
-1782888634661004
-1782893897220969
-1782892055069380
0
0
0
0
0
-1782888634732507
-1782893897676060
-1782892055074164
0
0
0
0
0
-1782888634781999
-1782893897764818
-1782892055169556
0
0
0
0
0
-1782888634889951
-1782893897809314
-1782892055259229
0
0
0
0
0
-1782888634985281
-1782893897896700
-1782892055352375
0
0
0
0
0
-1782888637345445
-1782893897910935
-1782892055444067
0
0
0
0
0
-1782888637401616
-1782893898035167
-1782892055564009
0
0
0
0
0
-1782888637474939
-1782893898048584
-1782892055663045
0
0
0
0
0
-1782889485333209
-1782894208894458
-1782892055766530
0
0
0
0
0
-1782889485485751
-1782894590605030
-1782892571155120
0
0
0
0
0
-1782889485578533
-1782894590919983
-1782892571235743
0
0
0
0
0
-1782889485584398
-1782894591001702
-1782892571381142
0
0
0
0
0
-1782889485586467
-1782894591080844
-1782892571482097
0
0
0
0
0
-1782889485662577
-1782894591226868
-1782892571560595
0
0
0
0
0
-1782889485664579
-1782894591232365
-1782892571698280
0
0
0
0
0
-1782889485777016
-1782894592385759
-1782892571833489
0
0
0
0
0
-1782889485782229
-1782894592464557
0
0
0
0
0
0
-1782889485859947
-1782894592542423
0
0
0
0
0
0
0
0
0
0
0
0
0
0
0
0
0
0
0
0
0
0
0
0
0
0
0
0
0
0
0
0
0
0
0
0
0
0
0
0
0
0
0
0
0
0
0
0
-1782892571835606
0
0
0
0
0
-1782889486001657
-1782894592619549
-1782892571956112
0
0
0
0
0
-1782889486006734
-1782894592697087
-1782892572057276
0
0
0
0
0
-1782889486067827
-1782894592796712
-1782892572101645
0
0
0
0
0
-1782889486069785
-1782894592874855
-1782892572697266
0
0
0
0
0
0
0
0
0
0
0
0
0
0
0
0
0
0
0
0
0
0
0
0
-1782886781794283
0
0
-1782890776469752
-1782892024474576
0
0
0
-1782886781983334
-1782886783712460
-1782886784577323
-1782890776558397
-1782892024584256
0
0
0
-1782886781985549
-1782886783729055
-1782886787790807
-1782890776646352
-1782892024799939
-1782889486151620
-1782894592950609
-1782892572786933
-1782886785556768
-1782886786800631
-1782886787906928
-1782890776698584
-1782892024842452
-1782889486275178
-1782894593021036
-1782892572876728
-1782886785620105
-1782886786904279
-1782886787908891
-1782890776727942
-1782892024956663
-1782889486359048
-1782894593100421
-1782892572972823
-1782886977756784
-1782886980093312
0
0
-1782892252564956
-1782889486361138
-1782894593323880
-1782892573107080
0
0
0
0
0
-1782889486517340
-1782894593325900
-1782892573135772
0
0
0
0
0
-1782889486829527
-1782894594191554
-1782892573398670
0
0
0
0
0
-1782889486962514
-1782894594197354
-1782892573430712
0
0
0
0
0
-1782889486964544
-1782894594199428
-1782892573460775
0
0
0
0
0
-1782889486992386
-1782894594272874
-1782892573462710
0
0
0
0
0
-1782889487101869
-1782894594432490
-1782892573569132
0
0
0
0
0
-1782889487103740
-1782894594535600
-1782892573666353
0
0
0
0
0
-1782889487391671
-1782894594641890
-1782892573668430
0
0
0
0
0
-1782889487405910
-1782894594730716
-1782892573670332
0
0
0
0
0
-1782889487408043
-1782894594844080
-1782892573672319
0
0
0
0
0
-1782889787192324
-1782895399109069
-1782892826588394
0
0
0
0
0
-1782889789238180
-1782895399640575
-1782892828353463
0
0
0
0
0
-1782889789243183
-1782895399688314
-1782892828359140
0
0
0
0
0
-1782889789305308
-1782895503340655
-1782892945465339
-1782886977889247
-1782886980202034
-1782886981070090
-1782891000153422
0
-1782889916817610
-1782895503450291
-1782892945624469
0
-1782886980204311
-1782886981151055
0
0
-1782889916890622
-1782895503538561
-1782892945733546
0
-1782886980221107
-1782886981194811
0
-1782892697245308
-1782889916970811
-1782895503620497
-1782892946255656
0
0
0
0
-1782892697411185
0
0
0
0
0
0
0
-1782892698301907
0
0
0
0
0
0
0
-1782892698308233
0
0
0
-1782887690394027
-1782887693990321
-1782887693504431
-1782891636499660
-1782892698310577
0
0
0
-1782887690435654
-1782887693994954
-1782887693998784
-1782891636553441
-1782892804720355
0
0
0
-1782887690859598
-1782887693996952
-1782887694000621
-1782891636624278
-1782892804726590
0
0
0
-1782887690977633
-1782887694019830
-1782887694002476
-1782891636717069
-1782892804825612
0
0
0
-1782887690979820
-1782887694021680
-1782887694018032
-1782891636825955
-1782892804972266
0
0
0
-1782887691484099
-1782887696119062
-1782887696138072
-1782891636895713
-1782892805063647
0
0
0
-1782887691570252
-1782887696125818
-1782887696139879
-1782891636998376
-1782892805114981
0
0
0
-1782887691624744
-1782887696134350
-1782887696141707
-1782891637030814
-1782892805224913
0
0
0
-1782887691737798
-1782887696136222
-1782887696143545
-1782891637209014
-1782892805459388
0
0
0
-1782887691968123
-1782887696147151
-1782887696145357
-1782891637236112
-1782892805580907
0
0
0
-1782887691972973
-1782887696149017
-1782887696510061
-1782891637438256
-1782892805688207
0
0
0
-1782887692201647
-1782887696150859
-1782887696606784
-1782891637467012
-1782892805758457
0
0
0
-1782887692356514
-1782887696152737
-1782887696608761
-1782891637590254
-1782892805845723
0
0
0
-1782887692358465
-1782887696154556
-1782887696741247
-1782891637592252
-1782892805934987
0
0
0
-1782887692360421
-1782887696156375
-1782887696743145
-1782891637618454
-1782892806203079
0
0
0
-1782887692443922
-1782887696158200
-1782887696745102
-1782891637783362
-1782892806292256
0
0
0
-1782887692492685
-1782887696160031
-1782887696909539
-1782891637901428
-1782892922800334
0
0
0
-1782887692494613
-1782887696170171
-1782887696911434
-1782891637952826
-1782892923119325
0
0
0
-1782887692622558
-1782887817010802
-1782887817176081
-1782891637983521
-1782893104944360
0
0
0
-1782887692740024
-1782887817136281
-1782887817281708
-1782891699417204
-1782893105057472
0
0
0
-1782887812940443
-1782887817526477
-1782887817420879
-1782891699536831
-1782893105150453
0
0
0
-1782887813182514
-1782887817630902
-1782887817632855
-1782891699542091
-1782893105236943
0
0
0
-1782887813280062
-1782887817849467
-1782887817695346
-1782891699680008
-1782893105327014
0
0
-1782892946261826
-1782887813282194
-1782887817851457
-1782887817730845
-1782891699825316
-1782893105421618
-1782889917117683
-1782895503734784
-1782892946314705
-1782887813287572
-1782887817880553
-1782887818845771
-1782891699830897
-1782893105504705
-1782889917212222
-1782895503740143
-1782892946419819
-1782887813901388
-1782887818292982
-1782887818847839
-1782891699955726
-1782893105552708
-1782889917333213
-1782895503867322
-1782892946451234
-1782887814039303
-1782887818309156
-1782887818858514
-1782891699957805
-1782893105646731
-1782889917393996
-1782895503982140
-1782892946930319
-1782887814045636
-1782887818311142
-1782887818860394
-1782891699962970
-1782893105730642
0
0
0
-1782887814047705
-1782887818313023
-1782887818862191
-1782891700046121
-1782893105812706
0
0
0
-1782887814270012
-1782887818318529
-1782887818863992
-1782891700165464
-1782893105941342
0
0
0
-1782887815892275
-1782887818869520
-1782887819475024
-1782891700539288
-1782893106509637
0
0
0
-1782887815894183
-1782887818912407
-1782887819737326
-1782891700690971
-1782893106887596
0
0
0
-1782887815896135
-1782887818914403
-1782887819772768
-1782891700816480
-1782893106999276
0
0
0
-1782887816090373
-1782887819047319
-1782887819883288
-1782891700822793
-1782893107045787
0
0
0
-1782887816098298
-1782887819049181
-1782887819888665
-1782891700906140
-1782893107300523
0
0
0
-1782887816190808
-1782887819081020
-1782887819890660
-1782891701006445
-1782893107302573
0
0
0
-1782887816192818
-1782887819082924
-1782887819892507
-1782891701012662
-1782893107340051
0
0
0
-1782887816194913
-1782887819084801
-1782887819992742
-1782891701243330
-1782893107399023
0
0
0
-1782887816247092
-1782887819086635
-1782887819994625
-1782891701258024
-1782893107528704
0
0
0
-1782887816408684
-1782887819088509
-1782887819996442
-1782891701260156
-1782893107545756
0
0
0
-1782887816510555
-1782887819090304
-1782887820687460
-1782891701262167
-1782893107554643
-1782889917396022
-1782895504009017
-1782892947037619
0
0
0
0
0
0
0
0
0
0
0
0
0
0
0
0
0
0
0
0
0
0
-1782895504144484
-1782892951865228
-1782887820099845
-1782887821779002
-1782887822354851
-1782891701317069
-1782893107701842
-1782890101540772
-1782895805263542
-1782892951944657
-1782887820101742
-1782887821831560
-1782887822503470
-1782891701399545
-1782893107706945
-1782890101605872
-1782895805341655
-1782892951978303
-1782887820103702
-1782887821833440
-1782887822522272
-1782891701401580
-1782893107807557
-1782890101607947
-1782895805363722
-1782892952095981
-1782887820122450
-1782887821903014
-1782887822609475
-1782891701487682
-1782893107823791
-1782890101682793
-1782895806029350
-1782892952227625
0
0
0
0
0
-1782890101847522
-1782895806129132
-1782892952352372
0
0
0
0
0
-1782890101946616
-1782895806156736
-1782892952455801
0
0
0
0
0
-1782890285971995
-1782895936096074
-1782893606614930
0
0
0
0
0
0
0
-1782893606700814
0
0
0
0
0
0
0
0
0
0
0
0
0
0
0
0
-1782888011901909
-1782888012617499
-1782888013942626
-1782891928272303
-1782893247118997
0
0
0
-1782888012268040
-1782888013475973
-1782888202811096
-1782892096761205
-1782893322711695
-1782890286088166
-1782895936226458
-1782893606812647
-1782888200262114
-1782888201759963
-1782888202868375
-1782892096860451
-1782893322755935
0
0
0
-1782888200372945
-1782888201857123
-1782888203053033
-1782892096968802
-1782893322873456
0
0
0
-1782888200468734
-1782888201947976
-1782888203204063
-1782892097095624
-1782893322977480
0
-1782896059897508
-1782894031305179
-1782888501711420
-1782888503991999
-1782888504763607
-1782892223806151
-1782893392846699
-1782890405624058
0
0
-1782888501793434
-1782888504043619
-1782888504765615
-1782892223922429
-1782893393041620
0
0
0
-1782888501872899
-1782888504121395
-1782888504855090
-1782892224040106
-1782893393048947
0
0
0
-1782888502289082
-1782888504216671
-1782888504888931
-1782892224070567
-1782893393179709
0
0
0
-1782888502305259
-1782888504281916
-1782888505036643
-1782892224195982
-1782893393346451
0
0
0
-1782888502311483
-1782888504380464
-1782888745187996
-1782892236204245
-1782893637324438
0
0
0
-1782888742966682
-1782888744585131
-1782888745390845
-1782892236369815
-1782893637430709
0
-1782896060022883
-1782894031414679
-1782888868074303
-1782888871535717
-1782888872567187
-1782892237821502
-1782893759401074
-1782890407072570
-1782896060114003
-1782894031508316
-1782888868173395
-1782888871585242
-1782888872600308
-1782892238029450
-1782893759479227
-1782890407080004
-1782896060221666
-1782894036104173
-1782888868214885
-1782888871697882
-1782888872910478
-1782892238147699
-1782893759521576
0
0
0
-1782888869981761
-1782888871765203
-1782888873064420
-1782892238632380
-1782893759606098
0
0
0
-1782888870100431
-1782888872602626
-1782888873648978
-1782892238746014
-1782893759851087
0
0
0
-1782888870148872
-1782888872668188
-1782888873650922
-1782892239054693
-1782893759856392
0
0
0
-1782888870219390
-1782888872738755
-1782888873781661
-1782892239133383
-1782893759937586
0
0
0
-1782888870471217
-1782888873072292
-1782888873783639
-1782892239324150
-1782893759942389
0
0
0
-1782888870572950
-1782888873151826
-1782888873882453
-1782892239443258
-1782893760087758
0
0
0
-1782888870600987
-1782888873633124
-1782888873884389
-1782892239591776
-1782893760201820
0
0
0
-1782889059439893
-1782889062218918
-1782889063038594
-1782892358765320
-1782893892281377
-1782890407174590
-1782896061381142
-1782894036190047
0
0
0
0
0
-1782890407631232
-1782896061415283
-1782894036283294
0
0
0
0
0
-1782890407636527
-1782896061465257
-1782894036391121
0
0
0
0
0
-1782890407700473
-1782896061550885
-1782894036514212
0
0
0
0
0
-1782890407776866
-1782896061676329
-1782894036556125
-1782889059474890
-1782889062265686
-1782889063225012
-1782892358859234
-1782893892574930
-1782890407830579
-1782896061689027
-1782894036696443
-1782889059549087
-1782889062362395
-1782889063387678
-1782892358954121
-1782893892643100
-1782890407908113
-1782896061785249
-1782894036817097
-1782889059588138
-1782889062445907
-1782889063734658
-1782892359059658
-1782893892690612
-1782890529381856
-1782896061787282
-1782894037068271
-1782889059707044
-1782889062645417
-1782889063750675
-1782892359130915
-1782893892883301
-1782890529522105
-1782896061866371
-1782894161572580
-1782889059747169
-1782889062671195
-1782889063756456
-1782892359221496
-1782893892902966
-1782890529524270
-1782896061947679
-1782894161661225
0
0
0
0
0
-1782890529526143
-1782896061989970
-1782894161754060
0
0
0
0
0
-1782890529590162
-1782896122384449
-1782894161862838
-1782889059869867
-1782889062760673
-1782889063758492
-1782892359433925
-1782893892974463
-1782890529593644
-1782896122526414
-1782894161977315
-1782889060522466
-1782889062762818
-1782889064092659
-1782892359448710
-1782893893025919
-1782890529595646
-1782896122631526
-1782894162064671
-1782889060658673
-1782889063344307
-1782889064112321
-1782892359450829
-1782893893027982
-1782890529597524
-1782896122684659
-1782894162192861
0
0
0
0
0
-1782890529599509
-1782896122746878
-1782894162306547
0
0
0
0
0
0
0
0
0
0
0
0
0
0
0
0
0
0
0
0
0
0
0
0
0
0
0
0
0
0
0
0
-1782889308500148
-1782889309956304
-1782889310684766
-1782892463928521
-1782894143037942
-1782890652301516
-1782896130346924
-1782894282621733
0
0
0
0
0
-1782890652464479
-1782896130486568
-1782894282704943
0
0
0
0
0
-1782890652566437
-1782896130715313
-1782894283022842
0
0
0
0
0
0
0
0
0
0
0
0
0
0
0
0
0
0
0
0
0
0
0
0
0
0
0
0
0
0
0
0
-1782889561363255
-1782889562936564
-1782889563754799
-1782892587403678
-1782894285189407
0
0
0
-1782889561392360
-1782889563006449
-1782889563969441
-1782892588449336
-1782894285192210
0
0
0
-1782889561438016
-1782889563197874
-1782889564356381
-1782892588455132
-1782894285194171
0
0
0
-1782889561716306
-1782889566316207
0
0
0
0
0
0
0
0
0
0
0
0
0
0
0
0
0
0
0
0
0
0
0
0
0
0
0
0
0
0
0
0
0
0
0
0
0
0
0
0
0
0
0
0
0
0
0
0
0
0
0
0
0
0
0
0
0
0
0
0
0
0
0
0
0
0
0
0
0
0
0
0
0
0
0
0
0
0
0
0
0
0
0
0
0
0
0
0
0
0
-1782894285196191
0
0
0
-1782889561718502
-1782889566428929
-1782889566983889
-1782892588490670
-1782894285198162
0
0
0
-1782889564776645
-1782889566479183
-1782889567085205
-1782892588510502
-1782894285200039
0
0
0
-1782889564885722
-1782889566570021
-1782889567183713
-1782892588537769
-1782894285202009
0
0
0
-1782889564887604
-1782889566585253
-1782889567285857
-1782892588555606
-1782894285203936
0
0
0
-1782889565062005
-1782889566876606
-1782889567287979
-1782892588585070
-1782894285205904
0
0
0
-1782889624995988
-1782889626914322
-1782889627963310
-1782892772827781
-1782894287011873
0
0
0
-1782889625144121
-1782889627015415
-1782889628059385
-1782892773332273
-1782894287075847
0
0
0
-1782889625271083
-1782889627202492
-1782889628061461
-1782892773347798
-1782894287157718
0
0
0
-1782889996012748
-1782890002728940
-1782890006271504
-1782892781525879
-1782894336788951
0
0
0
-1782889996094694
-1782890002864803
-1782890006415764
-1782892781630529
-1782894467855091
0
0
0
-1782889996179179
-1782890002890764
-1782890006417955
-1782892781815793
-1782894467992771
0
0
0
-1782889996317367
-1782890002981445
-1782890006499727
0
0
0
0
0
0
0
0
0
0
-1782891246507829
-1782896992329408
-1782895036249762
0
0
0
0
0
-1782891246587624
-1782896992468405
-1782895036355297
0
0
0
0
0
-1782891246640888
-1782896993355523
-1782895036385927
-1782890125638545
0
0
0
0
-1782891246715602
-1782896993411512
-1782895038474331
-1782890127233862
-1782890003057768
-1782890006589521
-1782892781925100
-1782894468089522
-1782891350622611
-1782896993490139
-1782895104370462
-1782890127247980
-1782890003376705
-1782890136422481
-1782892786574064
-1782894653372247
-1782891350751473
-1782896993566151
-1782895104510844
-1782890127253836
-1782890134633757
-1782890136788122
-1782892786682568
-1782894653443271
-1782891350843801
-1782897119203458
-1782895104607960
0
0
0
0
0
0
0
0
0
0
0
0
0
0
0
0
0
0
0
0
0
0
0
0
0
0
0
0
0
0
0
0
0
0
0
0
0
0
0
0
0
0
0
0
0
-1782891590770858
-1782897436684690
-1782895305084921
0
0
0
0
0
-1782891590846453
-1782897436775364
-1782895305232678
0
0
0
0
0
-1782891590941050
-1782897436888004
-1782895305315966
0
0
0
0
0
-1782891591030731
-1782897436918893
-1782895305398168
0
0
0
0
0
-1782891591273117
-1782897437000249
-1782895305441966
0
0
0
0
0
-1782891591290563
-1782897437581978
-1782895305561060
0
0
0
0
0
0
0
0
0
0
0
0
0
0
0
0
0
0
0
0
0
0
0
0
0
0
0
0
0
0
0
0
0
0
0
0
0
-1782891591382698
-1782897437704108
-1782895305653073
0
0
0
0
0
0
0
0
0
0
0
0
0
0
0
0
0
0
0
0
0
0
0
0
0
0
0
0
0
0
0
0
0
0
0
0
0
0
0
0
0
0
0
0
0
0
0
0
0
0
0
0
0
0
0
0
0
0
0
0
0
-1782891596939891
-1782897437816461
-1782895306350895
0
0
0
0
0
0
0
0
0
0
0
0
0
0
0
0
0
0
0
0
0
0
0
0
0
0
0
0
0
0
0
0
0
0
0
0
0
0
0
0
0
0
0
0
0
0
0
0
-1782890127482508
-1782890134772041
-1782890142540382
-1782892786819882
-1782894653527764
0
0
0
-1782890138499559
-1782890141891930
-1782890142639566
-1782892787006323
-1782894653743552
0
0
0
-1782890138584569
-1782890141897400
-1782890147009088
-1782892787325533
-1782894653754924
0
0
0
-1782890138667369
-1782890145808854
-1782890147121255
-1782892787386911
-1782894653820675
-1782891596984527
-1782897437896501
-1782895306449655
-1782890138772216
-1782890146237945
-1782890147197475
-1782892787567010
-1782894653906959
-1782891597069908
-1782897437973367
-1782895306595896
-1782890139748686
-1782890146243542
-1782890147295058
-1782892787569983
-1782894654063775
-1782891597113429
-1782897438049132
-1782895306807921
-1782890140023093
-1782890146245491
-1782890147475352
-1782892787668997
-1782894654065770
-1782891597210272
-1782897438135591
-1782895488766894
-1782890140108755
-1782890146247304
-1782890147569791
-1782892787783122
-1782894654067764
-1782891714467030
-1782897444957111
-1782895488879071
-1782890140651551
-1782890146350199
-1782890147571892
-1782892787874041
-1782894794720654
-1782891714576154
-1782897445060529
-1782895489000403
-1782890311990835
-1782890146464378
-1782890314050834
-1782892907763701
-1782894794880805
-1782891714674836
-1782897445149180
-1782895489106730
0
-1782890390461974
-1782890393229431
-1782892908516974
-1782894805780144
-1782891714680272
-1782897445196450
-1782895489194611
0
0
0
-1782892908638268
-1782894805926166
-1782891714755504
-1782897445288766
-1782895489288876
0
0
0
0
0
-1782891714846788
-1782897445375249
-1782895489450081
0
0
0
0
0
-1782891714923815
-1782897445463176
-1782895489563084
0
0
0
0
0
-1782891836145553
-1782897569803843
-1782895497071831
0
0
-1782890393231399
-1782892908695363
-1782894806107549
-1782891836283061
-1782897569992935
-1782895497181929
-1782890377537972
-1782890390547985
-1782890393233239
-1782892908781210
-1782894806216295
-1782891836366058
-1782897570037148
-1782895497357507
-1782890377679051
-1782890390638320
-1782890393238843
-1782892908858686
-1782894806360336
-1782891836447903
-1782897570893719
-1782895497469747
-1782890377905137
-1782890390862935
-1782890393311193
-1782892908940639
-1782894806493752
-1782891836592965
-1782897571012246
-1782895497556576
-1782890377998813
-1782890390878549
-1782890393711433
-1782892908985755
-1782894806578738
-1782891836599947
-1782897571042309
-1782895497645893
0
0
0
0
0
-1782891836771354
-1782897575481570
-1782895600737860
0
0
0
-1782892909092377
-1782894806623727
-1782891958648663
-1782897575483563
-1782895600897119
-1782890378546729
-1782890390880602
-1782890393713482
-1782892909162211
-1782894806732044
-1782891958807631
-1782897575485523
-1782895600981173
-1782890378606012
-1782890390961550
-1782890393715367
-1782892912440368
-1782894806836635
-1782891958935560
-1782897575487425
-1782895601067160
-1782890378795817
-1782890391080953
-1782890393717190
-1782892912627636
-1782894806962082
0
0
0
-1782890378989790
-1782890391210707
-1782890393719022
-1782892912683645
-1782894807053360
0
0
0
-1782890379124077
-1782890391297067
-1782890394102096
-1782892912815179
-1782894807188252
0
0
0
-1782890379265352
-1782890391299004
-1782890394103996
-1782892912875850
-1782894807270957
0
0
0
-1782890379307921
-1782890391412180
-1782890394182979
-1782892912906299
-1782894807407408
0
0
0
-1782890379481847
-1782890391542187
-1782890394263317
-1782892913151824
-1782894807463002
0
0
0
-1782890379600545
-1782890391704939
-1782890394515394
-1782892913157047
-1782894808071219
0
0
0
-1782890380008218
-1782890391791275
-1782890394803182
-1782892913201311
-1782894808477901
0
0
0
-1782890380010287
-1782890391874795
-1782890394885223
-1782892913336215
-1782894808479944
-1782891958967184
0
0
-1782890380262373
-1782890392021159
-1782890394995039
-1782892913400131
-1782894808481950
0
0
0
-1782890381257966
-1782890392048268
-1782890395099055
-1782892913483244
-1782894808483857
-1782891961384450
-1782897575519760
-1782895722880642
-1782890381259995
-1782890392195477
-1782890395100958
-1782892913540414
-1782894808485851
-1782891961440742
-1782897575561675
-1782895722992480
-1782890381262131
-1782890392279493
-1782890395181576
-1782892913660332
-1782894808588767
-1782891961513979
-1782897575580191
-1782895723079368
-1782890381264151
-1782890392361819
-1782890395315758
-1782892913662492
-1782894808621645
-1782891961589883
-1782897575615937
-1782895723172266
-1782890381458846
-1782890392468417
-1782890395322092
-1782892913710825
-1782894808743761
0
0
0
-1782890381616165
-1782890392470408
-1782890395393286
-1782892913782907
-1782894808774330
0
0
0
-1782890382361131
-1782890392580116
-1782890395470872
-1782892913855648
-1782894808776319
0
0
0
-1782890382494487
-1782890392688921
-1782890395521876
-1782892913935384
-1782894808876566
0
0
0
-1782890382947187
-1782890393149360
-1782890397410712
-1782892914015471
-1782894809003690
0
0
0
-1782890383178884
-1782890393401691
-1782890397507495
-1782892914087737
-1782894809032041
-1782891961667277
0
0
-1782890383584419
-1782890393643911
-1782890397550373
-1782892914162919
-1782894809207077
0
-1782897575652241
-1782895723294905
-1782890384574548
-1782890393720882
-1782890397626960
-1782892914240696
-1782894809316185
0
0
0
-1782890384800775
-1782890393910410
-1782890397773782
-1782892914488350
-1782894809359419
0
0
0
-1782890384939609
-1782890394019058
-1782890397836287
-1782892914964308
-1782894809432799
0
0
0
-1782890385082931
-1782890394613661
-1782890397940750
-1782892915085012
-1782894809506593
0
0
0
-1782890385443940
-1782890394697897
-1782890397942665
-1782892915420734
-1782894809581001
0
0
0
-1782890385784134
-1782890394997003
-1782890397944520
-1782892915422747
-1782894809686396
0
0
0
-1782890502942530
-1782890509146517
-1782890508732671
-1782892915547436
-1782894812153015
0
0
0
-1782890503112792
-1782890509243469
-1782890508852499
-1782892915663094
-1782894812181819
0
0
0
-1782890503194573
-1782890509423919
-1782890508952064
-1782892915711795
-1782894812280411
0
0
0
-1782890503289213
-1782890509680386
-1782890509040873
-1782892915792418
-1782894812352723
0
0
0
-1782890503474278
-1782890509719123
-1782890509270987
-1782892915927409
-1782894812488696
0
0
0
-1782890503602289
-1782890509747106
-1782890509421903
-1782892916044534
-1782894812609973
0
0
0
-1782890503604459
-1782890509936459
-1782890510664482
-1782892916086623
-1782894812713287
0
0
0
-1782890503684393
-1782890510051918
-1782890510763563
-1782892916178554
-1782894812741907
0
0
0
-1782890503686378
-1782890510055691
-1782890510765458
-1782892916180651
-1782894812815041
0
0
0
-1782890504585347
-1782890510068476
-1782890510767290
-1782892916244884
-1782894812889161
0
0
0
-1782890504591112
-1782890510101627
-1782890510769130
-1782892916317622
-1782894812988817
0
0
0
-1782890504664275
-1782890510155614
-1782890510770958
-1782892916356939
-1782894813052256
-1782891961752780
-1782897575679809
-1782895723438473
-1782890506959621
-1782890510158075
-1782890510803436
-1782892916358944
-1782894813119625
-1782891963009911
-1782897575722378
-1782895723562954
-1782890507038961
-1782890511114907
-1782890512305722
-1782892916558300
-1782894813269127
-1782891963178297
-1782897575756156
-1782895723653468
-1782890507096562
-1782890511199291
-1782890512391270
-1782892916693015
-1782894813415636
0
0
0
-1782890507416225
-1782890511201204
-1782890512437306
-1782892916712189
-1782894813423391
0
0
0
-1782890507553886
-1782890511287386
-1782890512528509
-1782892916714173
-1782894813472556
0
0
0
-1782890507711470
-1782890511289301
-1782890512614994
-1782892916753675
-1782894813574744
0
0
0
-1782890507718848
-1782890511482386
-1782890512709680
-1782892916755656
-1782894813607743
0
0
0
-1782890507783831
-1782890511488941
-1782890512711834
-1782892916866277
-1782894813714684
0
0
0
-1782890508487792
-1782890511601728
-1782890512796235
-1782892916920300
-1782894813745989
0
0
0
-1782890631281245
-1782890634783477
-1782890634653080
-1782892916925339
-1782894855752091
0
0
0
-1782890631292184
-1782890635096863
-1782890635114310
-1782892917075228
-1782894855867251
0
0
0
-1782890631379669
-1782890635219184
-1782890635116467
-1782892917085223
-1782894855892440
-1782891963287251
-1782897575781241
-1782895723760140
-1782890631419012
-1782890635227375
-1782890635122598
-1782892917117325
-1782894856069886
-1782891963316498
-1782897577078092
-1782895723777190
-1782890631537607
-1782890635293667
-1782890635124402
-1782892917152032
-1782894856100603
-1782891963442208
-1782897577187976
0
-1782890631565924
-1782890635455790
-1782890635295605
-1782892917383618
-1782894856131903
0
0
0
-1782890631707376
-1782890635468161
-1782890636898501
-1782892917415781
-1782894856304624
0
0
0
-1782890632476120
-1782890636531194
-1782890636900417
-1782892918218844
-1782894856337103
0
0
0
-1782890632533344
-1782890636895904
-1782890636902221
-1782892918220747
-1782894856449168
-1782892025404961
-1782897590697261
-1782895845452707
-1782890632606088
-1782890636904079
-1782890636976057
-1782892918285626
-1782894856514497
-1782892025505379
-1782897590876404
-1782895845586513
-1782890632639378
-1782890636974096
-1782890636978086
-1782892918365351
-1782894856657983
0
0
0
-1782890632683328
-1782890637066244
-1782890636979898
-1782892918368195
-1782894856788373
0
0
0
-1782890632785406
-1782890637081085
-1782890637699456
-1782892918431878
-1782894856815821
0
0
0
-1782890633485346
-1782890637083035
-1782890637795732
-1782892918452311
-1782894856890140
0
0
0
-1782890633487305
-1782890637199051
-1782890637797590
-1782892918489859
-1782894856964649
0
0
0
-1782890633528398
-1782890637200969
-1782890637799455
-1782892918526197
-1782894857038053
-1782892025607014
-1782897591070055
-1782895845725935
-1782890633643981
-1782890637206222
-1782890637890054
-1782892918815511
-1782894857110124
-1782892025756851
-1782897591297402
-1782895845818809
-1782890633649186
-1782890637283706
-1782890637899564
-1782892918820576
-1782894857182924
-1782892025893513
-1782897591414794
-1782895845902863
-1782890633653863
-1782890637285565
-1782890639542065
-1782892918874396
-1782894857258373
-1782892026766208
-1782897591692460
-1782895846311248
-1782890635677624
-1782890637287414
-1782890639589266
-1782892919004540
-1782894857355707
-1782892026862920
-1782897591810487
-1782895846328363
-1782890635799964
-1782890638720745
-1782890639591391
-1782892919107736
-1782894857388149
-1782892026865106
-1782897591949851
-1782895846330455
-1782890635802024
-1782890638805624
-1782890639593275
-1782892919259468
-1782894857505731
-1782892026867003
-1782897592053087
-1782895848108693
-1782890635911257
-1782890638807562
-1782890639678152
-1782892919554044
-1782894857603288
-1782892026907307
-1782897592305453
-1782895848111816
-1782890635913227
-1782890638813140
-1782890639680079
-1782892919674462
-1782894857672352
-1782892027183203
-1782897592334420
-1782895848114110
-1782890635915094
-1782890638975278
-1782890639684949
-1782892919790568
-1782894857744353
-1782892027199858
-1782897592526728
-1782895848116601
-1782890635917049
-1782890638977181
-1782890639759824
-1782892919919760
-1782894858209384
-1782892027206895
-1782897592634528
-1782895848121038
-1782890949027366
-1782890955627395
-1782890956255716
-1782893183543478
-1782895230229720
-1782892028736672
-1782897592918614
-1782895848123291
-1782890949213668
-1782890955735663
-1782890956361280
-1782893183620396
-1782895230311621
-1782892032175683
-1782897593030187
-1782895848125708
-1782890949535974
-1782890955806762
-1782890956489078
-1782893183725434
-1782895230443762
-1782892032227511
-1782897647641610
-1782895848128077
-1782891066474861
-1782891069816431
-1782891071053086
-1782893288588167
-1782895354693652
-1782892032656556
-1782897648784523
-1782895848130235
-1782891067302219
-1782891069930404
-1782891071207697
-1782893288688490
-1782895354801423
-1782892032690211
-1782897648899326
-1782895848132595
-1782891067391433
-1782891069932716
-1782891071290172
-1782893288736731
-1782895354912052
-1782892032799125
-1782897648918283
-1782895848144051
-1782891067655689
-1782891070021061
-1782891071379038
-1782893288865136
-1782895354936771
-1782892033235421
-1782897649057040
-1782895848236948
-1782891067670595
-1782891070148694
-1782891071468642
-1782893288941151
-1782895355107998
-1782892033325838
-1782897649086101
-1782895848373953
-1782891067721275
-1782891070261758
-1782891071556796
-1782893289121597
-1782895355215853
-1782892252236824
-1782897896516093
-1782895868310626
-1782891067804183
-1782891070267147
-1782891071646088
-1782893289127117
-1782895355260262
-1782892252365050
-1782897896608111
-1782895868402758
-1782891067886269
-1782891070416272
-1782891071777592
-1782893289205806
-1782895355389055
-1782892252768771
-1782897896698964
-1782895868492919
-1782891068410901
-1782891070430317
-1782891071832985
-1782893289331031
-1782895355401171
-1782892252884499
-1782897896790719
-1782895868512810
-1782891068600818
-1782891070518895
-1782891071920098
-1782893289381549
-1782895355532383
-1782892252935316
-1782897896881600
-1782895868717096
-1782891068603731
-1782891070557306
-1782891071962174
-1782893289506203
-1782895355563587
-1782892253016886
-1782897897025224
-1782895868805718
-1782891174679260
-1782891176281773
-1782891176805986
-1782893289605806
-1782895596058207
-1782892253206908
-1782897897073732
-1782895868846696
-1782891174766686
-1782891176412694
-1782891178882050
-1782893289607936
-1782895596132484
-1782892253326289
-1782897897140813
-1782895869075030
-1782891174874214
-1782891179050699
-1782891178968347
-1782893289695647
-1782895596216142
-1782892253477653
-1782897897199708
-1782895869164165
-1782891177893501
-1782891180267878
-1782891181010388
-1782893289916740
-1782895596299027
-1782892253669654
-1782897897283895
-1782895869285931
-1782891177944044
-1782891180374038
-1782891181101485
-1782893289931176
-1782895596414497
-1782892253892676
-1782897897409537
-1782895869388417
-1782891178070747
-1782891180496293
-1782891181138506
-1782893289937118
-1782895596470281
-1782892253957390
-1782898017985252
-1782896050972021
-1782891178199095
-1782891180587277
-1782891181226227
-1782893289939148
-1782895596531406
-1782892435399220
-1782898018069087
-1782896051075453
-1782891178319613
-1782891249012496
-1782891249849467
-1782893290082023
-1782895598633141
-1782892437212258
-1782898018207800
-1782896051125761
-1782891245495266
-1782891249089009
-1782891250064130
-1782893290084825
-1782895598718283
-1782892438794889
-1782898018920720
-1782896051238563
-1782891245574335
-1782891249163135
-1782891250141085
-1782893290128982
-1782895598974397
-1782892438809584
-1782898019013353
-1782896051240613
-1782891245720246
-1782891253347144
-1782891254119802
-1782893290244862
-1782895598990284
-1782892438815344
-1782898019057912
-1782896051281561
-1782891251040429
-1782891253350189
-1782891254122175
-1782893290360696
-1782895599244597
0
0
0
-1782891251191803
-1782891253421125
-1782891254279383
-1782893290407238
-1782895599327649
0
0
0
-1782891251193843
-1782891253551667
-1782891254356387
-1782893290496706
-1782895599410133
0
0
0
-1782891251436260
-1782891253634578
-1782891254358380
-1782893290587996
-1782895599460006
-1782892439235705
-1782898019150033
-1782896051415833
-1782891371786272
-1782891376354929
-1782891378128574
-1782893577013287
-1782895705345769
-1782892700656963
-1782898577622202
-1782896364021706
-1782891623806842
-1782891376445324
-1782891378143168
-1782893577097718
-1782895705592614
-1782892700792589
-1782898577656747
-1782896364113364
-1782891623808965
-1782891376528809
-1782891378145133
-1782893577210290
-1782895705689979
-1782892700950094
-1782898577708066
-1782896364199464
-1782891625163752
-1782891376755019
-1782891629769602
-1782893925028797
-1782895871915121
-1782892700952183
-1782898577760083
-1782896364285956
-1782891625165771
-1782891628803933
-1782891629772189
-1782893925107143
-1782895871921539
-1782892802808568
-1782898577888063
-1782896364370430
-1782891625167689
-1782891628848369
-1782891629779114
-1782893925253697
-1782895872018907
-1782892803110480
-1782898583577137
-1782896429922380
-1782891625272056
-1782891629008791
-1782891629781027
-1782893925341406
-1782895872128752
-1782892803352152
-1782898583723393
-1782896430026857
-1782892055781047
-1782891687993404
-1782891692813628
-1782894029894549
0
-1782892803478480
-1782898583725496
-1782896430064141
-1782892055908756
-1782891689064272
-1782892074158592
-1782894029971202
-1782896169976662
-1782892803768260
-1782898583727446
-1782896430157759
-1782892055957440
-1782892072137589
-1782892074212725
-1782894334547475
-1782896170329335
-1782892803861230
-1782898583834675
-1782896430239340
-1782892056030969
-1782892072215685
-1782892074294621
-1782894334683854
-1782896170447777
-1782892804004607
-1782898583985866
-1782896430322951
-1782892238396451
-1782892257984594
-1782892259389938
-1782894565982602
-1782896355275681
-1782892804118971
-1782898584265628
-1782896430443011
-1782892238511820
-1782892258061714
-1782892259469232
-1782894566151931
-1782896355359460
-1782893106420814
-1782898584420462
-1782896430533851
-1782892238862074
-1782892258202563
-1782892259707063
-1782894566253887
-1782896355401701
-1782893106605034
-1782898963561592
-1782896823389689
-1782892238992477
-1782892361681967
-1782892361996192
-1782894566332761
-1782896355485309
-1782893106689122
-1782898963726521
-1782896823500954
-1782892359556494
-1782892361789719
-1782892362109522
-1782894566437639
-1782896361110949
-1782893106734083
-1782898963738510
-1782896823652602
-1782892359586259
-1782892361870976
-1782892362382022
-1782894566557959
-1782896361144452
-1782893108270598
-1782898963777419
-1782896824260149
-1782892366143141
-1782892368058225
-1782892374452113
-1782894566668976
-1782896361146678
-1782893108354836
-1782898964315392
-1782896824376391
-1782892366505136
-1782892373258926
-1782892374556738
-1782894566671261
-1782896361278115
-1782893108589359
-1782898964334951
-1782896824463716
-1782892366761653
-1782892373431910
-1782892374772416
-1782894566699918
-1782896361308329
-1782893108593335
-1782898964420482
-1782896824668080
-1782892377108785
-1782892381725630
-1782892382412273
-1782894567295387
0
-1782893108606793
-1782898964458585
-1782896824720726
-1782892377220935
-1782892381887745
-1782892382501870
-1782894567310357
0
-1782893108608830
-1782898964484693
-1782896824820476
-1782892377525369
-1782892381982872
-1782892382598401
-1782894567312439
0
-1782893108614216
-1782898964513000
-1782896825116798
-1782892572220654
-1782892575135208
-1782892575040767
-1782894567382075
0
-1782893108616240
-1782898964542557
-1782896825237174
-1782892573844865
-1782892575364113
-1782892575792803
-1782894815747793
-1782896485712665
-1782893108741672
-1782898964571558
-1782896825348164
-1782892573878700
-1782892575455010
-1782892575916039
-1782894815794693
-1782896485813800
-1782893108781970
-1782898964573701
-1782896825374145
-1782892574041758
-1782892575569260
-1782892576005890
-1782894815915649
-1782896485893917
-1782893242362567
-1782899155115007
-1782897202057292
-1782892826717783
-1782892830135910
-1782892831134664
-1782895115487576
-1782896496642264
-1782893242444615
-1782899155233704
-1782897202180190
-1782892826934116
-1782892830229365
-1782892831170011
-1782895115489937
-1782896562658454
-1782893242535484
-1782899155326318
-1782897202279156
-1782892827051063
-1782892830318429
-1782892831339633
-1782895115572215
-1782896562822763
-1782893242561112
-1782899155341476
-1782897202318479
-1782892828391305
-1782892830418575
-1782892831746191
-1782895115617816
-1782896563034288
-1782893243014501
-1782899155443459
-1782897202409549
-1782892828408767
-1782892830657375
-1782892831854256
-1782895115700458
-1782896563133318
-1782893243152951
-1782899155495302
-1782897202495172
-1782892828435257
-1782892830671728
-1782892831859814
-1782895115781760
-1782896563221416
-1782893243245536
-1782899155587218
-1782897202620630
-1782892828462003
-1782892830766207
-1782892831861788
-1782895115864879
-1782896563264512
-1782893243299565
-1782899155676758
-1782897202774822
-1782892828812238
-1782892831024436
-1782892832197642
-1782895115915294
-1782896563351311
-1782893243390985
-1782899155765060
-1782897202815700
-1782892947084775
-1782892948067281
-1782892948640981
-1782895115962163
-1782896563435694
-1782893243621832
-1782899155812359
-1782897202817785
-1782892947176443
-1782892948169932
-1782892948669916
-1782895116039405
-1782896674068075
-1782893243631952
-1782899155903319
-1782897202931383
-1782892947250484
-1782892948204057
-1782892948743331
-1782895280834350
-1782896674180604
-1782893243636995
-1782899155954818
-1782897203036439
-1782892947441889
-1782892948277644
-1782892948815246
-1782895280960952
-1782896674268244
-1782893243717791
-1782899156044772
-1782897203129186
-1782892950616609
-1782892951725443
-1782892953370628
-1782895281050147
-1782896734708871
-1782893247059024
-1782899156128734
-1782897203200608
-1782892950674265
-1782892951832154
-1782892955748901
-1782895281140266
-1782896734711993
-1782893248200091
-1782899156214489
-1782897204555165
-1782892950749533
-1782892954756354
-1782892955816192
-1782895281228591
-1782896734797298
-1782893248206332
-1782899156240270
-1782897204638121
-1782892950824483
-1782892954801108
-1782892955818239
-1782895281318724
-1782896734819177
-1782893248232123
-1782899157275873
-1782897204717733
-1782892950897571
-1782892954803047
-1782892955838149
-1782895281409809
-1782896734940233
-1782893248420807
-1782899157293309
-1782897204818027
0
0
0
0
0
-1782893248436216
-1782899157295360
-1782897204964049
0
0
0
0
0
-1782893248438297
-1782899157297381
-1782897205095101
0
0
0
0
0
-1782893316692183
-1782899158447010
-1782897205906082
0
0
0
0
0
-1782893316726994
-1782899158451595
-1782897206011274
0
0
0
0
0
-1782893316843329
-1782899158453483
-1782897206038046
0
0
0
0
0
-1782893316928688
-1782899158455438
-1782897206656544
0
0
0
-1782895281457823
-1782896734984579
-1782893321149064
-1782899158457335
-1782897206659552
-1782892951031097
-1782892954854383
-1782892956127144
-1782895281619611
-1782896735099659
-1782893321205207
-1782899158488001
-1782897206665674
-1782892951139274
-1782892955054002
-1782892956239284
-1782895281739683
-1782896735143346
-1782893321276797
-1782899158489916
-1782897260733390
-1782892952128046
-1782892955069019
-1782892956267382
-1782895281765685
-1782896735263728
-1782893321363225
-1782899158565998
-1782897260834540
-1782892952505222
-1782892955070919
-1782892956337354
-1782895281820185
-1782896735330516
-1782893321440982
-1782899158567914
-1782897260934913
-1782892952538133
-1782892955242143
-1782892956373391
-1782896093902305
-1782897421681324
-1782893391958635
-1782899167287426
-1782897276713474
-1782893355581009
-1782893357185761
-1782893617575602
-1782896093958304
-1782897421770969
-1782893391983637
-1782899167427124
-1782897276788678
-1782893604478686
-1782893357201388
-1782893617655569
-1782896095562968
-1782897421876517
-1782893392073075
-1782899167448877
-1782897276811962
-1782893604481925
-1782893611803939
-1782893617808803
-1782896095660453
-1782897548939396
-1782893392158917
-1782899167580940
-1782897277288486
-1782893604483957
-1782893612036313
-1782893617925728
-1782896095746221
-1782897549040626
-1782893392454634
-1782899167712384
-1782897277291276
-1782893604485927
-1782893612206743
-1782893618161440
-1782896095788359
-1782897549128800
-1782893638569708
-1782899354306851
-1782897633796034
-1782893606949823
-1782893612646849
-1782893618318512
-1782896095872625
-1782897549164328
-1782893638652765
-1782899354943612
-1782897633880231
-1782893607179203
-1782893612772063
-1782893618426246
-1782896095983958
-1782897549255257
-1782893638828567
-1782899354976178
-1782897633961382
-1782893607310200
-1782893612888509
-1782893618555036
-1782896096017196
-1782897549340514
-1782893638962571
-1782899355061835
-1782897634074465
-1782893608022616
-1782893613023136
-1782893618733329
-1782896096101685
-1782897549444785
-1782893639049125
-1782899355103073
-1782897634102922
-1782893608027885
-1782893613119733
-1782893618842002
-1782896096155052
-1782897549483432
-1782893639095046
-1782899355187176
-1782897634197920
-1782893608058355
-1782893613213524
-1782893619295509
-1782896096232792
-1782897549572772
-1782893639207183
-1782899355269071
-1782897634279820
-1782893608073866
-1782893613360566
-1782893619434713
-1782896096359663
-1782897549620409
-1782893639348842
-1782899355351324
-1782897634369961
-1782893608463649
-1782893613470325
-1782893619644763
-1782896096432527
-1782897691472765
-1782893639568363
-1782899355393378
-1782897634453744
-1782894031594554
-1782894037639536
-1782894038657950
-1782896807914574
-1782897691496741
-1782893639582937
-1782899355477961
-1782897634543246
-1782894031639819
-1782894037727296
-1782894038700477
-1782896808015828
-1782897691631502
-1782893639725508
-1782899489439177
-1782897697895355
-1782894035054856
-1782894037774009
-1782894038789953
-1782896808142667
-1782897691657566
-1782893760541892
-1782899489445547
-1782897698101546
-1782894035145098
-1782894037830554
-1782894038998664
-1782896808383092
-1782897691806619
-1782893760627857
-1782899489447694
-1782897698115885
-1782894035326484
-1782894037916924
-1782894039111491
-1782896808397476
-1782897691919886
-1782893760684573
-1782899489449714
-1782897698117882
-1782894035339814
-1782894038123900
-1782894039199742
-1782896808399646
-1782897692034064
-1782893760758474
-1782899489451651
-1782897698157340
-1782894035345596
-1782894038138044
-1782894039821575
-1782896808468652
-1782897882794576
-1782893760885747
-1782899489453631
-1782897698322583
-1782894162544825
-1782894038909454
-1782894039950404
-1782896913767949
-1782897882875253
-1782893760907639
-1782899489455609
-1782897698327649
-1782894162785047
-1782894166863135
-1782894167478416
-1782896913862996
-1782897882969762
-1782893761039436
-1782899489457556
-1782897698497919
-1782894162877269
-1782894166981319
-1782894167602692
-1782896913918737
-1782897883101168
-1782893761153669
-1782899489459518
-1782897698535178
-1782894163286248
-1782894167806466
-1782894168042490
-1782896913989191
-1782897883192972
-1782893761263233
-1782899489461476
-1782897698747846
-1782894163373765
-1782894167920119
-1782894168130259
-1782896914061806
-1782897885598141
-1782893761348771
-1782899489466934
-1782897698864775
-1782894163709908
-1782894168457329
-1782894168258961
-1782896914136879
-1782897885638990
-1782893761434214
-1782899489469048
-1782897698904492
-1782894283035768
-1782894288123286
-1782894288034384
-1782896915072004
-1782897890061356
-1782893761543804
-1782899489470927
-1782897698978661
-1782894283037775
-1782894288149353
-1782894288078492
-1782896915231473
-1782897890157251
-1782893761673059
-1782899489472901
-1782897699051168
-1782894283104200
-1782894288162635
-1782894288097099
-1782896915342196
-1782897890274664
-1782893885919802
0
-1782897780505992
-1782894283349921
-1782894288249105
-1782894288194162
-1782896915379149
-1782897890288703
-1782893886107374
0
-1782897780616191
-1782894283466756
-1782894288262951
-1782894288210349
-1782896915412549
-1782897890391699
-1782893886138546
0
-1782897780656267
-1782894283468758
-1782894288264846
-1782894288247121
-1782896915513173
-1782897890799284
-1782893886257503
0
-1782897780768939
-1782894283719545
-1782894289050243
-1782894288297539
-1782896915722496
-1782897891045111
-1782893886280497
0
-1782897780813950
0
0
0
0
0
-1782893886394145
0
-1782897780925491
0
0
0
0
0
-1782893886438555
0
-1782897781023672
0
0
0
0
0
-1782893886559092
0
-1782897781119399
0
0
0
0
0
-1782893886561151
0
-1782897781150867
0
0
0
0
0
-1782893886830219
0
-1782897781221469
0
0
0
0
0
-1782893886844960
0
-1782897781336532
0
0
0
0
0
-1782893886847051
0
-1782897781380588
0
0
0
0
0
-1782893889965675
0
-1782897781507426
0
0
-1782894289365471
-1782896915724926
-1782897891159349
-1782893890050014
0
-1782897781760759
-1782894283962239
-1782894289103431
-1782894289537135
-1782896915729868
-1782897891185473
-1782893890199029
0
-1782897781878119
-1782894283966837
-1782894289105326
-1782894289540014
-1782897016371977
-1782897891284021
-1782893890316764
0
-1782897782001805
0
0
0
0
0
-1782893890914359
0
-1782897782186155
0
0
-1782894289657166
-1782897016568635
-1782897891376792
-1782893890929184
0
-1782897782293637
-1782894283972145
-1782894289737894
-1782894290672297
-1782897016777666
-1782897891466179
-1782893890961157
0
-1782897782336789
-1782894285809269
-1782894289815025
-1782894290716612
-1782897016899883
-1782897891506968
-1782893890976561
0
-1782897782449256
-1782894285947894
-1782894289830214
-1782894290836719
-1782897017118280
-1782897891567016
-1782893891006231
0
-1782897782494243
-1782894286031978
-1782894289920185
-1782894290928171
-1782897017643271
-1782897891626467
-1782894143361851
0
-1782897915720056
-1782894286091835
-1782894409033488
-1782894409160634
-1782897138081272
-1782898191529224
-1782894143681990
0
-1782897915828112
-1782894407001255
-1782894409051443
-1782894409266231
-1782897138259813
-1782898191969802
-1782894143798327
0
-1782897915956362
-1782894407091281
-1782894409053469
-1782894409294310
-1782897138400685
-1782898192249751
-1782894143860327
0
-1782897965142250
-1782894407215410
-1782894409055338
-1782894411726413
-1782897138489103
-1782898192281381
-1782894143966714
0
-1782897965268194
-1782894407308234
-1782894412562600
0
0
0
-1782894144609238
0
-1782897965381052
0
0
0
0
0
-1782894144654086
0
-1782897965470046
0
0
0
0
0
-1782894144656194
0
-1782897965557848
-1782894411070449
-1782894412667553
-1782894599943777
-1782897207479403
-1782898571993643
-1782894144739931
0
-1782897965605427
-1782894597442978
-1782894599055008
-1782894600019658
-1782897207587062
-1782898572080904
-1782894144827123
0
-1782897965696745
-1782894597532938
-1782894599139382
-1782894600096765
-1782897207589155
-1782898572126690
-1782894144978921
0
-1782897965794257
-1782894597649250
-1782894599214345
0
0
0
-1782894145097659
0
-1782897965878819
0
0
0
0
0
-1782894145114939
0
-1782898146744533
0
0
0
0
0
-1782894149435873
-1782899577229339
-1782898273867461
-1782894597733451
-1782894599285598
-1782894600172100
-1782897207594331
-1782898572288518
-1782894278557657
-1782899577368458
-1782898393860461
-1782894597847511
-1782894599364559
0
0
0
-1782894278625295
-1782899577424102
-1782898394416644
0
0
0
0
0
-1782894278705353
-1782899577502283
-1782898394526266
0
0
0
0
0
-1782894278788111
-1782899577579196
-1782898394549953
0
0
0
0
0
-1782894278827161
-1782899577581304
-1782898394674188
0
0
0
0
0
-1782894278944036
-1782899577656271
-1782898394737774
0
0
0
0
0
-1782894279002533
-1782899577689435
-1782898394899551
-1782895031741332
-1782895032810200
-1782895059346068
-1782897502301495
-1782899378156514
-1782894279079516
-1782899577797247
-1782898395010437
-1782895031749414
-1782895032861526
-1782895059434397
-1782897502308740
-1782899378368388
-1782894279185652
-1782899577799251
-1782898395052587
-1782895036452623
-1782895039783529
-1782895059544982
-1782897503161228
-1782899378375907
-1782894279221750
-1782899577801133
-1782898395573455
-1782895036538338
-1782895039873811
-1782895059696229
-1782897503212308
-1782899378759390
-1782894279429249
-1782899577865337
-1782898395916657
-1782895036655119
-1782895040086554
-1782895059785123
-1782897503314517
-1782899378859833
-1782894279543638
-1782899577975620
-1782898395939917
-1782895036717979
-1782895040231366
-1782895060270889
-1782897503362746
-1782899378888611
-1782894279614875
-1782899578076067
-1782898396024905
-1782895036980034
-1782895040255416
-1782895061781380
-1782897503492688
-1782899378939763
-1782894279700003
-1782899578123981
-1782898406142340
-1782895037002151
-1782895040342766
-1782895061829261
-1782897503756363
-1782899379011653
-1782894280391059
-1782899578191327
-1782898406393105
-1782895037238557
-1782895040427462
-1782895061913438
-1782897503766960
-1782899379019555
-1782894280542357
16725193634
17896804157
21266454406
21263276366
21241866246
18799985860
16863494985
22023440752
16725761284
17891273828
21267020152
21263722583
21242375156
18800494014
16984009029
22143748200
16846709268
-1782898413199488
-1782895037371900
-1782895040672464
-1782895062131439
-1782897503991832
-1782899440619843
-1782894281485051
-1782899578518648
-1782898413619387
-1782895038480547
-1782895041083621
-1782895062217926
-1782897504081349
-1782899440738705
-1782894281727330
-1782899578689197
-1782898413971733
-1782895038504389
-1782895041122300
-1782895062304103
-1782897504107899
-1782899440769400
-1782894281797470
-1782899578725442
-1782898414384887
-1782895104693674
-1782895107035233
-1782895116824341
-1782897504199222
-1782899440878487
-1782894281913234
16853381748
18018642528
21328875815
21326694957
21316962584
18929694843
16993115740
22095557250
16854449584
18018836506
21329151352
21327469373
21317825118
18930348007
16993312959
22096364492
16855267825
18013863956
21329874161
21328266103
21318540783
18931047284
16994059367
22096574099
16856194776
18014600216
21130712045
21128871589
-1782895307572347
-1782897505767461
-1782899987794697
-1782894339305161
-1782899580060194
-1782898421732937
-1782895306858653
-1782895308575890
-1782895309532669
-1782897505854919
-1782899987828532
-1782894470321556
-1782899702695193
0
-1782895306967558
-1782895308860165
-1782895309637919
-1782897505988435
-1782899987911712
-1782894470405952
-1782899702943476
0
0
0
0
0
0
-1782894470487623
-1782899703034396
0
0
0
0
0
0
-1782894471008381
-1782899703124246
0
0
0
0
0
0
-1782894471077533
-1782899703215711
0
0
0
0
0
0
-1782894471138091
-1782899703338771
0
0
0
0
0
0
-1782894471189537
-1782899703428829
0
0
0
0
0
0
-1782894471285091
-1782899703517154
0
0
0
0
0
0
-1782894471390677
-1782899703610901
0
0
0
0
0
0
-1782894471438664
-1782899703699337
0
0
0
0
0
0
-1782894471467221
-1782899703747629
0
0
0
0
0
0
-1782894471543881
-1782899703838401
0
0
0
-1782895310024358
-1782897506078036
-1782900107494794
-1782894471634732
-1782899703927503
0
-1782895307093354
-1782895308865890
-1782895504749070
-1782898137166533
-1782900248397410
-1782894471636774
-1782899704971613
0
-1782895488419741
-1782895492492926
-1782895505249803
-1782898137299820
-1782900248514233
-1782894471638749
-1782899705270924
0
-1782895488527504
-1782895492690970
-1782895507112319
-1782898137408184
-1782900248598231
-1782894471932555
-1782899705275563
0
-1782895489649797
-1782895492741969
-1782895507379270
-1782898137438510
-1782900248678727
-1782894472024043
-1782899705289668
0
-1782895497774405
-1782895512262222
-1782895513100350
-1782898137525896
-1782900248704652
-1782894472026162
-1782899705384322
0
0
0
0
0
0
-1782894472028186
-1782899705412361
0
0
0
-1782895513199500
-1782898137580803
-1782900248788636
-1782894654619676
-1782900013475563
-1782898708999869
-1782895498413386
-1782895512377172
-1782895513312759
-1782898137733149
-1782900248834310
-1782894654715152
-1782900013699273
-1782898709103741
-1782895498597971
-1782895512476802
-1782895513605979
-1782898137735439
-1782900249023800
-1782894654809151
-1782900014008765
-1782898709142624
-1782895498827976
-1782895512647078
-1782895513698494
-1782898137801314
-1782900249109723
-1782894654811224
-1782900014090983
-1782898709229570
-1782895499238995
-1782895513403533
-1782895604410678
-1782898480869036
-1782900550409654
-1782894655642220
-1782900014168732
-1782898709369504
-1782895601152807
-1782895603758286
-1782895604763803
-1782898480998773
-1782900550495709
-1782894655665218
-1782900014249930
-1782898709497435
-1782895601250224
-1782895603881290
-1782895604765768
-1782898481095960
-1782900550544344
-1782894655670340
-1782900014327191
-1782898709662904
-1782895601345205
-1782895603886368
-1782895604767602
-1782898481188733
-1782900550636064
-1782894655675807
-1782900014373055
-1782898709749847
-1782895601435839
-1782895603982692
-1782895604797631
-1782898482024607
-1782900550727002
-1782894660099948
-1782900014452285
-1782898709835287
-1782895601497495
-1782895604035414
-1782895726878167
-1782898482118022
-1782900552913108
-1782894788321449
-1782900021503611
0
-1782895723871988
-1782895726095776
-1782895726957054
-1782898482200360
-1782900552985147
-1782894788446491
-1782900021519408
0
-1782895723874093
-1782895726181844
-1782895727132353
-1782898482283470
-1782900553102143
-1782894801450844
-1782900439923665
0
-1782895723995722
-1782895726268609
-1782895727227104
-1782898482369753
-1782900553229562
-1782894801587905
-1782900440636539
0
-1782895724043384
-1782895726353876
-1782895727232100
-1782898482471753
-1782900553330879
-1782894801735371
-1782900440669878
0
-1782895724058948
-1782895726448025
-1782895727376293
-1782898482530435
-1782900553417564
-1782894801855122
-1782900440786902
0
-1782895724180424
-1782895726547274
-1782895727387507
-1782898482594649
-1782900553503884
-1782894801954094
-1782900440817678
0
-1782895848118886
-1782895849593921
-1782895850905363
-1782899132744469
-1782900675445936
-1782894802469792
-1782900440876657
0
-1782895848513196
-1782895850792594
-1782895851562288
-1782899132815663
-1782900675520579
-1782894802562932
-1782900440881147
0
-1782895848628304
-1782895850814750
-1782895851734565
-1782899132854796
-1782900675604007
-1782894802852212
-1782900441259529
0
-1782895848663004
-1782895851052578
-1782895851826852
-1782899132935336
-1782900675666283
-1782894802950808
-1782900441275124
0
-1782895848725013
-1782895851143293
-1782895851925165
-1782899133070578
-1782900675718638
-1782894803086510
-1782900441277011
0
-1782895848876225
-1782895852432406
-1782895853262145
-1782899133221114
-1782900675814035
-1782894803205750
-1782900441288449
0
-1782895849814324
-1782895852518846
-1782895853415090
-1782899133314380
-1782900675919455
-1782894803332713
-1782900441290674
0
-1782895849902688
-1782895852627006
-1782895853513158
-1782899133445188
-1782900676021531
-1782894803461553
-1782900441292571
0
-1782895849990974
-1782895852774163
-1782895853666380
-1782899133557898
-1782900676377615
-1782894803615266
-1782900441297439
0
-1782895850045965
-1782895852868318
-1782895871132640
-1782899133642711
-1782900676632181
-1782894804000148
-1782900441405818
0
-1782895866692021
-1782895870153242
-1782895871228775
-1782899133668298
-1782900676677603
-1782894804090195
-1782900441510349
0
-1782895866819979
-1782895870286262
-1782895871282622
-1782899133725434
-1782900676772540
-1782894858193377
0
0
-1782895869474879
-1782895872598714
-1782895872639303
-1782899133812955
-1782900677356640
-1782894858388600
0
0
-1782895870378000
-1782895872898710
-1782895872818184
-1782899133842739
-1782900677391360
-1782894858532060
0
0
-1782896040863247
-1782896042586826
-1782896046548242
-1782899241042666
-1782900869842142
-1782894858547048
0
0
-1782896040952999
-1782896042673525
-1782896046636776
-1782899241152362
-1782900869856905
-1782894858560454
0
0
-1782896041001829
-1782896044531193
-1782896046686432
-1782899241180273
-1782900871205937
-1782894858688083
0
0
-1782896042065216
-1782896044601738
-1782896046744736
-1782899241210834
-1782900871291293
-1782894858876054
0
0
-1782896051550124
-1782896053514803
-1782896063719388
-1782899241895488
-1782900872228661
-1782894858878068
0
0
-1782896051661790
-1782896053613061
-1782896063860125
-1782899241947816
-1782900872314777
-1782894859002813
0
0
-1782896051893307
-1782896053614988
-1782896063963452
-1782899242068137
-1782900992487034
-1782894859010200
0
0
-1782896051909280
-1782896053699256
-1782896063986824
-1782899242093791
-1782900992517643
-1782894979953072
0
-1782899025835343
-1782896051911316
-1782896053858505
-1782896064079499
-1782899242235413
-1782900992519841
-1782894980028370
0
-1782899025973999
-1782896051913212
-1782896053895876
-1782896064240153
-1782899242267692
-1782900992585956
-1782894980116940
0
-1782899026021381
-1782896051919106
-1782896053898021
-1782896064330774
-1782899242369013
-1782900992626499
-1782894992438047
-1782900444689187
0
-1782896051998450
-1782896053953495
-1782896064421893
-1782899242509281
-1782900992628375
-1782894992557427
-1782900444771667
0
-1782896052048135
-1782896054298722
-1782896064506875
-1782899242542673
-1782900992691273
-1782894992657269
-1782900444773619
0
-1782896052579422
-1782896054314517
-1782896064532584
-1782899242660303
-1782900993076358
-1782895230845478
0
-1782899031733437
-1782896052824797
-1782896054402016
-1782896064590737
-1782899242694465
-1782901361570188
-1782895230938550
0
-1782899031826335
-1782896228262850
-1782896230890295
-1782896238339896
-1782899500483266
-1782901361577860
-1782895230965397
0
-1782899031828555
-1782896228347275
-1782896230982859
-1782896238434138
-1782899500665535
-1782901361654476
-1782895231059860
0
-1782899031908240
-1782896228363095
-1782896231088545
-1782896238493854
-1782899500808449
-1782901361803569
-1782895351606716
0
-1782899031998596
-1782896228462563
-1782896231238785
-1782896238567736
-1782899500924573
-1782901480773221
-1782895351623518
0
-1782899032100189
-1782896228631961
-1782896231240806
-1782896238624459
-1782899501106886
-1782901480794428
-1782895351625761
0
-1782899097463719
-1782896229356622
-1782896231289838
-1782896238760865
-1782899501245043
-1782901480856243
-1782895351732245
0
-1782899097508888
-1782896229451907
-1782896354802074
-1782896357287547
-1782899619951015
-1782901541491234
-1782895351788561
0
-1782899097618555
-1782896353820243
-1782896356025561
-1782896357416904
-1782899620124456
-1782901541576809
-1782895351861122
0
-1782899214307143
-1782896353920195
-1782896356158150
-1782896357435531
-1782899620357358
-1782901541664330
-1782895355994029
0
-1782899214427049
-1782896353947764
-1782896356244174
-1782896357664987
-1782899620493362
-1782901541741626
-1782895356076535
0
-1782899214525101
-1782896354050024
-1782896356293600
-1782896357776999
-1782899620594651
-1782901541817299
-1782895356148318
0
-1782899214566290
-1782896354127559
-1782896356527802
-1782896357874270
-1782899620796648
-1782901541886937
-1782895356184145
0
-1782899214640603
-1782896354267709
-1782896356529871
-1782896357957110
-1782899620918266
-1782901541948245
-1782895356186230
0
-1782899214713604
-1782896358432615
-1782896360937433
-1782896361684922
-1782899621062991
-1782901543742989
-1782895356314578
0
-1782899214784230
-1782896358469587
-1782896361022186
-1782896361799603
-1782899621157105
-1782901543820495
-1782895356341112
0
-1782899214854549
-1782896358588022
-1782896364986990
-1782896365458496
-1782899621324873
-1782901543900238
-1782895356462943
0
-1782899214995835
-1782896364452225
-1782896365814808
-1782896366358508
-1782899621436261
-1782901543977667
-1782895356501305
0
-1782899215111655
-1782896364500333
-1782896365967770
-1782896366433473
-1782899621621211
-1782901544055656
-1782895356799746
0
-1782899215277593
-1782896364602909
-1782896366074395
-1782896428234973
-1782899622292236
-1782901544126578
-1782895356804799
0
-1782899215376665
-1782896425517111
-1782896427269928
-1782896428325258
-1782899622386435
-1782901544736023
-1782895356845647
0
-1782899215412108
-1782896430616894
-1782896428925356
-1782896433132084
-1782899622619676
-1782901544881485
-1782895356847616
0
-1782899215488341
-1782896430687756
-1782896432284658
-1782896433171202
-1782899622702383
-1782901544883448
-1782895596951727
0
-1782899893520614
-1782896430754260
-1782896432322340
-1782896433369532
-1782899622810352
-1782901544998290
-1782895597035305
0
-1782899893609218
-1782896430884620
-1782896432350758
-1782896433466654
-1782899622940787
-1782901545073471
-1782895597037385
0
-1782899893727070
-1782896747371997
-1782896760770569
-1782896761614882
-1782899926097680
-1782901779169211
-1782895597082419
0
-1782899893814337
-1782896749773304
-1782896760873290
-1782896762222979
-1782899926174208
-1782901780306545
-1782895597163811
0
-1782899893909321
-1782896749881538
-1782896760977567
-1782896762259237
-1782899926216997
-1782901780407592
-1782895597216256
0
-1782899893952368
-1782896750333518
-1782896761088258
-1782896762316224
-1782899926300775
-1782901780721642
-1782895597343843
0
-1782899894057087
-1782896750645441
-1782896761200186
-1782896762411518
-1782899926389006
-1782901780816655
-1782895597468373
0
-1782899894099212
-1782896750987163
-1782896761344197
-1782896762623648
-1782899926472518
-1782901781013381
-1782895598545005
0
-1782899894210169
-1782896823279116
-1782896826874038
-1782896826759539
-1782899926845975
-1782901900964848
-1782895599017270
0
-1782899894656158
-1782896825550014
-1782896828172406
-1782896828965425
-1782899926946322
-1782901901049610
-1782895599140748
0
-1782899894936710
-1782896825709398
-1782896828309162
-1782896829095662
-1782899927067032
-1782901901055537
-1782895599145846
0
-1782899895031135
-1782896825824726
-1782896828427914
-1782896829205082
-1782899927199151
-1782901901185719
-1782895599147757
0
-1782899895182449
-1782896825940172
-1782896828539688
-1782896829354181
-1782900294268247
-1782901901374454
-1782895602532781
0
-1782899895187623
-1782897203283874
-1782897208212200
-1782897210196845
-1782900416882946
-1782902279809632
-1782895602547394
0
-1782899895286872
-1782897203348817
-1782897208296267
-1782897210308081
-1782900417000766
-1782902279854292
-1782895602584097
0
-1782899895288993
-1782897203431136
-1782897208301074
-1782897210310026
-1782900417084727
-1782902279927657
-1782895602668675
0
-1782899895372073
-1782897203533933
-1782897208303092
-1782897210394691
-1782900417167727
-1782902279995409
-1782895602849831
0
-1782899895463048
-1782897203623544
-1782897208372005
-1782897210396625
-1782900417248548
-1782902280126473
-1782895602877686
0
-1782899896728834
-1782897203668453
-1782897208459326
-1782897210787241
-1782900417294404
-1782902280181438
-1782895602987030
0
-1782899896901863
-1782897205208857
-1782897211167796
-1782897212151825
-1782900417406992
-1782902280283461
-1782895603016298
0
-1782899897003155
-1782897205310501
-1782897211274346
-1782897212194175
-1782900417437776
-1782902280344729
-1782895603122707
0
-1782899897050986
-1782897205345167
-1782897211353836
-1782897212510049
-1782900417531062
-1782902280424306
-1782895603211595
0
-1782899897140786
-1782897205622046
-1782897211497581
-1782897212623197
-1782900417618777
-1782902280980047
-1782895603271551
0
-1782899897192152
-1782897206040103
-1782897211593918
-1782897212933150
-1782900417697288
-1782902281177682
-1782895603379774
0
-1782899897356249
-1782897206091400
-1782897211723672
-1782897213066188
-1782900417829062
-1782902281300067
-1782895603395943
0
-1782900259605611
-1782897206254343
-1782897211901808
-1782897213229105
-1782900417908800
-1782902281381690
-1782895706115009
-1782900700889974
-1782900259616484
-1782897206499655
-1782897212308009
-1782897213309029
-1782900417987456
-1782902281383780
-1782895706253723
-1782900701514884
-1782900259790656
-1782897206514303
-1782897212428247
-1782897213447610
-1782900418065601
-1782902281474207
-1782895706255800
-1782900701611961
-1782900259816775
-1782897206516310
-1782897212724554
-1782897213549417
-1782900418108886
-1782902281607736
-1782895706267935
-1782900701661967
-1782900259830897
-1782897206725910
-1782897212831348
-1782897213736981
-1782900418191939
-1782902281610628
-1782895706269920
-1782900701779193
-1782900259865827
-1782897261057952
-1782897263484839
-1782897264619095
-1782900418268371
-1782902281677493
-1782895706368369
-1782900701781283
-1782900260150254
-1782897261093611
-1782897263569874
-1782897264698532
-1782900418345883
-1782902281762182
-1782895707320501
-1782900701867323
-1782900260155322
-1782897261198146
-1782897263651108
-1782897264881133
-1782900418425911
-1782902281847740
-1782895707400381
-1782900702060367
-1782900260214797
-1782897261337537
-1782897263732997
-1782897264922575
-1782900418504396
-1782902281879637
-1782895707497490
0
-1782900260267004
-1782897261352627
-1782897263841765
-1782897265004775
-1782900418595030
-1782902281958125
-1782895707593573
0
-1782900260352694
-1782897261516926
-1782897263887354
-1782897265081920
-1782900418636876
-1782902282010568
-1782895707668456
0
-1782900260457207
-1782897262098531
-1782897264453506
-1782897265585340
-1782900418701236
-1782902282108236
-1782895707824653
0
-1782900260485346
-1782897262194478
-1782897264531412
-1782897265668127
-1782900418760561
-1782902282144715
-1782895708066193
0
-1782900260557149
-1782897262275407
-1782897264805299
-1782897265670196
-1782900419052964
-1782902282270036
-1782895708079561
0
-1782900260631875
-1782897265161335
-1782897266371067
-1782897268491915
-1782900419143751
-1782902282664274
-1782895708122160
0
-1782900260766722
-1782897275167704
-1782897279424297
-1782897279430307
-1782900419233784
-1782902282705157
0
0
-1782900612935069
-1782897275170884
-1782897279505947
-1782897279432376
-1782900419275341
-1782902282786473
-1782895870993011
0
-1782900613195009
-1782897275408344
-1782897279595800
-1782897279434344
-1782900419361434
-1782902282865824
-1782895871344755
0
-1782900613281125
-1782897275462923
-1782897279907711
-1782897279597771
-1782900419442653
-1782902282951417
-1782895871436518
0
-1782900613432669
-1782897275530516
-1782897279914171
-1782897279599675
-1782900419545297
-1782902283027437
-1782895871580542
0
-1782900613726622
-1782897275933347
-1782897279916153
-1782897279746959
-1782900419602248
-1782902283118944
0
0
0
-1782897275936100
-1782897280304137
-1782897280533915
-1782900419696078
-1782902283364007
0
0
0
-1782897277293319
-1782897280426899
-1782897280567091
-1782900419785377
-1782902283417697
0
0
0
-1782897277300276
-1782897280689982
-1782897280659336
-1782900419837576
-1782902283496077
0
0
0
-1782897277302350
-1782897280812090
-1782897280907812
-1782900419900839
-1782902283753723
0
0
0
-1782897277949366
-1782897280903708
-1782897281316661
-1782900419930634
-1782902287410869
0
0
0
-1782897278117200
-1782897280910018
-1782897281443931
-1782900420015719
-1782902287576168
-1782896169723260
-1782902158036956
0
-1782897278219295
-1782897280924207
-1782897281446001
-1782900420017750
-1782902287657803
-1782896169821148
-1782902158656794
0
-1782897278320513
-1782897280938945
-1782897281487367
-1782900420019719
-1782902287787045
-1782896170108377
-1782902158724874
0
-1782897278327074
-1782897281051917
-1782897281606971
-1782900420110969
-1782902287870162
-1782896170244725
-1782902158752434
0
-1782897278436301
-1782897281058744
-1782897281608877
-1782900481965156
-1782902287925945
-1782896357155753
0
-1782900987898784
-1782897278441437
-1782897281447821
-1782897281634774
-1782900482050814
-1782902288015885
-1782896357747647
0
-1782900987996112
-1782897278685555
-1782897281483464
-1782897281853881
-1782900482122112
-1782902288088774
-1782896358050949
0
-1782900988083695
-1782897278689516
-1782897281485349
-1782897281860535
-1782900482192630
-1782902288168438
-1782896358138648
0
-1782900988189733
-1782897278702967
-1782897281636740
-1782897635642431
-1782900548562440
-1782902552570068
-1782896358189305
0
-1782900988191720
-1782897633213483
-1782897635246967
-1782897635702818
-1782900548620645
-1782902552657875
-1782896358305546
0
-1782900988301190
-1782897634627115
-1782897636290938
-1782897637140452
-1782900548710316
-1782902552712177
-1782896358342210
0
-1782900988340934
-1782897634707837
-1782897636376246
-1782897637187456
-1782900548902777
-1782902552792805
-1782896359926852
0
-1782900988436257
-1782897634789193
-1782897636460555
-1782897637273609
-1782900548963463
-1782902552834364
-1782896359966564
0
-1782900988438194
-1782897634845657
-1782897636542283
-1782897637474673
-1782900549087386
-1782902552907120
-1782896360060267
0
-1782900988579171
-1782897638216474
-1782897636623870
-1782897637581143
-1782900549185881
-1782902552955863
-1782896360116810
0
-1782900990166693
-1782897638261876
-1782897639973847
-1782897640726584
-1782900549211188
-1782902553036747
-1782896360306881
0
-1782900990443388
-1782897638333234
-1782897640058320
-1782897640812946
-1782900549304478
-1782902553640292
-1782896360313854
0
-1782900990814675
-1782897699123644
-1782897640096195
-1782897701932355
-1782900713095669
-1782902553721247
-1782896360395665
0
-1782900991014208
-1782897699197497
-1782897701523109
-1782897701987771
-1782900713097880
-1782902553767512
-1782896360468196
0
-1782900991016335
-1782897699325033
-1782897701853033
-1782897702026372
-1782900713171915
-1782902553848981
-1782896360546406
0
-1782900991018310
-1782897700823519
-1782897702333486
-1782897702615589
-1782900713227336
-1782902553876653
-1782896360623848
0
-1782900991024177
-1782897778924320
-1782897788841576
-1782897791013865
-1782900714078602
-1782902674307295
-1782896360685704
0
-1782900994421367
-1782897779091836
-1782897789031814
-1782897791202984
-1782900714594688
-1782902674339269
0
0
-1782900994623734
-1782897779313761
-1782897789133899
-1782897791481995
-1782900714686276
-1782902674411788
0
0
0
-1782897779822442
-1782897789478982
-1782897791763451
-1782900714772032
-1782902674516648
0
0
0
-1782897779931646
-1782897789493489
-1782897791977752
-1782900714773991
-1782902674609219
-1782896423047040
0
-1782900994637480
-1782897780089526
-1782897789652933
-1782897792105378
-1782900714867979
-1782902674633738
-1782896423058371
0
-1782900994639407
-1782897780270527
-1782897789786318
-1782897792207826
-1782900714957942
-1782902674699000
-1782896423142320
0
-1782900994668322
-1782897781610840
-1782897790013191
-1782897792536506
-1782900715045492
-1782902674781246
-1782896423223264
0
-1782900994695788
-1782897782641630
-1782897790171781
-1782897792599777
-1782900715249852
-1782902674844119
-1782896423385920
0
-1782900994697820
-1782897782735959
-1782897790354906
-1782897792911877
-1782900715252080
-1782902674928961
-1782896423418029
0
-1782900994699685
-1782897790478944
-1782897798214057
-1782897801281990
-1782900715267838
-1782902674985694
-1782896423467980
0
-1782900995254053
-1782897791356011
-1782897798471259
-1782897801346588
-1782900715340033
-1782902675099312
-1782896423519395
0
-1782900995256065
-1782897791615836
-1782897798621201
-1782897801562064
-1782900715419454
-1782902675199925
-1782896423651686
0
-1782900995257972
-1782897792310819
-1782897911032751
-1782897911831564
-1782900979565387
-1782902862351802
-1782896423773544
0
-1782900995259873
-1782897903645405
-1782897911228706
-1782897911929850
-1782900979634543
-1782902862363688
-1782896423809182
0
-1782900995265292
-1782897903747216
-1782897911350896
-1782897919688129
-1782900979780734
-1782902964751553
-1782896424044097
0
-1782900995267133
-1782897913914972
-1782897918622237
-1782897919789919
-1782900979862119
-1782902964865758
-1782896424060152
0
-1782900995269017
-1782897914326487
-1782897918729886
-1782897919893762
-1782900979952612
-1782902964990550
-1782896424466459
0
-1782900995354495
-1782897914514839
-1782897918833311
-1782897920029522
-1782900980034440
-1782902965117224
-1782896424649553
0
-1782900995356486
-1782897914638475
-1782897918956494
-1782897920162953
-1782900980036668
-1782902965238752
-1782896424732244
0
-1782900995358357
-1782897914827031
-1782897919087618
-1782897920256316
-1782900980134228
-1782902965375134
-1782896424775434
0
-1782900995363142
-1782897915427825
-1782897919231939
-1782897920400428
-1782900980296610
-1782902965644883
-1782896424859948
0
-1782900995379220
-1782898146895852
-1782897967023229
-1782898154274374
-1782901188274878
-1782903198536029
-1782896424962000
0
-1782900995409749
-1782898146898062
-1782898153537339
-1782898154354237
-1782901188341045
-1782903198574974
-1782896425025610
0
-1782900995432533
-1782898146967948
-1782898153646012
-1782898154365298
-1782901188425187
-1782903198658986
-1782896487817335
0
-1782901004090741
-1782898148122160
-1782898153833864
-1782898154535438
-1782901188528152
-1782903198775098
-1782896487930691
0
-1782901004380775
-1782898273108261
-1782898274549520
-1782898275326078
-1782901190747756
-1782903204407340
-1782896488619578
0
-1782901004473333
-1782898273122017
-1782898274664760
-1782898275530395
-1782901190895850
-1782903204493059
-1782896488762002
0
-1782901004475330
-1782898273279775
-1782898274853419
-1782898275708241
-1782901191040296
-1782903204587260
-1782896488805886
0
-1782901004480253
-1782898273948800
-1782898275289581
-1782898275756826
-1782901191057494
-1782903204617895
-1782896489568436
0
-1782901004556757
-1782898273951074
-1782898275351200
-1782898275841727
-1782901191140523
-1782903228345296
-1782896489661040
0
-1782901004558737
-1782898396107542
-1782898409790612
-1782898404910692
-1782901258629746
-1782903228451706
-1782896489722349
0
-1782901004604454
-1782898396140117
-1782898411562354
-1782898405085704
-1782901258924173
-1782903228541987
-1782896489769094
0
-1782901004697419
-1782898396310139
-1782898411900388
-1782898405514193
-1782901258926183
-1782903228629289
-1782896489839377
0
-1782901004855572
-1782898396431513
-1782898412074879
-1782898405725685
-1782901258931770
-1782903228665909
-1782896489917112
0
-1782901004944479
-1782898396477866
-1782898412176860
-1782898405880529
-1782901258933903
-1782903228757227
-1782896490004224
0
-1782901005114078
-1782898396557969
-1782898414734326
-1782898406280915
-1782901259005971
-1782903228843584
-1782896490139645
0
-1782901005197426
-1782898396622028
-1782898416922080
-1782898406548652
-1782901259101230
-1782903228930802
-1782896491997183
0
-1782901005199425
-1782898396624100
-1782898417039837
-1782898407022301
-1782901259173968
-1782903229016142
-1782896492093683
0
-1782901005285199
-1782898396699214
-1782898439764110
-1782898439179170
-1782901320247238
-1782903229053305
-1782896492139672
0
-1782901005287160
-1782898407259767
-1782898440173279
-1782898439373153
-1782901320376060
-1782903229147098
-1782896492342707
0
-1782901005305068
-1782898409119522
-1782898440626610
-1782898439599768
-1782901320382698
-1782903229234180
-1782896496977691
0
-1782901005422278
-1782898409315650
-1782898441276345
-1782898439878676
-1782901320427863
-1782903229370737
-1782896497075068
0
-1782901005425175
-1782898412592243
-1782898441812518
-1782898440110242
-1782901320482006
0
-1782896497122147
0
-1782901005463244
-1782898421804769
-1782898443056639
-1782898440137681
-1782901320557456
-1782903229395937
-1782896497223158
0
-1782901006815682
-1782898424645822
-1782898443269559
-1782898440292068
-1782901320631040
-1782903229454050
-1782896497490046
0
-1782901006817720
-1782898425757835
-1782898443499462
-1782898440415947
-1782901320703960
-1782903229511594
-1782896497546333
0
-1782901007238474
-1782898425871010
-1782898443650531
-1782898440522180
-1782901320778794
-1782903229570490
-1782896563930376
0
-1782901122214796
-1782898426072827
-1782898443942053
-1782898440740144
-1782901320847399
-1782903229723624
-1782896564016855
0
-1782901122329418
-1782898426216466
-1782898444075846
-1782898440849300
-1782901320921968
-1782903229813310
-1782896564099305
0
-1782901122467537
-1782898426532267
-1782898444329963
-1782898441154767
-1782901320998749
-1782903229899507
-1782896564230134
0
-1782901122599964
-1782898426664498
-1782898444448054
-1782898441376103
-1782901321067012
-1782903229934867
-1782896564253674
0
-1782901122681799
-1782898427101079
-1782898444768587
-1782898441536538
-1782901321141903
-1782903230020764
-1782896564444718
0
-1782901122772174
-1782898427206738
-1782898444926081
-1782898441637595
-1782901321217262
-1782903230089806
-1782896564465667
0
-1782901122854719
-1782898703548259
-1782898704744284
-1782898705504482
-1782901529091541
-1782903409445694
-1782896564471327
0
-1782901122935262
-1782898703628830
-1782898704826037
-1782898705588642
-1782901529165412
-1782903409452454
-1782896564610793
0
-1782901123015874
-1782898703682121
-1782898704878790
-1782898705590688
0
0
-1782896675050247
-1782902220079737
-1782901243902136
0
0
0
0
0
-1782896675137988
-1782902221924297
-1782901243939666
0
0
0
0
0
-1782896675225742
-1782902222035948
-1782901244059746
0
0
0
0
0
-1782896675322369
-1782902222110147
-1782901244155454
0
0
0
0
0
-1782896675407210
-1782902222144946
-1782901244277679
0
0
0
0
0
-1782896675503884
-1782902224171460
-1782901244387237
0
0
0
0
0
-1782896675541125
-1782902224299039
-1782901244466554
0
0
0
0
0
-1782896735840082
0
-1782901244496118
0
0
0
0
0
-1782896736056240
0
-1782901244579496
0
0
0
0
0
-1782896736300554
0
-1782901245580260
0
0
0
0
0
-1782896736315944
0
-1782901245771909
0
0
0
0
0
-1782896736317903
0
-1782901245900288
-1782898709884428
-1782898712362782
-1782898712176893
-1782901529241075
-1782903409523825
-1782896736323231
0
-1782901245976306
-1782898709974694
-1782898712410763
-1782898712266608
-1782901529318606
-1782903409600303
-1782896736417860
0
-1782901246167890
-1782898710060984
-1782898712572597
-1782898712523763
-1782901529410471
-1782903409676265
-1782896736458192
0
-1782901246231276
-1782898710202574
-1782898717470547
-1782898718343148
-1782901529506979
-1782903409730954
-1782897422540852
-1782903273188624
-1782902533081046
-1782898715929536
-1782898717565659
-1782898718429267
-1782901529603323
-1782903409825588
-1782897422706658
-1782903273191501
-1782902533169244
-1782898716095477
-1782898717582842
-1782898718488667
-1782901529605509
-1782903409992232
-1782897550126184
-1782903532032889
-1782903025036214
-1782898777375735
-1782898778484824
-1782898779441578
-1782901529820891
-1782903410550549
-1782897550279053
-1782903532038849
-1782903025041439
-1782898777458668
-1782898778580289
0
-1782901529838212
-1782903410593063
-1782897550482704
-1782903532043319
-1782903025547605
0
0
0
0
0
-1782897550497742
-1782903532047426
-1782903025561479
0
0
0
0
0
-1782897550499888
-1782903532051415
-1782903025666110
0
0
0
0
0
-1782897550609898
-1782903532055452
-1782903025668139
0
0
0
0
0
-1782897550648887
-1782903532059455
-1782903025682206
0
0
0
0
0
-1782897550732168
-1782903532063512
-1782903025710231
0
0
0
0
0
-1782897550777042
-1782903532067415
-1782903025945457
0
0
0
0
0
-1782897598121000
-1782903543191895
-1782903388884644
0
0
0
0
0
-1782897598224105
-1782903543474900
-1782903558905491
0
0
0
0
0
-1782897692457781
0
-1782903559028542
0
0
0
0
0
-1782897692520647
0
-1782903560040757
0
0
0
0
0
-1782897697126916
0
-1782903560145360
0
0
0
0
0
-1782897697167583
0
-1782903560237990
0
0
0
0
0
-1782897697285192
0
-1782903560302204
0
0
0
0
0
-1782897883473350
-1782904267894724
-1782903866121646
0
0
0
0
0
-1782897883710773
-1782904267954216
-1782903866203473
0
0
0
0
0
-1782897886392514
-1782904268036915
-1782903866337528
0
0
0
0
0
-1782897886530242
-1782904268112410
-1782903866368648
0
0
0
0
0
-1782897886587218
-1782904268175051
-1782903866468404
0
0
0
0
0
-1782897886746578
-1782904271816146
-1782903866515564
0
0
0
0
0
-1782897892005894
-1782904271818681
-1782903989839325
0
0
0
0
0
-1782897892096902
-1782904271820765
-1782903989875227
-1782899026100942
0
0
-1782902043452734
0
-1782897892133836
-1782904272751885
-1782903990039683
-1782899026175797
-1782899028594794
-1782899029777324
-1782902043539031
0
-1782897892229551
-1782904272881777
-1782903990157195
-1782899026422241
-1782899028644266
-1782899029782369
-1782902043636949
0
-1782897892279653
-1782904273064592
-1782903990199853
-1782899026531335
-1782899028715319
-1782899029938470
-1782902043693096
0
-1782897892396059
-1782904273384493
-1782903990289875
-1782899026571291
-1782899028789698
-1782899029967642
-1782902043783911
0
-1782897892493542
-1782904273494215
-1782903990492398
-1782899026642279
-1782899028858954
-1782899030076518
-1782902043837980
0
-1782898193922931
0
-1782904377540219
-1782899026810985
-1782899029065328
-1782899030109231
-1782902043988779
0
-1782898193925705
0
-1782904377667488
-1782899026912345
-1782899029080500
-1782899030211707
-1782902044024983
0
-1782898193927744
0
-1782904377673764
-1782899026914488
-1782899029285588
-1782899031028561
-1782902044139485
0
-1782898193929619
0
-1782904377768019
0
0
0
0
0
-1782898193931622
0
-1782904377838906
0
0
0
0
0
-1782898193933539
0
-1782904377916807
0
0
0
0
0
-1782898193935474
0
-1782904377989748
0
0
0
0
0
-1782898193937364
0
-1782904378103660
0
0
0
0
0
-1782898193939373
0
-1782904378127879
0
0
0
0
0
-1782898193941223
0
-1782904378258359
0
0
0
0
0
-1782898193943194
0
-1782904378446211
-1782899026982279
-1782899029332585
-1782899031138440
-1782902044184944
0
-1782898193945046
0
-1782904378608101
-1782899027012304
-1782899029402457
-1782899034130895
-1782902044305364
0
-1782898572514754
0
-1782904451904856
-1782899097781204
-1782899100521013
-1782899101264411
-1782902147578501
0
-1782898572762531
0
-1782904451963120
-1782899097880311
-1782899100606707
-1782899101305711
-1782902147763024
0
-1782898572777970
0
-1782904452020460
-1782899097951345
-1782899100687119
-1782899101307790
-1782902147856382
0
-1782898572780017
0
-1782904452113734
-1782899215559660
-1782899218957306
-1782899223661919
-1782902147944852
0
-1782898573625456
0
-1782904452241053
-1782899215631696
-1782899219009633
-1782899223693616
-1782902149622083
0
-1782898573952178
0
-1782904452410674
-1782899215711017
-1782899219081094
-1782899223769569
-1782902149627616
0
-1782898574044876
0
-1782904452432501
-1782899215822801
-1782899219198059
-1782899223843885
-1782902149687297
0
-1782898574148161
0
-1782904452434555
-1782899215845703
-1782899219246910
-1782899223914588
-1782902149762801
0
-1782898574182147
0
-1782904452654096
-1782899216011090
-1782899219366007
-1782899223988586
-1782902150091132
0
-1782898574268383
0
-1782904452656063
-1782899216112285
-1782899219467050
-1782899224058797
-1782902150093955
0
-1782899379559943
-1782905740485893
0
-1782899216138171
-1782899219499299
-1782899224127989
-1782902150122813
0
-1782899379562774
-1782905740622462
0
-1782899216365319
-1782899219570111
-1782899224198991
-1782902150190531
0
-1782899379608260
-1782905740713885
0
-1782899216410529
-1782899896504006
-1782899898128988
-1782902666326363
-1782904213490157
-1782899379610333
-1782905740925244
0
-1782899895514654
-1782899898366723
-1782899898182092
-1782902666407607
-1782904213638194
-1782899379691747
-1782905740940303
0
-1782899895604828
-1782899898381395
-1782899898482323
-1782902666475870
-1782904213711492
-1782899379824033
-1782905741046996
0
-1782899895643183
-1782899898480382
-1782899898508357
-1782902666558834
-1782904213792763
-1782899380174747
-1782905741049195
0
-1782899895829414
-1782899898576633
-1782899898574463
-1782902666637119
-1782904213977293
-1782899441441505
0
0
-1782899897358228
-1782899899367618
-1782899900074166
-1782902666719650
0
-1782899441527463
0
-1782905180774162
-1782899897449972
-1782899899456890
-1782899900177413
-1782902666773034
0
-1782899441573292
0
-1782905180788181
-1782899897537679
-1782899899506191
-1782899900206108
-1782902666858827
0
-1782899441831286
0
-1782905181025545
-1782899897674819
-1782899899615512
-1782899900295763
-1782902666962024
0
-1782899442198317
0
-1782905181525076
-1782900260882132
-1782900263445848
-1782900264241084
-1782903016867454
-1782904339374718
-1782899442233231
0
-1782905181591595
-1782900260954063
-1782900263540426
-1782900264325854
-1782903016938820
-1782904339479601
-1782899442317189
0
-1782905181641909
-1782900261078637
-1782900263599309
-1782900264408156
-1782903017002386
-1782904339488414
-1782899442401919
0
-1782905181793013
-1782900261170313
-1782900263659961
-1782900264453720
-1782903017087702
-1782904339553493
-1782899442493101
0
-1782905239811709
-1782900261252994
-1782900263724577
-1782900264537993
-1782903017191545
-1782904339695041
-1782899442654272
0
-1782905239907532
-1782900261335979
-1782900263729427
-1782900264620109
-1782903017276230
-1782904339943838
-1782899442669807
0
-1782905239992987
-1782900609062808
-1782900611409276
-1782900612446449
-1782903120790774
0
-1782899988239836
-1782906019775395
-1782905365284990
0
0
0
0
0
-1782899988331306
-1782906019850303
-1782905365361782
0
0
0
0
0
-1782899988415211
-1782906019931887
-1782905365364067
0
0
0
0
0
-1782899988704426
-1782906020012951
-1782905365366037
0
0
0
0
0
-1782899988798336
-1782906020212247
-1782905365367990
0
0
0
0
0
-1782899988842654
-1782906020218935
-1782905365369880
0
0
0
0
0
-1782899989116542
-1782906020474702
-1782905365372185
0
0
0
0
0
-1782899989234597
-1782906020476692
-1782905365374086
0
0
0
0
0
-1782899989318129
-1782906020562932
-1782905365376046
0
0
0
0
0
-1782900108061288
-1782906630890476
-1782905365436400
-1782900612059464
-1782900619442817
-1782900621333379
-1782903120922405
-1782904472724393
-1782900108149914
-1782906630998366
0
-1782900612610557
-1782900619780639
-1782900621663446
-1782903121019390
-1782904472852278
-1782900108236382
-1782906631087708
0
-1782900613846154
-1782900619896413
-1782900621760005
-1782903121107582
-1782904473013027
-1782900108323140
-1782906631182059
0
0
0
0
0
0
-1782900108370829
-1782906631292281
0
0
0
0
0
0
-1782900246032757
0
0
0
0
0
0
0
-1782900246047007
0
0
0
0
0
0
0
-1782900246756226
0
0
-1782900681519369
-1782900683416924
-1782900684275141
-1782903223401425
-1782904475269999
-1782900246853975
0
0
-1782900681604397
-1782900683493333
-1782900684454789
-1782903223524964
-1782904475369945
-1782900246966825
0
0
0
0
0
0
0
-1782900247196640
0
0
0
0
0
0
0
-1782900247212789
0
0
0
0
0
0
0
-1782900247214867
0
0
0
0
0
0
0
-1782900247220644
0
0
0
0
0
0
0
-1782900247431420
0
0
-1782900681687746
-1782900683573184
-1782900691699425
-1782903223615218
-1782904475454219
-1782900247445462
0
0
-1782900681732660
-1782900683686214
-1782900691848028
-1782903223736930
-1782904475484771
-1782900247474559
0
0
-1782900688091329
-1782900690771670
-1782900691934883
-1782903223788423
-1782904475643524
-1782900549890800
-1782907118899019
-1782905673801092
-1782900688157685
-1782900690860989
-1782900691953060
-1782903223934955
-1782904475812915
-1782900549938574
-1782907119088620
-1782905673921702
-1782900688262836
-1782900690954824
-1782900692091437
-1782903223942095
-1782904475814856
-1782900550042508
-1782907119222842
-1782905674005799
-1782900688287778
-1782900691040790
-1782900692203143
-1782903224012176
-1782904475930745
-1782900550182170
-1782907119604599
-1782905674216322
-1782900688354002
-1782900691078321
-1782900692247360
-1782903467006722
-1782904475932668
-1782900554018789
-1782907119691596
-1782905675105343
-1782900688493673
-1782900691136222
-1782900692362865
-1782903467014193
-1782904476033068
-1782900554105362
-1782907120014996
-1782905675274102
-1782900688507431
-1782900691193297
-1782900692446462
-1782903467016393
-1782904476134437
-1782900554107639
-1782907120017146
-1782905675351389
-1782900688726395
-1782900691332243
-1782900692448504
-1782903467018439
-1782904476139285
-1782900554153463
-1782907120019021
-1782905675401204
0
0
0
0
0
-1782900677940816
-1782907732176952
-1782905780732001
0
0
0
0
0
-1782900678019797
-1782907732470571
-1782905780823329
0
0
0
0
0
-1782900678034479
-1782907732472884
-1782905780902135
0
0
0
0
0
-1782900678141829
-1782907732482441
-1782905780950714
-1782900986262915
-1782900990145248
-1782900990168611
-1782903535671275
-1782904724143189
-1782900678282920
-1782907732484413
-1782905781016127
-1782900986347855
-1782900990164527
-1782900990281390
-1782903535762927
-1782904724269052
-1782900678343805
-1782907732486312
-1782905781246905
-1782900986510849
-1782900990308830
-1782900990600698
-1782903535796573
-1782904724374541
-1782900678363646
-1782907732488431
-1782905781348784
-1782900986666249
-1782900990429524
-1782900990602635
-1782903535853964
-1782904724526229
-1782900678488506
-1782907732490424
-1782905781458033
-1782900986770976
-1782900990711574
-1782900990701362
-1782903535912533
-1782904724633864
-1782900678596893
-1782907732492384
-1782905782012454
-1782900988688289
-1782900991319841
-1782900992618886
-1782903536006332
-1782904726229724
-1782900679141136
-1782907732494252
-1782905782094511
-1782900988772629
-1782900991550956
-1782900992620773
-1782903536056895
-1782904726360398
-1782900679226042
-1782907732496224
-1782905782135542
-1782900988922235
-1782900991714052
-1782900992622639
-1782903536147560
-1782904726455545
-1782900679309604
-1782907732506653
-1782905782184266
-1782900989008579
-1782900991716277
-1782900992693162
-1782903536274799
-1782904726746451
-1782900679459396
-1782907732508846
-1782905782486151
-1782900989115896
-1782900991721251
-1782900993067298
-1782903536361555
-1782904726926487
-1782900679462134
-1782907732510731
-1782905782609553
-1782900989222286
-1782900991831029
-1782900993069311
-1782903536399059
-1782904727072883
-1782900679647652
-1782907732512751
-1782905782650430
0
0
0
0
0
-1782900870459497
0
-1782905971038176
0
0
0
0
0
-1782900871672751
0
-1782905971128678
-1782900989305677
-1782900991832981
-1782900993096032
-1782903536456923
-1782904727184665
-1782900871807426
0
-1782905971287990
-1782900989434950
-1782900991834852
-1782900993097899
-1782903536523711
-1782904727467154
-1782900871893608
0
-1782905971393782
-1782900989478149
-1782900991916196
-1782900993196915
-1782903536612434
-1782904727564225
-1782900871938846
0
-1782905971705788
0
-1782900996774405
-1782900997363747
-1782903536722695
0
-1782900872023591
0
-1782905971868884
0
0
0
0
0
-1782900872104177
0
-1782905971873371
0
0
0
0
0
-1782900872186175
0
-1782905971887344
0
0
0
0
0
-1782900872626612
0
-1782905972518701
-1782900995434526
-1782900996855761
-1782900997463782
-1782903540132963
-1782904849475840
-1782900992624549
0
-1782905972608887
-1782900995442144
-1782900996957636
-1782900997470539
-1782903540220006
-1782904849606640
-1782900993071241
0
-1782905972610899
-1782900995444106
-1782900997037773
-1782900997472407
-1782903540265462
-1782904849649946
-1782900993223494
0
-1782905972612883
-1782900995448933
-1782900997099846
-1782900997474477
-1782903540387634
-1782904849757759
-1782901483403907
0
-1782906221230877
-1782900995480168
-1782900997146021
-1782900997481490
-1782903540521869
-1782904849875184
0
0
0
-1782900995482162
-1782900997161406
-1782900997576694
-1782903540537151
-1782904849914135
0
0
0
-1782901003298120
-1782901006435434
-1782901008132352
-1782903540672946
-1782904850250695
0
-1782908280116380
-1782906329611663
-1782901005548267
-1782901009158764
-1782901009830946
-1782903540762341
-1782904850332673
-1782901542297317
-1782908280249971
-1782906329736566
-1782901005583077
-1782901009267245
-1782901009914462
-1782903540856771
-1782904850442606
-1782901542409592
-1782908280361115
-1782906329822535
-1782901005672304
-1782901009269310
-1782901010204842
-1782903540918455
-1782904850525100
-1782901542411609
-1782908280491025
-1782906329904428
-1782901005698686
-1782901009275028
-1782901010210157
-1782903541008536
-1782904850608139
-1782901542496068
-1782908280496645
-1782906329988274
-1782901005731787
-1782901009346039
-1782901010286667
-1782903541064742
-1782904850625610
-1782901544491803
-1782908281269109
-1782906330078447
-1782901005804800
-1782901009422261
-1782901010288572
-1782903541120828
-1782904850768435
-1782901544567818
-1782908281361556
-1782906330206844
-1782901005863362
-1782901009424202
-1782901010365833
-1782903541178337
-1782904850773356
-1782901544663721
-1782908281471029
-1782906330208888
-1782901005865318
-1782901009522997
-1782901010484848
-1782903541236513
-1782904850968631
-1782901545465974
-1782908281476496
-1782906508237873
-1782901007370468
-1782901010000730
-1782901010486693
-1782903541294817
-1782904851033911
-1782901545519580
-1782908281624256
-1782906508351805
-1782901007375622
-1782901010202933
-1782901010822455
-1782903541392812
-1782904851118145
-1782901545561672
-1782908281703824
-1782906508647575
-1782901007377650
-1782901010367733
-1782901010902529
-1782903541441445
-1782904851203123
-1782901545799224
-1782908281705789
-1782906508651909
-1782901007382400
-1782901010481070
-1782901011009589
-1782903541533770
-1782904851340038
-1782901545950154
-1782908281757479
-1782906508664675
-1782901007501870
-1782901010483010
-1782901011052270
-1782903541572837
-1782904851385105
-1782901545964621
-1782908281882330
-1782906508666586
-1782901007725265
-1782901010610208
-1782901011260165
-1782903541664095
-1782904851906992
-1782901665759969
-1782908281887964
-1782906636363740
-1782901007811372
-1782901010612170
-1782901011266082
-1782903541809609
-1782905102180165
-1782901669014266
0
-1782906637585076
-1782901123105723
-1782901124713556
-1782901125168105
-1782903548272519
-1782905102297157
-1782901669096732
0
-1782906637628622
-1782901123195848
-1782901124804683
-1782901248370474
-1782903668214719
-1782905161038287
-1782901672466216
0
-1782906638217002
-1782901244693419
-1782901246895858
-1782901248446242
-1782903668320730
-1782905161121101
-1782901779838223
-1782908644524811
-1782906761212023
-1782901244771450
-1782901247215526
-1782901248451549
-1782903668440352
-1782905161208813
-1782901780205724
-1782908644609340
-1782906761306386
-1782901244849120
-1782901247218333
-1782901248517593
-1782903668462337
-1782905161293731
-1782901780428585
-1782908644704288
-1782906761387854
-1782901245018124
-1782901247281389
-1782901248617920
-1782903668521078
-1782905161379295
-1782901780557699
-1782908644799782
-1782906761481415
-1782901245023987
-1782901247487747
-1782901248619868
-1782903668610901
-1782905161488370
-1782901780573304
-1782908644801978
-1782906761559736
-1782901246237198
-1782901247566508
-1782901248624998
-1782903669533606
-1782905167036590
-1782901781393648
-1782908644889711
-1782906761659759
-1782901246306044
-1782901248714531
-1782901249296408
-1782903669622376
-1782905167039388
-1782901781451764
-1782908644979104
-1782906761753946
-1782901247651921
-1782901249693589
-1782901250444446
-1782903669714238
-1782905167041438
-1782901781491619
-1782908644981013
-1782906761836495
-1782901247730509
-1782901249842715
-1782901250587276
-1782903669798291
-1782905167043333
-1782901781548288
-1782908645626538
-1782906761838708
-1782901247852797
-1782901249919913
-1782901250589185
-1782903669899747
-1782905167045303
-1782901781606088
-1782908645713904
-1782906761992836
-1782901247854794
-1782901249987895
-1782901250662354
-1782903669953271
-1782905167047168
-1782901781701092
-1782908645760242
-1782906761994828
-1782901247933589
-1782901250063901
-1782901250737550
-1782903670030763
-1782905167049120
-1782901901583439
0
-1782907005018691
-1782901248256677
-1782901250065825
-1782901250813521
-1782903670081209
-1782905167051047
-1782901901749597
0
-1782907005152488
-1782901249372477
-1782901250895288
-1782901251048951
-1782903670201789
-1782905167053003
-1782901901928463
0
-1782907005290690
-1782901256251069
-1782901259595155
-1782901259515910
-1782903670336833
-1782905167054921
-1782902096007572
-1782908766433333
-1782907549525323
-1782901256505869
-1782901259720340
-1782901259798618
-1782903670440803
-1782905167061649
-1782902096088801
-1782908827241061
-1782907549571163
-1782901256507846
-1782901259722235
-1782901259895883
-1782903670471068
-1782905167117071
-1782902096260875
-1782908827387015
-1782907549573206
-1782901256509817
-1782901260215774
-1782901260059052
-1782903670610677
-1782905167203286
-1782902163207342
-1782908827484617
-1782907852151064
-1782901256598468
-1782901260221264
-1782901260060922
-1782903670705918
-1782905167371566
-1782902163248175
-1782908827660646
-1782907852253606
-1782901256603515
-1782901260294246
-1782901260296129
-1782903670824625
-1782905167413374
-1782902296138533
-1782908831731312
-1782908283805886
-1782901256674250
-1782901260418637
-1782901260416747
-1782903670826850
-1782905167545776
-1782902296285583
-1782908831820329
-1782908283989786
0
0
0
0
0
-1782902296348239
-1782908831925868
-1782908283992066
0
0
0
0
0
-1782902296449531
-1782908832045968
-1782908283994281
0
0
0
0
0
-1782902296508878
-1782908833696865
-1782908283996196
0
-1782902531142511
-1782902532162661
-1782904574745596
-1782905330274843
-1782902296600080
-1782908833861763
-1782908283998129
-1782902529018995
-1782902531338119
-1782902532245683
-1782904574835730
-1782905330400274
-1782902297018126
-1782908834046391
-1782908284004164
-1782902529189558
-1782902531411395
-1782902532304879
-1782904574929346
-1782905330402477
-1782902297101113
-1782908834227400
-1782908284006240
-1782902529762865
-1782902531532023
-1782902532462418
-1782904575021526
-1782905330499002
-1782902297156272
-1782908834452194
-1782908284008150
-1782902533216380
-1782902535641139
-1782902536527427
-1782904575113231
-1782905330579132
-1782902297250842
-1782908834669867
-1782908284010151
-1782902533295974
-1782902535944531
-1782902536563991
-1782904575215322
-1782905330664971
-1782902297353080
-1782908834820291
-1782908284719693
-1782902533354042
-1782902535960452
-1782902536674191
-1782904575272379
-1782905330820089
-1782902297390422
-1782908835049673
-1782908284755574
-1782902533477920
-1782902535962414
-1782902536701241
-1782904575343983
-1782905330911420
-1782902297489245
-1782908835292070
-1782908284757579
-1782902533659679
-1782902536072487
-1782902536774826
-1782904575439374
-1782905331003615
-1782902297573688
-1782908835499627
-1782908284759577
-1782902533738076
-1782902536123174
-1782902536904190
-1782904575600771
-1782905331145315
-1782902297611850
-1782908836193059
-1782908284761486
-1782902538795508
-1782902541050022
-1782902541617744
-1782904575691619
-1782905331233694
-1782902297727383
-1782908836230548
-1782908284763464
-1782902539423485
-1782902541301497
-1782902541688038
-1782904575777830
-1782905331395401
-1782902297773474
-1782908836316833
-1782908284765332
-1782902539549391
-1782902541307464
-1782902541776808
-1782904575906387
-1782905331533630
-1782902297859821
-1782908836487422
-1782908284767266
-1782902539653985
-1782902541309469
-1782902541861446
-1782904575929384
-1782905331658358
-1782902297981046
-1782908836753904
-1782908284769222
-1782902539695384
-1782902541311346
-1782902541863344
-1782904575987131
-1782906050164013
-1782902297984726
-1782908837071855
-1782908285134370
-1782902966581299
-1782902967996874
-1782902968168627
-1782904593384911
-1782906050264696
-1782902298078765
-1782908837421329
-1782908285136286
-1782903024713321
-1782903031277059
-1782903029730886
-1782904593401268
-1782906050353634
-1782902298344165
-1782908837762826
-1782908285138283
-1782903024730035
-1782903031326834
-1782903029771886
-1782904593406733
-1782906050491310
-1782902298484399
-1782908837954036
-1782908285265267
-1782903025947580
-1782903031408433
-1782903029859717
-1782904593496729
-1782906051461526
-1782902549913113
0
-1782908387194531
-1782903026249067
-1782903031458129
-1782903029997582
-1782904593538159
-1782906051554017
-1782902549993500
0
-1782908387268067
-1782903027707345
-1782903032301931
-1782903030103820
-1782904593639625
-1782906051632469
-1782902550101209
0
-1782908387345171
-1782903027713407
-1782903032307386
-1782903032220092
-1782904593641794
-1782906051711782
-1782902550907645
0
-1782908389245289
-1782903027715450
-1782903032380295
-1782903032464163
-1782904593756836
-1782906051790268
-1782902550991117
0
-1782908389326777
-1782903028203601
-1782903032796374
-1782903032509189
-1782904593865547
-1782906051869044
-1782902551052420
0
-1782908389425624
-1782903028410129
-1782903032798365
-1782903032759396
-1782904593954560
-1782906051955864
-1782902551080627
0
-1782908389603687
-1782903028546490
-1782903032907093
-1782903033025765
-1782904594073231
-1782906051957942
-1782902551282557
0
-1782908389634807
-1782903028808371
-1782903033227081
-1782903033123305
-1782904594162907
-1782906052107675
-1782902551437191
0
-1782908389968427
-1782903028898731
-1782903033412722
-1782903033221876
-1782904594252214
-1782906052109738
-1782902661552483
0
-1782908494417772
-1782903085641172
-1782903094657509
-1782903095616871
-1782904598299121
-1782906053634481
-1782902663538948
0
-1782908494489333
-1782903086235355
-1782903094774010
-1782903095618877
-1782904598306175
-1782906053719566
-1782902663660555
0
-1782908494570932
-1782903086315345
-1782903094993096
-1782903095709373
-1782904598383349
-1782906053728243
-1782902663750200
0
-1782908494735250
-1782903086397744
-1782903095007465
-1782903095711329
-1782904598443083
-1782906053730213
-1782902663837169
0
-1782908494821043
-1782903086479585
-1782903095027351
-1782903095713177
-1782904598536279
-1782906053732081
-1782902673502492
0
-1782908495852189
-1782903086749735
-1782903095126413
-1782903095780597
-1782904598675119
-1782906053791501
-1782902673712206
0
-1782908495948389
-1782903086828994
-1782903095591071
-1782903095870905
-1782904598701171
-1782906053901309
-1782902673847737
0
-1782908495950674
-1782903086915739
-1782903095715027
-1782903095992786
-1782904598795501
-1782906078277497
-1782902673921701
0
-1782908495997571
-1782903388972452
-1782903390611603
-1782903390963200
-1782904847337291
-1782906078363622
-1782902673924017
0
-1782908496144895
-1782903389125848
-1782903390662659
-1782903391055382
-1782904847450247
-1782906078443017
-1782902673960975
0
-1782908496267991
-1782903389212955
-1782903390755734
-1782903391143990
-1782904847496049
-1782906078544694
-1782902674060393
0
-1782908496269991
-1782903395234497
-1782903396768676
-1782903397530780
-1782904847589439
-1782906078546845
-1782902674106698
0
-1782908496370135
-1782903395327285
-1782903396960026
-1782903397537853
-1782904847594467
-1782906078669169
-1782902674174538
0
-1782908496623727
-1782903395345054
-1782903397056232
-1782903397539796
-1782904847714268
-1782906078671131
-1782902674217502
0
-1782908496731155
-1782903395530951
-1782903397144152
-1782903397572459
-1782904847835809
-1782906078709095
-1782902862807830
-1782909126573741
-1782908497747221
-1782903559171316
-1782903561551515
-1782903561467715
-1782904848593166
-1782906079168958
-1782902862826693
-1782909126657338
-1782908497842704
0
0
0
0
0
-1782902862910483
-1782909126700060
-1782908497928226
0
0
0
0
-1782906079343533
-1782902966058021
-1782909132393736
-1782908498014820
-1782903559655877
-1782903561621466
-1782903561545183
-1782904848705462
-1782906079784056
-1782902966155678
-1782909132479406
-1782908558191452
-1782903560468570
-1782903562493199
-1782903563347041
-1782904848791779
-1782906079873059
-1782902966242894
-1782909132481508
-1782908558292186
-1782903560513825
-1782903562632496
-1782903563456473
-1782904848932731
-1782906079965229
-1782902966462404
-1782909132486596
-1782908558545406
-1782903866656680
-1782903562771210
-1782903563622022
-1782904848977687
-1782906318984822
-1782903199691116
-1782909198196752
0
-1782903866678815
-1782903868673807
-1782903869575266
-1782905100885511
-1782906318993103
-1782903203785089
-1782909198358215
0
-1782903866819787
-1782903868761403
-1782903869740590
-1782905101025664
-1782906318995376
-1782903203869659
-1782909198468494
0
-1782903866942458
-1782903868871192
-1782903869829031
-1782905101135926
-1782906319138988
-1782903205009048
-1782909198470697
0
-1782903867045624
-1782903868901782
-1782903869915212
-1782905101148559
-1782906319323623
-1782903205090286
0
0
-1782903867088809
-1782903868903925
-1782903869989065
-1782905101246525
-1782906319325706
-1782903205168081
0
0
-1782903867208789
-1782903869133452
-1782903870063571
-1782905101367732
-1782906319333497
-1782903205208066
0
0
-1782903867213534
-1782903869149124
-1782903870388595
-1782905101451321
-1782906321157654
-1782903223077024
0
0
-1782903990712928
-1782903992669816
-1782903993262009
-1782905209932228
-1782906321289621
-1782903223101226
0
0
-1782903990726913
-1782903992781225
-1782903993352604
-1782905209935041
-1782906321291566
-1782903223198685
0
0
-1782903990732606
-1782903992932168
-1782903993413786
-1782905210022311
-1782906321293539
-1782903223307027
0
0
-1782904365728106
-1782904367463602
-1782904368288099
-1782905634354728
-1782906434164728
-1782903224598715
0
0
-1782904365766298
-1782904367589957
-1782904368290809
-1782905634532957
-1782906434264666
-1782903224614692
0
0
-1782904365848217
-1782904367649591
-1782904368292735
-1782905634607472
-1782906434340872
-1782903224616755
0
0
-1782904366268158
-1782904367778638
-1782904368342139
-1782905634701002
-1782906434420011
-1782903224618689
0
0
-1782904378803154
-1782904367802542
-1782904381546261
-1782905694914735
-1782906536254589
-1782903224637580
0
0
-1782904378820505
-1782904381555554
-1782904381548946
-1782905694998498
-1782906536261197
-1782903224740724
0
0
-1782904378864957
-1782904381580727
-1782904381712477
-1782905695087589
-1782906536270242
-1782903224797033
0
0
-1782904378897425
-1782904381846968
-1782904381750353
-1782905695170092
-1782906536272481
0
0
0
-1782904379629370
-1782904381848931
-1782904382430100
-1782905695245043
-1782906536278632
0
0
0
-1782904379634835
-1782904381919837
-1782904382472960
-1782905695356540
-1782906536328685
0
0
0
-1782904379675612
-1782904382260667
-1782904382727971
-1782905695445618
-1782906536437243
0
0
0
-1782904379707176
-1782904382282844
-1782904382886929
-1782905695534079
-1782906536720719
0
0
0
-1782904380484557
-1782904382406230
-1782904455074342
-1782905818604445
-1782906538648799
0
0
0
-1782904451185341
-1782904454961727
-1782904455166915
-1782905818735826
-1782906538650772
0
0
0
-1782904452658041
-1782904455908731
-1782904455738020
-1782905818830003
-1782906538652684
0
0
-1782908628693009
-1782904452659981
-1782904456109283
-1782904455793037
-1782905818957757
-1782906538763352
-1782903407084786
-1782909445994312
-1782908628955663
-1782904452791265
-1782904456111271
-1782904455851013
-1782905819062667
-1782906539215608
-1782903407091228
-1782909446073342
-1782908629117659
-1782904452933892
-1782904456368725
-1782904456206693
-1782905819145235
-1782906539347876
-1782903407185761
-1782909446265405
-1782908629119582
-1782904453044052
-1782904456370620
-1782904456255283
-1782905819284917
-1782906539357894
-1782903410881424
-1782909446368317
-1782908629370050
0
0
0
0
0
-1782903717153100
-1782909824135185
0
0
-1782904456880503
-1782904458110210
-1782905819455015
0
0
0
0
-1782904453942554
-1782904456884358
-1782904458112171
-1782905819538011
-1782906539364803
0
0
0
-1782904453944537
-1782904456886235
-1782904458114012
-1782905819540137
-1782906539674224
0
0
0
-1782904454046174
-1782904456955140
-1782904458115913
-1782905819563642
-1782906539676356
0
0
0
-1782904454072706
-1782904456957190
-1782904458121340
-1782905819670526
-1782906539723948
0
0
0
-1782904454188765
-1782904457014870
-1782904458123342
-1782905819722212
-1782906539967019
0
0
0
-1782904454237506
-1782904457092309
-1782904458125173
-1782905819849784
-1782906540007147
0
0
0
-1782904454328612
-1782904457149275
-1782904458127057
-1782905819851814
-1782906540079630
0
0
0
-1782904454366071
-1782904457244120
-1782904458128862
-1782905819987113
-1782906540177187
0
0
0
-1782904454500856
-1782904570754750
-1782904571295789
-1782905821143956
-1782906540179213
0
0
0
-1782905007616986
-1782905010276670
-1782905011804863
-1782905952465472
-1782906600987403
0
0
0
-1782905007701751
-1782905010367608
-1782905011902843
-1782905952581306
-1782906891074479
0
0
0
-1782905007793545
-1782905010412829
-1782905012020343
-1782905952679282
-1782906891152813
0
0
0
-1782905007833368
-1782905010619988
-1782905012107179
-1782905952765849
-1782906891206966
0
0
0
-1782905007926577
-1782905010635224
-1782905012193600
-1782905952843045
-1782906891336032
0
0
0
-1782905008075579
-1782905010793139
-1782905012279099
-1782905952921953
-1782906891389254
0
0
0
-1782905008102833
-1782905010838138
-1782905012326574
-1782905953003762
-1782906891496955
0
0
0
-1782905008252904
-1782905011353488
-1782905012634528
-1782905953084034
-1782906891552783
0
0
0
-1782905008376796
-1782905011443083
-1782905012715394
-1782905953165153
-1782906891781671
0
0
0
-1782905008462590
-1782905011492192
-1782905012799310
-1782905953245229
-1782906891840201
0
0
0
-1782905181115241
0
-1782905183760119
-1782905953326834
-1782906892009573
0
0
0
-1782905181141781
-1782905183493682
-1782905184038070
-1782905953329035
-1782906956069808
0
0
0
-1782905181190382
-1782905183586065
-1782905184124324
-1782905953509311
-1782906956140884
0
0
0
-1782905181457658
-1782905183889916
-1782905184207061
-1782905953583717
-1782906956224902
0
0
0
-1782905240030278
-1782905242038218
-1782905242363161
-1782905953662166
-1782906956314227
0
0
0
-1782905240114172
-1782905242199355
-1782905242460103
0
0
0
0
0
0
0
0
0
0
0
0
0
0
0
0
0
0
0
0
0
0
0
0
0
0
0
0
0
0
0
0
0
0
0
0
0
0
0
0
0
0
0
0
0
0
0
0
0
0
0
0
0
0
0
0
0
0
0
0
0
0
-1782905366094297
-1782905376937955
-1782905956174609
-1782906959176743
0
0
0
-1782905365478789
-1782905366193198
-1782905377359375
-1782905956229741
-1782906959302940
0
0
0
-1782905365561980
-1782905366195110
-1782905377459887
-1782905956388300
-1782906959335465
0
0
0
0
0
0
0
0
0
0
0
0
0
0
0
0
0
0
0
0
0
0
0
0
0
0
0
0
0
0
0
0
0
0
0
0
0
0
0
0
-1782903842355770
0
0
0
0
0
0
0
0
0
0
0
0
0
0
0
0
0
0
0
0
0
0
0
0
0
0
0
0
0
0
0
0
0
0
0
0
0
0
0
0
0
0
0
0
0
0
0
0
0
0
0
0
0
0
0
0
0
0
0
0
0
0
0
-1782904214334257
-1782910114683636
0
0
-1782905501673167
-1782905501420334
-1782906081823069
-1782907183004394
-1782904214378319
-1782910114703674
0
-1782905498494530
-1782905502008859
-1782905501546468
-1782906081903805
-1782907183180710
-1782904214436587
-1782910114762626
0
-1782905498655674
-1782905502024018
-1782905677842890
-1782906327036398
-1782907210080492
-1782904214438627
-1782910114831850
0
-1782905674308558
-1782905676302778
-1782905678924486
-1782906327116405
-1782907210163974
0
0
0
-1782905674392047
-1782905676400564
-1782905679007218
-1782906327267291
-1782907210540127
0
0
0
-1782905674493412
-1782905676402576
-1782905679034558
-1782906327269346
-1782907210715848
0
0
0
-1782905674507195
-1782905676425424
-1782905679127211
-1782906327485881
-1782907210750275
0
0
0
-1782905674600510
-1782905676546083
-1782905679182900
-1782906327493129
-1782907210860702
0
0
0
-1782905674648453
-1782905676631144
-1782905679280556
-1782906327600132
-1782907211132574
-1782904340360906
-1782910309014049
0
-1782905675535877
-1782905676896061
-1782905679408910
-1782906327686202
-1782907211137779
-1782904340449829
-1782910309136641
0
-1782905675622586
-1782905676984256
-1782905679424320
-1782906327872237
-1782907211358503
-1782904344524530
-1782910309242524
0
-1782905675628462
-1782905777313813
-1782905777641081
-1782906390121801
-1782907211579730
-1782904348352114
-1782910309337074
0
-1782905775492038
-1782905777319059
-1782905777790112
-1782906432958996
-1782907211664900
-1782904348444070
-1782910310071574
0
-1782905775588058
-1782905777412943
-1782905777879800
-1782906433047574
-1782907211666822
-1782904348671152
-1782910310152624
0
-1782905775865175
-1782905777453486
-1782905777966161
-1782906433139091
-1782907211672299
-1782904348687422
-1782910310209294
0
-1782905780250725
-1782905783800941
-1782905783717503
-1782906433247393
-1782907211765175
-1782904473740575
-1782910312543602
-1782909071630937
-1782905780486305
-1782905783891086
-1782905783969979
-1782906433538507
-1782907211767349
-1782904473853873
-1782910312646683
-1782909071707073
-1782905780574040
-1782905784224013
-1782905784010366
-1782906433541331
-1782907211902261
-1782904473855888
-1782910312764558
-1782909071793261
-1782905782296648
-1782905784310029
-1782905784133961
-1782906433543374
-1782907211939772
-1782904473918043
-1782910312831343
-1782909071900065
-1782905782402382
-1782905784687745
-1782905785039829
-1782906433616778
-1782907212021951
-1782904474039854
-1782910312833540
-1782909072061455
-1782905782790715
-1782905784770799
-1782905785122728
-1782906433631906
-1782907212101056
-1782904474223397
-1782910312838566
-1782909072097237
-1782905782934805
-1782905784850134
-1782905785197256
-1782906433633842
-1782907212183759
-1782904474225424
-1782910312956878
-1782909072233723
-1782905969936372
-1782905847690814
-1782905848159480
-1782906555234562
-1782907212266925
-1782904474549596
-1782910312958844
-1782909073084552
-1782905970023718
-1782905973208609
-1782905974318013
-1782906555328824
-1782907212277092
-1782904474551709
-1782910312960861
-1782909073213575
-1782905970242626
-1782905973322777
-1782905974423835
-1782906555404312
-1782907212281935
-1782904474712434
-1782910312962790
-1782909073371552
-1782905970249623
-1782905973404361
-1782905974515883
-1782906555467329
-1782907212283850
-1782904474812300
-1782910313023266
-1782909073459875
-1782905970398230
-1782905973667490
-1782905974602893
-1782906555557989
-1782907212438317
-1782904474884034
-1782910313025423
-1782909073541178
-1782905970404350
-1782905973697532
-1782905974981878
-1782906555592370
-1782907212482967
-1782904474959382
-1782910313134116
-1782909073880815
-1782905970548287
-1782905973741837
-1782905975004751
-1782906555831577
-1782907212484957
-1782904475082461
-1782910313136029
-1782909073883065
-1782905972619201
-1782905974723078
-1782905975487927
-1782906555833655
-1782907212492381
-1782904476426146
-1782910313138216
-1782909075514303
-1782905972697472
-1782905974833530
-1782905975671978
-1782906555886751
-1782907212494506
-1782904476724815
-1782910313171790
-1782909075677276
-1782905973744411
-1782905975509324
-1782905975796925
-1782906555926978
-1782907212496421
-1782904476795820
-1782910313260059
-1782909075679366
-1782905973842664
-1782905975511229
-1782905975936767
-1782906555997371
-1782907212498388
-1782904476949629
-1782910313261993
-1782909075715391
-1782906035643979
-1782906037095898
-1782906037809720
-1782906555999302
-1782907212503285
0
0
-1782909077690552
-1782906221318741
-1782906223041066
-1782906223669573
-1782906685801660
0
0
0
0
-1782906221357447
-1782906223129314
-1782906223758844
-1782906685878088
0
0
0
0
-1782906221467976
-1782906223216454
-1782906223879236
-1782906686001468
-1782907267948503
0
0
0
-1782906221714514
-1782906223323701
-1782906223934147
-1782906686165835
-1782907268023502
0
0
0
-1782906221751545
-1782906223366818
-1782906224031043
-1782906686168009
-1782907268192548
0
0
0
0
-1782906223540380
0
0
-1782907268362013
-1782904601258495
-1782910317891330
-1782909077757442
0
0
0
0
0
-1782904601355219
-1782910318052130
-1782909077960750
0
0
0
0
0
-1782904601605482
-1782910318167976
-1782909077962755
0
0
0
0
-1782907268390944
-1782904729331797
-1782910327738597
-1782909322437346
-1782906328795266
-1782906331251337
-1782906331356364
-1782906686188187
-1782907268563044
-1782904729451552
-1782910327837818
-1782909322519394
-1782906330247345
-1782906332346550
-1782906332891056
-1782906686304768
-1782907268568449
-1782904729564414
-1782910327922411
-1782909322618956
-1782906330351942
-1782906332434968
-1782906332973682
-1782906686306884
-1782907268573464
-1782904729671843
-1782910328174137
-1782909322748851
-1782906330388420
-1782906332619205
-1782906333129130
-1782906686366490
-1782907268915819
-1782904729775322
-1782910328181992
-1782909322774763
-1782906330516356
-1782906332621328
-1782906333220754
-1782906686512606
-1782907268917759
-1782904729891641
-1782910391242178
-1782909326940490
-1782906330561635
-1782906332767940
-1782906333302780
-1782906790842992
-1782907268945550
-1782904855584500
-1782910391328051
-1782909327012856
-1782906508753193
-1782906510210627
-1782906333304690
-1782906790884590
-1782907268998814
-1782904855676570
-1782910391397037
-1782909327014968
-1782906508829456
-1782906510300518
-1782906333439572
-1782906791027085
-1782907390793706
-1782904855719092
-1782910391617140
-1782909327097706
-1782906636458404
-1782906640334808
-1782906640952087
-1782906792059486
-1782907453988518
-1782904855802918
-1782910391636850
-1782909327387426
-1782906636499647
-1782906640777777
-1782906641941072
-1782906792157319
-1782907454060601
-1782904855948894
-1782910391779993
-1782909327448225
-1782906636809549
-1782906641069200
-1782906641943033
-1782906792239022
-1782907454174267
-1782904855993888
-1782910392189394
-1782909327536286
-1782906636824138
-1782906641175374
-1782906642042375
-1782906792321879
-1782907454213748
-1782904856078070
-1782910392288950
-1782909327583614
-1782906637090017
-1782906641807522
-1782906642898513
-1782906792412050
-1782907454305034
-1782904856080179
-1782910392373977
-1782909327588528
-1782906637141204
-1782906641851216
-1782906643002899
-1782906792473272
-1782907454307188
-1782904856215128
-1782910392459150
-1782909327590522
-1782906637335827
-1782906641938988
-1782906643088170
-1782906792612926
-1782907454476959
-1782904856240915
-1782910392582158
-1782909327717489
-1782906637450894
-1782906642044375
-1782906643180630
-1782906792615109
-1782907455465812
-1782905102406390
-1782910576210080
-1782909515399412
-1782906637711727
-1782906642202614
-1782906643315205
-1782906792661989
-1782907455468519
-1782905102515778
-1782910576312810
-1782909515402517
-1782906637905666
-1782906642204828
-1782906643354765
-1782906792784068
-1782907455470929
-1782905102559589
-1782910576317976
-1782909515404534
-1782906638267202
-1782906642252636
-1782906643470209
-1782906792809436
-1782907455472851
-1782905102658801
-1782910576408889
-1782909515429331
-1782906638402312
-1782906642561450
-1782906643478827
-1782906792811651
-1782907455474816
-1782905161713564
-1782910578994536
-1782909516820706
-1782906638488673
-1782906642604930
-1782906643630764
-1782906792913422
-1782907455476681
-1782905161935636
-1782910579107171
-1782909516915266
-1782906638608039
-1782906642656603
-1782906643673792
-1782906857172707
-1782907455478631
-1782905162018963
-1782910579336525
-1782909516917149
-1782906638708531
-1782906642708039
-1782906643722956
-1782906857256055
-1782907455480483
-1782905168272599
-1782910579437878
-1782909516919086
-1782906757076451
-1782906758456004
-1782906759099114
-1782906857399585
-1782907577301273
-1782905168278649
-1782910579594267
-1782909517004631
-1782906757112618
-1782906758561427
-1782906759185665
-1782906857454121
-1782907577396349
-1782905168280782
-1782910579610614
-1782909517444629
-1782906762029158
-1782906763685992
-1782906764205253
-1782906857499148
-1782907578932002
-1782905168282636
-1782910579696293
-1782909517553566
-1782906762141818
-1782906763805286
-1782906764288906
-1782906857599428
-1782907579021885
-1782905168404390
-1782910579846250
-1782909517582322
-1782906762221862
-1782906763807264
-1782906764376656
-1782906857849254
-1782907579096124
-1782905168533603
-1782910579848309
-1782909517723047
-1782906762503410
-1782906763897065
-1782906764526673
-1782906857853889
-1782907579261381
-1782905169447482
-1782910579999054
-1782909517853752
-1782907004889185
-1782907009484066
-1782907008886964
-1782907009258304
-1782907641846316
-1782905169489487
-1782910580084620
-1782909517855822
-1782907005416411
-1782907009652100
-1782907009087370
-1782907010349723
-1782907641862073
-1782905169494834
-1782910580086664
-1782909517900922
-1782907005504875
-1782907009699506
-1782907009384056
-1782907010351891
-1782907641965270
-1782905169496812
-1782910580165659
-1782909517973391
-1782907005594277
-1782907009844850
-1782907373486134
-1782907010359524
-1782907642015172
0
0
0
-1782907367842066
-1782907372720926
-1782907373555036
-1782907547795349
-1782907642082386
0
0
0
-1782907368223572
-1782907372744758
-1782907373696694
-1782907547874527
-1782907642233888
0
0
0
-1782907368249305
-1782907372750991
-1782907373806094
-1782907547962239
-1782907772180728
0
-1782910761903586
-1782910127461318
-1782907368251337
-1782907372839741
-1782907373821539
-1782907548163668
-1782907772284030
0
0
0
-1782907368253344
-1782907372900442
-1782907374019365
-1782907548165838
-1782907772409207
0
0
0
-1782907368347485
-1782907373022289
-1782907374021349
-1782907548309082
-1782907772526367
0
0
0
-1782907368349495
-1782907373024272
-1782907374613002
-1782907548311171
-1782907772606918
0
0
0
-1782907369078057
-1782907373394468
-1782907374695663
-1782907548575381
-1782907772608903
0
0
0
-1782907369212387
-1782907373913863
-1782907374697648
-1782907548577463
-1782907772733835
0
0
0
-1782907369218156
-1782907550598283
-1782907551318914
-1782907671703649
-1782907897600096
0
0
0
-1782907549579409
-1782907550715341
-1782907551427314
-1782907671836568
-1782907897740565
0
0
0
-1782907852469544
-1782907854119217
-1782907975359809
-1782907985097752
-1782908047199687
-1782905194476121
-1782910762003278
-1782910127608347
-1782907973040641
-1782907974486861
-1782907975362139
-1782907985172658
-1782908047206064
-1782905196291607
-1782910762104378
-1782910130914364
-1782907973115903
-1782907974705586
-1782907975370181
-1782907985230812
-1782908047260709
-1782905196308466
-1782910762184633
-1782910131018791
-1782907973200203
-1782907974784719
-1782907975373426
-1782907985294895
-1782908047368217
0
0
0
-1782907977473159
-1782907979104225
-1782907982079115
-1782907985527257
-1782908047477094
0
0
0
-1782907977511679
-1782907979189396
-1782908289985473
-1782908290461172
-1782908290315830
0
0
0
-1782908284000196
-1782908289631749
-1782908290080116
-1782908291021215
-1782908290722746
0
0
0
-1782908284002200
-1782908289796248
-1782908290463141
-1782908291240592
-1782908291234729
-1782905326545201
-1782910768226217
-1782910491970622
-1782908284233238
-1782908290123214
-1782908290478834
-1782908292143190
-1782908291339992
-1782905326611865
-1782910768318273
-1782910491989621
-1782908284243329
-1782908290231528
-1782908291111686
-1782908293018666
-1782908292371906
-1782905326831898
-1782910768404576
-1782910492078710
-1782908284245429
-1782908290233620
-1782908292234931
-1782908293449342
-1782908292528922
-1782905332302581
-1782910768492770
-1782910493363263
-1782908284248999
-1782908290646678
-1782908292325365
-1782908293573474
-1782908292685923
-1782905332384005
-1782910768795872
-1782910493452840
-1782908284855683
-1782908290677287
-1782908293033293
-1782908293575310
-1782908292733098
-1782905332386028
-1782910768943703
-1782910493454842
-1782908284953734
-1782908291127089
-1782908293118408
-1782908293602102
-1782908293016553
-1782905332397020
-1782910769094265
-1782910493558958
-1782908284955662
-1782908291215388
-1782908293451254
-1782908293738787
-1782908293171652
-1782905332543169
-1782910769255062
-1782910493697622
-1782908285267363
-1782908291230854
-1782908293571579
-1782908293740775
-1782908293173555
-1782905332627595
-1782910769298417
-1782910493780741
-1782908285309089
-1782908291232834
-1782908293857099
-1782908293955702
-1782908293305912
-1782905332695770
-1782910769411447
-1782910493863376
-1782908285579377
-1782908294434489
0
0
-1782908293307884
-1782905332787722
-1782910769689774
-1782910493954061
-1782908285778549
0
0
0
0
-1782905332897566
-1782910769729383
-1782910494041344
0
0
0
0
0
-1782905333027802
-1782910769797569
-1782910494130067
0
0
0
0
0
-1782905333109590
-1782910769844863
-1782910494213305
0
0
0
0
0
-1782906052939867
-1782911628374025
-1782911298686333
0
0
0
0
0
-1782906053033222
-1782911628498440
-1782911298781152
0
0
-1782908295184894
-1782908296054272
-1782908296279358
-1782906053170852
-1782911628599176
-1782911298876758
-1782908288042833
-1782908294479622
-1782908295193943
-1782908296068895
-1782908296512922
-1782906054167001
-1782911628698870
-1782911298964794
-1782908288177713
-1782908294703464
-1782908295281930
-1782908296070851
-1782908296551305
-1782906054218278
-1782911628797811
-1782911299043747
-1782908288731025
-1782908294705897
-1782908295344943
-1782908296101013
-1782908296604806
-1782906054424922
-1782911628861480
-1782911299130045
-1782908288860431
-1782908294721047
-1782908295352007
-1782908296118762
-1782908296699697
-1782906054439710
-1782911628964673
-1782911299257498
-1782908288990354
-1782908294729821
-1782908295353825
-1782908296120678
-1782908296701601
-1782906054594963
-1782911629085038
-1782911301139092
-1782908387459014
-1782908396876855
-1782908397727338
-1782908398503556
-1782908399627160
0
0
0
-1782908387698119
-1782908397095875
-1782908397806317
-1782908398604497
-1782908399629097
0
0
0
-1782908387781412
-1782908397100779
-1782908397882579
-1782908398715329
-1782908399630985
0
0
0
-1782908387863437
-1782908397102767
-1782908397961658
-1782908398796838
-1782908399672694
-1782906077997027
-1782911629100209
-1782911301719339
-1782908387955324
-1782908397116244
-1782908398060770
-1782908398896473
-1782908399679396
-1782906078110785
-1782911629143118
-1782911301721218
-1782908388129411
-1782908397118170
-1782908398189531
-1782908398982706
-1782908399681261
-1782906078198790
-1782911629145201
-1782911301750687
-1782908389970631
-1782908397200038
-1782908398191463
-1782908399344283
-1782908399683109
0
0
0
-1782908390004214
-1782908397218815
-1782908499049303
-1782908499031007
-1782908499589890
-1782906079063102
-1782911629208607
-1782911362046114
-1782908494983539
-1782908497427859
-1782908499051144
-1782908499045174
-1782908499607130
-1782906079345476
-1782911629275841
-1782911362068802
-1782908495038570
-1782908497631401
-1782908499164861
-1782908499047466
-1782908499679339
-1782906079386665
-1782911629277831
-1782911362212078
-1782908495161151
-1782908499012197
-1782908499166710
-1782908499162923
-1782908499681262
-1782906079547474
-1782911629401130
-1782911362336437
-1782908496733890
-1782908499028994
-1782908499168530
-1782908499683128
-1782908500549553
-1782906079680275
-1782911629557957
-1782911362415538
-1782908496735880
-1782908499052970
-1782908499812107
-1782908499789230
-1782908500651216
-1782906079967154
-1782911629585856
-1782911362468133
-1782908496839519
-1782908499123506
-1782908500138140
-1782908500140050
-1782908500654976
-1782906319049466
-1782911739741851
-1782911371258767
-1782908496912617
-1782908499125406
-1782908500147127
-1782908500141906
-1782908500656849
-1782906319815907
-1782911739756954
-1782911371404330
-1782908498099670
-1782908500538396
-1782908500658676
-1782908500777503
-1782908502138059
-1782906319861000
-1782911739844748
-1782911371406326
-1782908498185493
-1782908500540254
-1782908500670998
-1782908501077855
-1782908502224483
-1782906319969888
-1782911739953934
-1782911371446118
-1782908498187463
-1782908500545898
-1782908500672930
-1782908501079749
-1782908502226417
-1782906320010758
-1782911740097289
-1782911371448139
-1782908498280123
-1782908500547731
-1782908500674828
-1782908501081554
-1782908502228251
-1782906321620745
-1782911740256843
-1782911499300670
-1782908558625281
-1782908560747463
-1782908560833791
-1782908562789255
-1782908563236889
-1782906321704397
-1782911740473341
-1782911499383893
-1782908558667774
-1782908560831829
-1782908561179143
-1782908562877682
-1782908563320537
-1782906322659782
-1782911740494000
-1782911500899307
-1782908558669914
-1782908560912967
-1782908561219522
-1782908562879609
-1782908563405205
-1782906322784982
-1782911740579840
-1782911501012174
-1782908558834457
-1782908560914871
-1782908561372772
-1782908562971819
-1782908563550852
-1782906323085546
-1782911740804701
-1782911501185154
-1782908559511271
-1782908560996099
-1782908561526797
-1782908563590674
-1782908564036943
-1782906431425246
-1782911866264663
-1782911556122982
-1782908560090141
-1782908561932436
-1782908625425576
-1782908563735122
-1782908564425250
-1782906431509076
-1782911866271792
-1782911556235762
-1782908560184718
-1782908624535873
-1782908625519678
-1782908626953573
-1782908626911430
-1782906431592885
-1782911866273912
-1782911556559527
-1782908622645846
-1782908624624598
-1782908625717011
-1782908627422058
-1782908627011175
-1782906431679113
-1782911866329781
-1782911556593534
-1782908622725728
-1782908624711348
-1782908625890055
-1782908627425817
-1782908627424017
-1782906431765988
-1782911866441719
-1782911556595676
-1782908622814100
-1782908624876946
-1782908625962979
-1782908627519144
-1782908627463904
-1782906431860201
-1782911866629089
-1782911556597610
-1782908622908739
-1782908625046859
-1782908626330698
-1782908627522895
-1782908627521033
-1782906431899860
-1782911866631156
-1782911557415650
-1782908623038188
-1782908625048883
-1782908626676228
0
0
-1782906434796260
-1782911866667248
-1782911557647704
0
0
0
0
0
-1782906434987664
-1782911866818200
-1782911557757889
0
0
0
0
0
-1782906435080726
-1782911866847606
-1782911557817231
0
0
0
0
0
-1782906435163472
-1782911866898100
-1782911557934216
0
0
0
0
0
-1782906435257910
-1782911866900002
-1782911557997104
0
0
0
0
0
-1782906537015241
-1782911868913261
-1782911562132271
0
0
0
0
0
-1782906537103151
-1782911868993510
-1782911562134248
0
0
0
0
0
-1782906537157865
-1782911869081062
-1782911562136506
0
0
0
0
0
-1782906537256712
-1782911869167393
-1782911562533445
0
0
0
0
0
-1782906537357833
-1782911869344135
-1782911562539824
0
0
0
0
0
-1782906537498979
-1782911869422095
-1782911562579643
0
0
0
0
0
-1782906537521206
-1782911869497301
-1782911562651925
0
0
0
0
0
-1782906537900442
-1782911869526180
-1782911562736600
0
0
0
0
0
-1782906537902770
-1782911869774196
-1782911562738874
0
0
0
0
0
-1782906537904602
-1782911869819339
-1782911562812231
0
0
0
0
0
-1782906537906529
-1782911869870792
-1782911562814218
0
0
0
0
0
-1782906537940004
-1782911869920541
-1782911564158690
0
0
0
0
0
-1782906538625313
-1782911870156623
-1782911565052241
0
0
0
0
0
-1782906538641160
-1782911870189877
-1782911565054228
0
0
0
0
0
-1782906538643235
-1782911870263240
-1782911565120073
0
0
0
0
0
-1782906538765317
-1782911870422568
-1782911565121974
0
0
0
0
0
-1782906538897895
-1782911870531020
-1782911565123940
0
0
0
0
0
-1782906538930369
-1782911870532962
-1782911565125837
0
0
0
0
0
-1782906539185707
-1782911870572602
-1782911565157031
0
0
0
0
0
-1782906539423429
-1782911870574518
-1782911565184877
0
0
0
0
0
-1782906539425491
-1782911870674296
-1782911565187123
0
0
0
0
0
-1782906539670044
-1782911870682066
-1782911565219234
0
0
0
0
0
0
0
0
-1782908627567191
-1782908625628064
-1782908630817658
-1782908630701287
-1782908628957590
0
0
0
-1782908627712276
-1782908630513849
-1782908630819653
-1782908630815697
-1782908629219154
0
0
0
-1782908627714371
-1782908630895513
-1782908631020972
-1782908630924735
-1782908629268262
0
0
0
-1782908627716270
-1782908630920723
-1782908631026202
-1782908630926557
-1782908631672386
0
0
0
-1782908627718396
-1782908630922895
-1782908631209193
-1782908631019058
-1782908631678266
0
0
0
-1782908627720268
-1782908631028235
-1782908631215035
-1782908631207313
-1782908631680126
0
0
0
-1782908627903484
-1782908631205389
-1782908631216952
-1782908633687416
-1782908631681948
-1782906539672301
-1782911870684173
-1782911565224979
-1782908629371970
-1782908631833799
-1782908632624159
-1782908633703101
-1782908634137233
-1782906539969026
-1782911870686173
-1782911565226922
-1782908629411889
-1782908632123532
-1782908632741117
-1782908633705147
-1782908634255646
-1782906602128163
-1782911873343437
-1782911565342972
-1782908629614887
-1782908632125505
-1782908632946903
-1782908633706973
-1782908634257632
-1782906602216624
-1782911873423242
-1782911565371507
-1782908629617764
-1782908632127337
-1782908632954128
-1782908633708821
-1782908634259490
-1782906602302677
-1782911873499919
-1782911565373397
-1782908629759647
-1782908632132237
-1782908633057240
-1782908633768444
-1782908634261392
-1782906602390462
-1782911873579294
-1782911565375381
-1782908629761648
-1782908632272946
-1782908633059293
-1782908634132460
-1782908634263232
-1782906602489140
-1782911873659484
-1782911565377457
-1782908629767997
-1782908632274821
-1782908633111079
-1782908754640131
-1782908755437786
-1782906602572873
-1782911873759130
-1782911565405448
0
0
0
0
0
0
0
0
0
0
0
-1782908754776454
-1782908755521573
0
0
0
-1782908751812579
-1782908753261583
-1782908754109177
-1782908754921281
-1782908755523591
0
0
0
0
0
0
0
0
-1782906602574998
-1782911873844745
-1782911565407415
0
0
0
0
0
-1782906602658891
-1782911873924283
-1782911565482124
0
0
0
0
0
-1782906602660897
-1782911873926344
-1782911570221655
0
0
0
0
0
-1782906602749474
-1782911874015882
-1782911570255831
0
0
0
0
0
0
0
0
0
0
0
0
0
0
0
0
0
0
0
0
0
0
0
0
0
0
0
0
0
0
-1782911874096199
-1782911570423773
0
0
0
0
0
-1782906602751589
-1782911874193760
-1782911570425798
0
0
0
0
0
-1782906602841165
-1782911874326784
-1782911570427757
0
0
0
0
0
-1782906602904308
-1782911874363932
-1782911570429695
0
0
0
0
0
-1782906705069035
-1782911876287464
-1782911571936785
0
0
0
0
0
-1782906705109821
-1782911876388534
-1782911572006622
0
0
0
0
0
-1782906705194156
-1782911876471735
-1782911693796453
0
0
0
0
0
-1782906892577320
-1782911998984591
-1782911694609279
0
0
0
0
0
-1782906892629368
-1782911999126146
-1782911695037612
0
0
0
0
0
0
0
0
0
0
0
0
0
0
0
0
0
0
0
0
0
-1782906892631446
-1782911999221517
-1782911695076834
0
0
0
0
0
-1782906892655344
-1782911999263313
-1782911813967466
0
0
0
0
0
-1782906892657343
-1782911999396387
-1782911814040678
0
0
0
0
0
-1782906892732968
-1782912000204439
0
0
0
0
0
0
-1782906892939897
-1782912000293058
-1782911814152130
0
0
0
0
0
-1782906893115250
-1782912000335556
-1782911814610326
0
0
0
0
0
-1782906893117365
-1782912000452493
-1782911814612424
0
0
0
0
0
-1782906893149462
-1782912000491568
-1782911814614411
0
0
0
0
0
0
0
0
0
0
0
0
0
0
0
0
0
0
0
0
0
0
0
0
0
0
0
0
0
-1782906957280581
-1782912000627273
-1782911876901307
0
0
0
0
0
-1782906957480907
-1782912000629527
-1782911876964635
0
0
0
0
0
-1782906957590628
-1782912000677110
-1782911877851021
-1782908876915059
-1782908878480125
-1782908879876282
-1782908880351012
-1782908881210290
-1782906957635175
-1782912000852989
-1782911877905768
-1782908877003903
-1782908878596125
-1782908879885154
-1782908880447386
-1782908881287951
0
0
0
-1782908877774747
-1782908878635519
-1782908879887079
-1782908880484613
-1782908881440790
0
0
0
-1782908877862767
-1782908879215716
-1782908879958507
-1782908880659165
-1782908881585899
0
0
0
-1782908877864842
-1782908879364770
-1782908879989911
-1782908880685282
-1782908881623270
0
0
0
-1782908877870586
-1782908879417461
-1782908880075207
-1782908880833204
-1782908881731349
0
0
0
0
0
0
0
0
0
0
0
0
0
0
0
0
0
0
0
0
0
0
0
0
0
0
0
0
0
0
0
0
0
-1782912000859447
-1782911878045181
0
0
0
0
0
-1782906957744010
-1782912001002041
-1782911878132179
0
0
0
0
0
-1782906957746218
-1782912001039259
-1782911878178743
0
0
0
0
0
-1782906957929783
-1782912001090914
-1782911878180780
0
0
0
0
0
0
0
0
0
0
0
0
0
0
0
0
0
0
0
0
0
0
0
0
0
0
0
0
0
0
0
0
0
0
0
0
0
0
0
0
0
0
0
0
0
0
0
0
0
0
0
0
0
0
0
0
0
0
0
0
0
0
0
0
0
0
0
0
0
0
0
0
0
0
0
0
0
0
0
0
0
0
0
0
0
0
0
0
0
0
0
0
0
0
0
0
0
0
0
0
0
-1782906960105098
-1782912300590091
-1782911880258278
0
0
0
0
0
-1782906960188058
-1782912300724546
-1782911880346921
0
0
0
0
0
-1782906960190028
-1782912301907562
-1782911880432769
0
0
0
0
0
-1782906960270470
-1782912301991324
-1782911880519715
0
0
0
0
0
-1782906960272361
-1782912302076597
-1782911880619912
0
0
0
0
0
-1782906960367124
-1782912302161017
-1782911881169157
0
0
0
0
0
-1782906960640916
-1782912302308772
-1782911881253545
0
0
0
0
0
-1782907187700585
-1782912428281387
-1782912124773636
0
0
0
0
0
-1782907187787521
-1782912428397867
-1782912124845470
0
0
0
0
0
0
0
0
0
0
0
0
0
0
0
0
0
0
0
0
0
0
0
0
0
0
0
0
0
0
0
0
0
0
0
0
0
0
0
0
-1782908949658579
0
0
0
0
0
0
0
0
0
0
0
0
0
0
0
0
0
0
0
0
0
0
0
0
0
0
0
0
0
0
0
0
0
0
0
0
0
0
0
0
0
0
0
0
0
0
0
0
0
0
0
0
0
0
0
0
0
0
0
0
0
0
0
0
0
0
0
0
0
0
0
0
0
0
0
0
-1782907187789865
-1782912428501244
-1782912125795846
0
0
0
0
0
-1782907192651959
-1782912428597157
-1782912125904995
0
0
0
0
0
0
0
0
0
0
0
0
0
0
0
0
0
0
0
0
0
0
0
0
0
0
0
0
0
0
0
0
0
0
0
0
0
0
0
0
0
0
0
0
0
0
0
0
0
0
0
0
0
-1782907192740379
-1782912428680343
-1782912126016093
0
0
0
0
0
-1782907208540341
-1782912428761860
-1782912127587586
0
0
0
0
0
-1782907208577380
-1782912429198238
-1782912127809129
0
0
0
0
0
0
0
0
0
0
0
0
0
-1782907208661925
-1782912429286059
-1782912127811099
0
0
0
0
0
-1782907208813678
-1782912429319236
-1782912127931556
0
0
0
0
0
-1782907208890475
-1782912429401876
-1782912128121386
0
0
0
0
0
-1782907209997057
-1782912548911550
0
-1782909072399362
-1782909074821426
-1782909077091429
0
0
0
0
0
-1782909072480578
-1782909075224045
-1782909077093414
-1782909077171000
-1782909079074244
0
0
0
-1782909072571348
-1782909075325680
-1782909077098984
-1782909077172880
-1782909079182487
-1782907210247976
-1782912548998401
-1782912129745600
-1782909073925939
-1782909077257706
-1782909078658061
-1782909078617627
-1782909079184419
-1782907210388010
-1782912549082412
-1782912129823266
-1782909073978656
-1782909077632275
-1782909078660018
-1782909078661871
-1782909079186258
-1782907210402725
-1782912549233320
-1782912129831640
-1782909074153009
-1782909077634210
-1782909078663754
-1782909078667514
-1782909079315180
-1782907210537907
-1782912549326521
-1782912130153710
-1782909074378941
-1782909077636049
-1782909078665630
-1782909078765256
-1782909079317100
-1782907210862702
-1782912549458842
-1782912130196122
-1782909074380994
-1782909077665831
-1782909078763375
-1782909079037866
-1782909081149689
-1782907210864649
-1782912549605979
-1782912130198070
-1782909075828918
-1782909079922218
-1782909079876494
-1782909080314092
-1782909081451063
-1782907210989679
-1782912549633396
-1782912130200064
-1782909075830963
-1782909079924042
-1782909079920344
-1782909080316148
-1782909081453006
-1782907211003665
-1782912549714196
-1782912130201922
-1782909075833020
-1782909080017082
-1782909079925868
-1782909080495581
-1782909081543359
-1782907211385515
-1782912549866028
-1782912130251129
-1782909075838847
-1782909080018924
-1782909080015177
-1782909080497449
-1782909081568315
-1782907211552006
-1782912549961694
-1782912130354039
-1782909075840739
-1782909080023792
-1782909080317970
-1782909080917525
-1782909081572035
-1782907211577501
-1782912550062404
-1782912130356178
-1782909076078707
-1782909080357596
-1782909080355714
-1782909080923083
-1782909081573874
-1782907213028265
-1782912550157087
0
-1782909076112956
-1782909080431662
-1782909080499300
-1782909081151611
-1782909081575756
-1782907213065727
-1782912550174211
0
-1782909076114984
-1782909080493371
-1782909080555562
-1782909081570191
-1782909081577553
-1782907213083354
-1782912550229520
0
-1782909076128783
-1782909080557504
-1782909081018815
-1782909081910358
-1782909081859474
-1782907213208528
-1782912550293651
0
-1782909076130798
-1782909080559327
-1782909081023733
-1782909081938420
-1782909081861457
-1782907213212473
-1782912550372964
0
-1782909076234301
-1782909080915633
-1782909082454613
-1782909082565752
-1782909082546043
-1782907213214471
-1782912550452199
0
-1782909077807888
-1782909081346686
-1782909082456561
-1782909082658562
-1782909082549651
-1782907213216331
-1782912550537938
0
-1782909077809830
-1782909081393190
-1782909082458416
-1782909082660431
-1782909082551578
-1782907213218261
-1782912550566936
0
-1782909322946879
-1782909336402004
-1782909335778746
-1782909338473357
-1782909338307638
-1782907213220138
-1782912550654002
0
-1782909322980103
-1782909336864697
-1782909335951812
-1782909338478857
-1782909338323862
-1782907213222067
-1782912550736033
0
-1782909323149047
-1782909336956234
-1782909336772223
-1782909338480681
-1782909338471372
-1782907213375856
-1782912550818954
0
-1782909327764738
-1782909337085429
-1782909338475222
-1782909339247011
-1782909340511977
-1782907213377910
-1782912550969903
0
-1782909327892350
-1782909337123096
-1782909338477051
-1782909339287677
-1782909340657572
-1782907213379811
-1782912550984433
0
-1782909328167195
-1782909337267539
-1782909338482506
-1782909339606236
-1782909340702628
-1782907213427269
-1782912551067237
0
-1782909328181996
-1782909337269760
-1782909338502619
-1782909339687869
-1782909340798190
-1782907213434328
-1782912552206282
0
-1782909328710792
-1782909337406798
-1782909338968176
-1782909339772226
-1782909344771626
-1782907213436364
-1782912552421252
0
-1782909339887035
-1782909341844195
-1782909342796452
-1782909343489029
-1782909344787969
-1782907213438206
-1782912552483866
0
-1782909451463938
-1782909455130465
-1782909458818156
-1782909343595246
-1782909344789978
-1782907213440161
-1782912552572009
0
-1782909515516031
22982162827
22982339487
22980351339
22980256041
25289275998
19950180411
1782932502987263
23105534750
23101225815
23101332964
23099192146
23098758178
25407808071
20069083135
1782932621734818
23106162655
23101813167
23101903820
23099290503
23099304562
25408567778
20069746763
0
-1782909515939169
-1782909520378721
-1782909520092291
-1782909523120658
-1782909522984378
-1782907213804533
-1782912552704143
0
-1782909515961897
-1782909520380651
-1782909520413794
-1782909524053215
-1782909524018341
-1782907213806415
-1782912552751840
0
-1782909517092220
-1782909521880772
-1782909523685405
-1782909524386582
-1782909524139960
-1782907213808472
-1782912552838357
0
-1782909517174368
-1782909522014584
-1782909523687308
-1782909524579266
-1782909524145637
-1782907213810340
-1782912552846382
0
-1782909517262158
-1782909522150680
-1782909523689092
-1782909524581071
-1782909524147679
-1782907213812315
-1782912552880816
0
-1782909518267363
-1782909522336522
-1782909523690867
-1782909524582907
-1782909524210113
-1782907213895434
-1782912552955147
0
-1782909518285138
-1782909522415722
-1782909523692615
-1782909524644418
-1782909524223750
-1782907213992996
-1782912552957270
0
-1782909518419574
-1782909522845317
-1782909523694375
-1782909524646308
-1782909524388431
-1782907213994934
-1782912552988580
0
0
0
0
0
0
-1782907269554941
-1782912553072911
0
0
0
0
0
0
-1782907269556952
-1782912553074800
0
0
0
0
0
0
-1782907269558943
-1782912553102043
0
-1782909519324828
-1782909523675833
-1782909523696177
-1782909524932899
-1782909524440365
-1782907269564719
-1782912553197997
0
-1782909519416764
-1782909523677953
-1782909523701112
-1782909524934613
-1782909524458147
-1782907269579430
-1782912553200034
0
-1782909519419041
-1782909523679860
-1782909523702903
-1782909524936313
-1782909524577318
-1782907269581339
-1782912553225328
0
-1782909519421004
-1782910133813492
-1782910134095418
0
0
-1782907269583404
-1782912553311379
0
0
0
0
0
0
-1782907269585350
-1782912553338464
0
0
0
0
0
0
-1782907269630697
-1782912553392712
0
0
0
0
0
0
-1782907269791338
-1782912553477898
0
0
0
0
0
0
-1782907269795474
-1782912553505522
0
0
0
0
0
0
-1782907269797441
-1782912553507410
0
0
0
0
0
0
-1782907270015051
-1782912554292487
0
0
0
0
-1782910136165901
-1782910136011101
-1782907391483037
-1782912736931129
-1782912132728096
0
0
0
0
0
-1782907455870114
-1782912739459696
0
0
0
0
0
0
-1782907455954327
-1782912740428968
0
0
0
0
0
0
-1782907455956473
-1782912740433921
0
0
0
0
0
0
-1782907455962730
-1782912740438018
0
0
0
0
0
0
-1782907456034900
-1782912740442055
0
0
0
0
0
0
-1782907456146741
-1782912740445977
0
0
0
0
-1782910136361404
-1782910137299926
-1782907578218550
-1782912740450080
-1782912136008485
-1782910126774521
-1782910133987781
-1782910135780779
-1782910136686241
-1782910137606641
-1782907578297809
-1782912862095795
-1782912136159565
-1782910128067488
-1782910134349090
-1782910135866825
-1782910136699640
-1782910137729930
-1782907578377127
-1782912862222989
-1782912136286990
-1782910128301356
-1782910134364766
-1782910136214727
-1782910136923580
-1782910137886253
-1782907578536213
-1782912862358583
-1782912136325233
-1782910128454170
-1782910134505531
-1782910136311035
-1782910137193455
-1782910138215451
-1782907578571930
-1782912862498302
-1782912136327206
-1782910128938157
-1782910134547486
-1782910136784186
-1782910137422482
-1782910138233111
-1782907578685565
-1782912862625809
-1782912136329085
-1782910129065431
-1782910134571030
-1782910136921555
-1782910137917630
-1782910138507106
-1782907579492869
-1782912862823726
-1782912136424071
-1782910129530694
-1782910134747781
-1782910137451988
-1782910138581375
-1782910138511952
-1782907579583721
-1782912862848133
-1782912136426009
-1782910129832994
-1782910134752398
-1782910137562523
-1782910139412678
-1782910139004374
-1782907579674932
-1782912863020557
-1782912136428026
-1782910130396529
-1782910134866870
-1782910138001923
-1782910139498039
-1782910139018457
-1782907580149774
-1782912863144486
-1782912141374114
-1782910130496541
-1782910135045322
-1782910138038880
-1782910139645477
-1782910139127670
-1782907580155328
-1782912863261001
-1782912141376420
-1782910130751172
-1782910135083744
-1782910138601993
-1782910139730431
-1782910139259677
-1782907580157291
-1782912863293938
-1782912141378334
-1782910131155008
-1782910135209930
-1782910138758344
-1782910139777071
-1782910139374924
-1782907580217502
-1782912863332980
-1782912141380397
-1782910131261605
-1782910135248532
-1782910252746324
-1782910254274619
-1782910255185214
-1782907642588480
-1782912864404822
0
-1782910245411492
-1782910251538101
-1782910252828283
-1782910254276753
-1782910255289804
-1782907773994006
-1782912879855219
0
-1782910245453297
-1782910251622313
-1782910252878623
-1782910254308229
-1782910255398133
-1782907774001973
-1782912881752463
0
-1782910245528022
-1782910251624330
-1782910253031705
-1782910254310274
-1782910255539521
-1782907774067734
-1782912881838749
0
-1782910245653912
-1782910251708201
-1782910253033666
-1782910254312120
-1782910255541490
-1782907774071441
-1782912881844473
0
-1782910245656048
-1782910251794899
-1782910253067241
-1782910254316923
-1782910255543320
-1782907774073409
-1782912881846619
0
-1782910245816339
-1782910251880833
-1782910253331578
-1782910254421827
-1782910255545136
-1782907774086292
-1782913305577580
0
-1782910245899174
-1782910251977532
-1782910253433758
-1782910254434336
-1782910255577922
-1782907898891470
-1782913305765840
0
-1782910246723695
-1782910252255763
-1782910253454393
-1782910254436273
-1782910255661813
-1782907898982591
-1782913305884506
0
-1782910246792031
-1782910252257737
-1782910253561725
-1782910254763548
-1782910255752058
-1782907899113313
-1782913305886725
0
-1782910246834212
-1782910252344127
-1782910253564647
-1782910254765480
-1782910255753999
-1782907899302935
-1782913305972629
0
-1782910246949060
-1782910252353511
-1782910253638734
-1782910254767287
-1782910255755809
-1782907899308182
-1782913306061372
0
-1782910247002741
-1782910252415899
-1782910253640739
-1782910254795885
-1782910255906841
-1782907899310210
-1782913306116808
0
-1782910247145894
-1782910252417852
-1782910253645703
-1782910254848256
-1782910255908751
-1782907903639537
-1782913306239829
0
-1782910247182479
-1782910252550078
-1782910253806790
-1782910254850159
-1782910255992180
-1782907903742262
-1782913306245392
0
-1782910427323077
-1782910431039957
-1782910431392807
-1782910431685373
-1782910432736408
-1782908052900046
-1782913311868050
-1782912196650857
-1782910427326182
-1782910431055633
-1782910431415625
-1782910431741389
-1782910432959580
-1782908052911789
-1782913311870089
-1782912196727197
-1782910427477075
-1782910431279707
-1782910431544971
-1782910431772250
-1782910433336075
-1782908053058556
-1782913311902901
-1782912196851624
-1782910427654042
-1782910431281688
-1782910431547025
-1782910431914485
-1782910433577501
-1782908053068755
-1782913311904835
-1782912196987374
-1782910428297675
-1782910432725573
-1782910432738214
-1782910434245853
-1782910433579450
-1782908053258440
-1782913311944068
-1782912197107143
-1782910428396625
-1782910432734259
-1782910433337999
-1782910434247791
-1782910434202152
-1782908053260549
-1782913311970690
-1782912197109216
-1782910428674292
-1782910432893718
-1782910433339836
-1782910434249624
-1782910434243978
-1782908053265559
-1782913312004507
-1782912197146685
-1782910428681400
-1782910432895774
-1782910433341684
-1782910434251433
-1782910435113323
0
-1782913417318093
-1782912197260142
-1782910428817629
-1782910433573715
-1782910433581349
-1782910434253254
-1782910435184124
0
0
0
-1782910428919831
-1782910433575639
-1782910434453526
-1782910434377130
-1782910435186089
0
0
0
-1782910429210387
-1782910433625723
-1782910434455329
-1782910434451654
-1782910435189886
0
0
0
-1782910430129606
-1782910433627629
-1782910435004754
-1782910434460301
-1782910435191722
0
0
0
-1782910430329096
-1782910433629438
-1782910435006694
-1782910434584761
-1782910435193544
0
0
0
-1782910430331173
-1782910433631290
-1782910435008570
-1782910434586741
-1782910435195392
0
0
0
-1782910430333084
-1782910433633138
-1782910435013603
-1782910434588564
-1782910435496389
-1782908296995184
-1782913480421028
-1782912332206034
-1782910430335069
-1782910433634955
-1782910435015556
-1782910434593305
-1782910435693092
0
0
0
-1782910431976576
-1782910433636759
-1782910435188044
-1782910434595333
-1782910435893351
0
0
0
-1782910492162536
-1782910495157248
-1782910495204765
-1782910495494021
-1782910496257483
0
0
0
-1782910492269102
-1782910495199225
-1782910495206728
-1782910495517869
-1782910496286355
-1782908297031204
-1782913480536416
-1782912332335284
-1782910492433271
-1782910495212236
-1782910495208598
-1782910495746718
-1782910496288263
-1782908297111655
-1782913480638410
-1782912332443511
-1782910492552292
-1782910495214023
-1782910495210431
-1782910495748615
-1782910496290080
-1782908297408092
-1782913481532019
-1782912335746352
-1782910492554380
-1782910496423617
-1782910497238082
-1782910498048045
-1782910498583986
-1782908400272682
-1782913482492329
-1782912335888929
-1782910494215234
-1782910496604711
-1782910497484018
-1782910498098756
-1782910498675782
-1782908400386226
-1782913482574091
-1782912336050107
-1782910494328698
-1782910496606643
-1782910497567857
-1782910498100678
-1782910498841581
-1782908400434980
-1782913482576187
-1782912336097507
-1782910494496467
-1782910496680999
-1782910625455002
-1782910626590768
-1782910627528149
-1782908400499757
-1782913482578227
-1782912336181173
-1782910619657957
-1782910621911604
-1782910625538999
-1782910626798666
-1782910627625680
-1782908400753810
-1782913482580102
-1782912336344923
-1782910619825874
-1782910622002506
-1782910625574376
-1782910626889146
-1782910627629520
-1782908400767103
-1782913482582099
-1782912336429931
-1782910619925001
-1782910622142003
-1782910625666793
-1782910626978309
-1782910627631461
-1782908400854813
-1782913482583989
-1782912336515003
-1782910619927111
-1782910748380057
-1782910749860306
-1782910749699456
-1782910750522693
-1782908500536334
-1782913486183047
-1782912387773925
-1782910741236186
-1782910748421502
-1782910750018659
-1782910749778976
-1782910750595811
-1782908500542072
-1782913486197540
-1782912387841697
-1782910741346039
-1782910748428302
-1782910866527009
-1782910866702993
-1782910867417642
-1782908500544031
-1782913486287024
-1782912387986048
-1782910864518703
-1782910865536256
-1782910866545892
-1782910866883341
-1782910867500778
-1782908502439743
-1782913486450861
-1782912388241329
-1782911052352287
-1782911053969646
-1782911303413247
-1782911303367431
-1782911304773173
0
0
0
-1782911297225105
-1782911301264744
-1782911303415182
-1782911303408204
-1782911304775155
-1782908502531353
-1782913486549416
-1782912388253054
-1782911297231001
-1782911301537060
-1782911303422936
-1782911303419302
-1782911305136768
0
0
0
-1782911297370941
-1782911301541727
-1782911303424830
-1782911303421122
-1782911305138660
0
0
0
-1782911297373149
-1782911301555790
-1782911303769341
-1782911303765617
-1782911305316124
0
0
0
-1782911297463573
-1782911301557765
-1782911303774491
-1782911303767489
-1782911305318016
0
0
0
-1782911297516423
-1782911301559627
-1782911303785273
-1782911303781312
-1782911305693109
0
0
0
-1782911297565396
-1782911301565217
-1782911303787086
-1782911303783442
-1782911305695039
-1782908502621526
-1782913486684733
-1782912388260701
-1782911297840743
-1782911301567109
-1782911303792636
-1782911303788992
-1782911305779212
-1782908502810262
-1782913486839600
-1782912388262736
-1782911297872657
-1782911301715498
-1782911303794471
-1782911303790834
-1782911305866342
-1782908563930476
-1782913487542887
0
-1782911298231462
-1782911301717414
-1782911303885591
-1782911303883711
-1782911305868228
0
0
0
-1782911298237612
-1782911304629705
-1782911304725216
-1782911305195001
-1782911305870102
0
0
0
-1782911299298711
-1782911304723294
-1782911304777018
-1782911305323384
-1782911307426947
0
0
0
-1782911299600897
-1782911304727297
-1782911305116046
-1782911305696877
-1782911307481086
0
0
0
-1782911299614909
-1782911304729147
-1782911305196969
-1782911305875127
-1782911307482921
-1782908564145427
-1782913487635834
-1782912389702247
-1782911299738780
-1782911305118045
-1782911305198809
-1782911305878850
-1782911307495771
-1782908564265869
-1782913487718274
-1782912389743224
-1782911299743474
-1782911305119963
-1782911305449478
-1782911305996824
-1782911307497771
-1782908564281057
-1782913487809228
-1782912389901681
-1782911299897383
-1782911305267317
-1782911305540973
-1782911306051902
-1782911307550994
-1782908564679777
-1782913487811224
-1782912511008302
-1782911299899310
-1782911305271117
-1782911305702386
-1782911306142789
-1782911307661474
-1782908564777855
-1782913487889518
-1782912511037702
-1782911299924543
-1782911305273037
-1782911305777290
-1782911306145015
-1782911308050902
-1782908564871336
-1782913487931604
-1782912511145074
-1782911300071426
-1782911305542900
-1782911305877022
-1782911306222952
-1782911308170756
-1782908628437106
-1782913488304805
-1782912511785058
-1782911300073494
-1782911305544753
-1782911307475574
-1782911306224882
-1782911312125665
-1782908628959443
-1782913488349706
-1782912511862371
-1782911300381680
-1782911305549893
-1782911307486611
-1782911307473608
-1782911312844045
-1782908629100221
-1782913488351810
-1782912511948424
-1782911300494146
-1782911306354399
-1782911307488509
-1782911307484768
-1782911312845881
-1782908629104699
-1782913488431308
-1782912512061368
-1782911301752642
-1782911306356334
-1782911307501411
-1782911307499584
-1782911312853204
0
0
0
-1782911301866093
-1782911306392161
-1782911307503271
-1782911307663357
-1782911312855124
0
0
0
-1782911301867997
-1782911306508250
-1782911307665168
-1782911308206747
-1782911312857221
0
0
0
-1782911301896916
-1782911306599266
-1782911307841903
-1782911312128089
-1782911312859041
0
0
0
-1782911302042420
-1782911306601182
-1782911308208631
-1782911312137618
-1782911312866369
0
0
0
-1782911302044594
-1782911306603016
-1782911312130058
-1782911312139447
-1782911312868179
0
0
0
-1782911302046518
-1782911307477438
-1782911312131888
-1782911312141263
-1782911312870006
0
0
0
-1782911302048458
-1782911307479271
-1782911312143072
-1782911312847736
-1782911312871811
0
0
0
-1782911302050375
-1782911307490318
-1782911312145032
-1782911312860849
-1782911312873612
-1782908630432908
-1782913488433305
-1782912512083141
-1782911302081141
-1782911307492146
-1782911312156097
-1782911312875463
-1782911312877268
-1782908630444855
-1782913488528669
-1782912513051514
-1782911302223710
-1782911307493936
-1782911312157906
-1782911312937452
-1782911312879067
0
0
0
-1782911302225727
-1782911307541927
-1782911312159705
-1782911312954160
-1782911312880884
0
0
0
-1782911302227600
-1782911307543797
-1782911312161503
-1782911312959823
-1782911312882691
0
0
0
-1782911302260998
-1782911307549030
-1782911312165160
-1782911312961602
-1782911312884584
0
0
0
-1782911302412042
-1782911307878189
-1782911312166995
-1782911312963383
-1782911312886423
-1782908630446856
-1782913488607667
-1782912513141668
-1782911302414012
-1782911307993235
-1782911312168817
-1782911312965184
-1782911312941198
-1782908634425133
-1782913488767210
-1782912513183995
-1782911302451477
-1782911308048972
-1782911312170627
-1782911312966983
-1782911312943092
-1782908634925094
-1782913488872113
-1782912513277048
-1782911302453484
-1782911308264046
-1782911312172440
-1782911312968709
-1782911312944972
-1782908634980047
-1782913489144149
-1782912513316897
-1782911303869724
-1782911312097382
-1782911312174288
-1782911312970523
-1782911312946803
0
0
0
-1782911303871837
-1782911312133803
-1782911312176140
-1782911312972369
-1782911312948630
0
0
0
-1782911303879443
-1782911312135660
-1782911312839747
-1782911312974221
-1782911312950470
0
0
0
-1782911303881638
-1782911312150433
-1782911312849565
-1782911312976012
-1782911312952340
0
0
0
-1782911303890571
-1782911312152390
-1782911312851389
-1782911312977811
-1782911312956100
0
0
0
-1782911303892726
-1782911312154240
-1782911312862672
-1782911312979621
-1782911312957945
0
0
0
-1782911303984520
-1782911312163312
-1782911312864521
-1782911364963019
-1782911367042143
-1782908752290110
-1782913600155186
-1782912518082936
-1782911362592654
-1782911364010352
-1782911364472379
-1782911365042258
-1782911367702689
-1782908756056570
-1782913600232589
-1782912518191789
-1782911362606052
-1782911364015964
-1782911364558992
-1782911365130728
-1782911367870468
-1782908756180526
-1782913600333063
-1782912518221221
-1782911362745763
-1782911366989333
-1782911370205450
-1782911371294130
-1782911369109915
-1782908756271144
-1782913600469449
-1782912518297584
-1782911365624825
-1782911367462724
-1782911370254456
-1782911371562091
-1782911369390608
-1782908756354007
-1782913600588162
-1782912518374890
-1782911365789443
-1782911368800581
-1782911370272074
-1782911371604465
-1782911371292189
-1782908757173568
-1782913600821133
-1782912518448946
-1782911365906914
-1782911368887224
-1782911370274001
-1782911371619663
-1782911371450046
0
0
0
-1782911366063369
-1782911368984190
-1782911370384917
-1782911371761257
-1782911371602565
0
0
0
-1782911366169392
-1782911369186216
-1782911370401082
-1782911371800725
-1782911371606325
0
0
0
-1782911366260850
-1782911369265904
-1782911370402970
-1782911372587697
-1782911373665129
0
0
0
-1782911366360247
-1782911369348526
-1782911370860954
-1782911372930864
-1782911373667004
0
0
0
-1782911367872700
-1782911370945340
-1782911372147674
-1782911372938337
-1782911373759362
0
0
-1782912518529730
-1782911368131170
-1782911370947230
-1782911372437638
-1782911372943367
-1782911373761185
-1782908876263806
-1782913706484153
-1782912883761111
-1782911368261544
-1782911371026438
-1782911372439595
-1782911372975371
-1782911373769871
-1782908876340540
-1782913706563528
-1782912883850310
-1782911368502870
-1782911371107767
-1782911372441431
-1782911373046337
-1782911373841565
-1782908878892321
0
0
-1782911369501905
-1782911372498042
-1782911372666210
-1782911373048186
-1782911373843448
0
0
0
-1782911369503906
-1782911372585759
-1782911372977250
-1782911373152198
-1782911373845262
0
0
0
-1782911369548140
-1782911372668090
-1782911373044204
-1782911374570334
-1782911373850962
0
-1782913706690104
-1782912883931422
-1782911371892073
-1782911373604687
-1782911374164071
-1782911374674294
-1782911375530402
-1782908878982125
-1782913706807388
-1782912883977205
-1782911371896373
-1782911373726308
-1782911374209023
-1782911374759019
-1782911375546671
-1782908879038079
-1782913706959173
-1782912884059699
-1782911371898268
-1782911373757410
-1782911374300652
-1782911374845212
-1782911375548517
-1782908882433177
-1782913707086121
-1782912884157245
-1782911371911196
-1782911373766036
-1782911374306037
-1782911374929900
-1782911375550326
-1782908882546660
-1782913707197112
-1782912884294366
-1782911372004973
-1782911373767997
-1782911374307985
-1782911375014486
-1782911375605482
-1782908882548903
0
0
-1782911498660507
-1782911508258976
-1782911510230059
-1782911510544291
-1782911511726190
0
0
0
-1782911498767720
-1782911508354244
-1782911510271897
-1782911510612885
-1782911511947916
0
0
-1782912884332152
-1782911499487878
-1782911508462741
-1782911510273977
-1782911510799967
-1782911512117984
-1782908882554534
-1782913707350888
-1782912884823193
-1782911499862857
-1782911508591069
-1782911510275840
-1782911510941005
-1782911512708024
-1782908882556613
-1782913707402874
-1782912884901749
-1782911499968975
-1782911508679335
-1782911510438464
-1782911511554466
-1782911512817171
-1782908882558624
-1782913707517583
-1782912885130437
-1782911500138844
-1782911508766274
-1782911510943157
-1782911511825646
-1782911512819073
-1782908882635018
-1782913707611473
-1782912885268507
-1782911500244016
-1782911508871850
-1782911510975796
-1782911512263517
-1782911512927884
-1782908887535915
-1782913808690133
-1782913004447137
-1782911500660032
-1782911508997964
-1782911511024686
-1782911512306575
-1782911513101000
-1782908887563989
-1782913808802120
-1782913004453400
-1782911500761001
-1782911509123563
-1782911511075952
-1782911512308552
-1782911513125848
0
-1782913808847504
-1782913004457577
-1782911501357827
-1782911509223444
-1782911511160069
-1782911512422019
-1782911513244852
-1782908887677946
-1782913808913014
-1782913004461777
-1782911501648585
-1782911509374901
-1782911511408027
-1782911512526080
-1782911513622620
0
0
0
-1782911501820492
-1782911509458404
-1782911511409974
-1782911512702964
-1782911513624514
0
0
0
-1782911502015901
-1782911509561484
-1782911511411889
-1782911513277142
-1782911513804679
0
0
0
-1782911502318825
-1782911509642657
-1782911511429979
-1782911513816899
-1782911513814993
0
0
0
-1782911556735592
-1782911559201233
-1782911559199240
-1782911559206833
-1782911559675488
0
0
0
-1782911556737590
-1782911559203091
-1782911559219913
-1782911559218071
-1782911559838816
0
-1782913809010299
-1782913004465873
-1782911556942748
-1782911559204946
-1782911559229758
-1782911564099209
-1782911564044093
-1782908887826323
-1782913809607182
-1782913004470056
-1782911558136948
-1782911560329363
-1782911561674812
-1782911565060946
-1782911565059031
-1782908887919309
-1782913809691145
-1782913064643870
-1782911558165872
-1782911560434817
-1782911562015809
-1782911565155121
-1782911565153231
-1782908953915928
-1782913810537423
-1782913064700855
-1782911558315234
-1782911560438745
-1782911562138408
-1782911565223024
-1782911565221154
-1782908954044829
-1782913810578694
-1782913064841292
-1782911558317252
23058366785
23056725270
23053903998
23053999311
25665194974
20808823769
21554421296
23061215625
23059049117
-1782911562304117
-1782911565309071
-1782911565307216
0
0
0
-1782911558563613
-1782911560607567
-1782911562463733
-1782911565312718
-1782911565310928
0
0
0
-1782911562946357
23058836871
23057144968
23054537143
23054620559
25665743905
20809535615
21555111457
23057311292
23053376025
23053473416
23054760158
23054843416
25662560430
-1782913810634344
-1782913065075711
-1782911563014287
-1782911566969572
-1782911566986752
-1782911566981177
-1782911567025178
-1782908959394627
-1782913810691979
-1782913065266035
-1782911563147811
-1782911566977295
-1782911566995187
-1782911566983137
-1782911567027056
-1782908959505436
-1782913810751044
-1782913065267933
-1782911565484049
-1782911567384593
-1782911567955972
-1782911568519218
-1782911567028896
-1782908959649667
-1782913810810361
-1782913067139540
-1782911565486011
-1782911567386503
-1782911567957880
-1782911568521068
-1782911569621406
-1782908959651909
-1782913932051016
-1782913494833226
-1782911565513261
-1782911567388313
-1782911567959792
-1782911568522860
-1782911569656773
-1782909082567740
-1782913932123626
-1782913494966472
-1782911565515264
-1782911567433908
-1782911567961617
-1782911568524698
-1782911569658688
-1782909082656609
-1782913932203414
-1782913495061848
-1782911565517181
-1782911567467539
-1782911568271474
-1782911568526526
-1782911569660511
-1782909082665680
-1782913932280987
-1782913495163491
-1782911565576229
-1782911567499230
-1782911568502348
-1782911568678955
-1782911569662326
-1782909082667700
-1782913932311217
-1782913495272837
-1782911565578142
-1782911567714019
-1782911568504347
-1782911568842847
-1782911569664193
-1782909082702514
-1782913932362724
-1782913495378084
-1782911565681005
-1782911567715942
-1782911568506227
-1782911568980169
-1782911569666012
-1782909083050607
-1782913933467199
-1782913495486316
-1782911571056645
-1782911567748969
-1782911568514084
-1782911569091186
-1782911569796634
-1782909083052689
-1782913933545796
-1782913495635927
-1782911572008639
-1782911573591902
-1782911573513342
-1782911574224570
-1782911574576626
-1782909142823287
-1782913933623052
-1782913495807180
-1782911572082709
-1782911573751351
-1782911574678395
-1782911576092825
-1782911576762854
-1782909142980057
-1782914056433882
-1782913801044719
-1782911572084706
-1782911573858501
-1782911574724681
-1782911576119907
-1782911576854375
-1782909267372510
-1782914056512700
-1782913801113560
-1782911572086591
-1782911573936696
-1782911574820976
-1782911576121974
-1782911576856273
-1782909267379825
-1782914056546780
-1782913801192206
-1782911572165682
-1782911573938631
-1782911574867803
-1782911576123821
-1782911576955989
-1782909267465978
-1782914056602806
-1782913801270036
-1782911572167621
-1782911574085291
-1782911575187365
-1782911576125692
-1782911576957913
-1782909267508309
-1782914057233472
-1782913801359550
-1782911572169601
-1782911574087188
-1782911575189276
-1782911576136223
-1782911576959727
-1782909267602171
-1782914058896971
-1782914162667927
-1782911572663723
-1782911575231149
-1782911576130443
-1782911576866113
-1782911577004066
-1782909340346352
-1782914059001931
-1782914163026769
-1782911572713772
-1782911575346265
-1782911576132447
-1782911577104507
-1782911577005958
-1782909340431144
-1782914059090569
-1782914163057426
-1782911572715691
-1782911575353667
-1782911576138011
-1782911577408579
-1782911577007812
-1782909340843343
-1782914059181896
-1782914163185538
-1782911572880476
-1782911575551375
-1782911576204885
-1782911577410439
-1782911577391877
-1782909340845348
-1782914059408011
-1782914163390515
-1782911572882413
-1782911575554955
-1782911576206782
-1782911577412266
-1782911577401293
-1782909340973839
-1782914059451763
-1782914163441557
-1782911572884361
-1782911575556863
-1782911576212943
-1782911577414089
-1782911577403348
-1782909340975816
-1782914059484690
-1782914165678210
-1782911691750933
-1782911694503570
-1782911698779901
-1782911577499705
-1782911700756953
-1782909341110274
-1782914059569140
-1782914165760144
-1782911691852965
-1782911694611407
-1782911698862594
-1782911577550969
-1782911700842610
-1782909341151337
-1782914059597267
-1782914165847756
-1782911692030883
-1782911694613334
-1782911698943895
-1782911700162348
-1782911700856378
-1782909341279834
-1782914059626517
-1782914165934235
-1782911692190450
-1782911694718313
-1782911699066016
-1782911700242004
-1782911700858290
-1782909345228626
-1782914059897493
-1782914221977200
-1782911693347520
-1782911695780768
-1782911699118396
-1782911700247379
-1782911700990711
-1782909345267742
-1782914060009022
-1782914222090671
-1782911693430927
-1782911695831492
-1782911699183715
-1782911700249347
-1782911700992642
-1782909345269719
-1782914060068556
-1782914222168925
-1782911693803328
-1782911695833576
-1782911699444622
-1782911700262603
-1782911701117827
-1782909345275552
-1782914060158639
-1782914222388562
-1782911695161146
-1782911696669864
-1782911699446581
-1782911700264519
-1782911701219379
-1782909345350526
-1782914060384425
-1782914222441429
-1782911695163320
-1782911696755062
-1782911699512583
-1782911700347312
-1782911701314057
-1782909345364255
-1782914060399894
-1782914222585532
-1782911695205903
-1782911696838555
-1782911699618893
-1782911700349226
-1782911701364193
-1782909461533039
-1782914127077684
-1782914226915645
-1782911814628041
-1782911696993958
-1782911699620843
-1782911700667561
-1782911701378526
-1782909461547856
-1782914127196676
-1782914227028214
-1782911814630028
-1782911816852513
-1782911816955835
-1782911817082465
-1782911817544594
-1782909461631796
-1782914127318714
-1782914227119749
-1782911814796316
-1782911817067546
-1782911816957729
-1782911817084395
-1782911817725873
-1782909522069260
-1782914127406857
-1782914245965112
-1782911815535968
-1782911818324243
-1782911819055442
-1782911819749623
-1782911820858417
-1782909522148753
-1782914127487473
-1782914246229202
-1782911815618452
-1782911818459068
-1782911819145560
-1782911820002912
-1782911820860305
-1782909522383195
-1782914127634484
-1782914246330333
-1782911815716738
-1782911818579226
-1782911819237107
-1782911820085974
-1782911820862187
-1782909522413720
-1782914127667038
-1782914246604819
-1782911815845885
-1782911818615453
-1782911819363527
-1782911820164926
-1782911820864097
-1782909522908471
-1782914127751578
-1782914246685419
-1782911815847903
-1782911818617381
-1782911819366265
-1782911820166869
-1782911820865965
-1782909522913126
-1782914127762211
-1782914246766866
-1782911815939673
-1782911818725902
-1782911819417093
-1782911820243957
-1782911820867805
-1782909522973742
-1782914127828314
-1782914246846405
-1782911816017074
-1782911818727847
-1782911819568972
-1782911820416219
-1782911820869634
-1782909524137998
-1782914128080858
-1782914246976463
-1782911816128058
-1782911818729755
-1782911819912328
-1782911820418145
-1782911820871455
-1782910138082719
-1782914392171014
-1782915521896768
-1782911877040244
-1782911891435239
-1782911891960216
-1782911894577643
-1782911894951559
-1782910256416716
-1782914394489958
-1782916012824762
-1782911877418403
-1782911891772415
-1782911892240332
-1782911895054653
-1782911895483817
-1782910256418739
-1782914394588503
-1782916012930683
-1782911877507339
-1782911892462323
-1782911892803252
-1782911895707788
-1782911895631351
-1782910256420605
-1782914394678673
-1782916013018072
-1782911877615956
-1782911892560720
-1782911892913245
-1782911896523238
-1782911896161476
-1782910433375843
-1782914516090964
-1782916141181968
-1782911878596370
-1782911893086502
-1782911895190071
-1782911897268961
-1782911896265934
-1782910435895274
-1782914516565858
-1782916141271115
-1782911878648274
-1782911893358547
-1782911895293093
-1782911897345240
-1782911896408659
-1782910493149730
-1782914517231910
-1782916149977070
-1782911879115278
-1782911893533732
-1782911895790078
-1782911897347166
-1782911896419083
-1782910493269509
-1782914517347600
-1782916150175565
-1782911879207109
-1782911893696285
-1782911895874114
-1782911897506020
-1782911896733074
-1782910496259528
-1782914517391762
-1782916150628951
-1782911879637452
-1782911893804233
-1782911896610940
-1782911897520398
-1782911896870991
-1782910499233432
-1782914517507075
-1782916151250698
-1782911879758962
-1782911893942458
-1782911896658337
-1782911897709293
-1782911896872885
-1782910499279496
-1782914517654099
-1782916151579088
-1782911880716116
-1782911894184685
-1782911897003055
-1782911897711383
-1782911896961516
-1782910499438349
-1782914517656171
-1782916151715467
-1782911881405874
-1782911894354361
-1782911897129567
-1782911897716216
-1782911897191811
-1782910499586299
-1782914517797579
-1782916151717542
-1782911881500821
-1782911894771830
-1782911897374601
-1782912006039307
-1782912006825532
-1782910499713794
-1782914517827614
-1782916151868440
-1782912002764505
-1782912004586214
-1782912005220518
-1782912006085668
-1782912007028927
-1782910625962855
-1782914527340050
-1782916511291042
-1782912124964560
-1782912127266148
-1782912128941712
-1782912128856815
-1782912129415213
-1782910625977192
-1782914527628390
-1782916511302039
-1782912125071304
-1782912127386465
-1782912129410060
-1782912129417107
-1782912129511915
-1782910625979343
-1782914527762073
-1782916511372108
-1782912125187022
-1782912127388445
-1782912129508135
-1782912129516715
-1782912129599912
-1782910626011420
-1782914527855827
-1782916511724983
-1782912125238693
-1782912127390289
-1782912129510062
-1782912129601835
-1782912129603694
-1782910626013469
-1782914528009914
-1782916511727208
-1782912126173694
-1782912131573948
-1782912131794050
-1782912132048611
-1782912129740240
-1782910626132754
-1782914528099910
-1782916511729168
-1782912126291313
-1782912131576810
-1782912131796062
-1782912132065084
-1782912133993556
-1782910626148621
-1782914528188889
-1782916511949724
-1782912126335441
-1782912131578815
-1782912131797912
-1782912132067379
-1782912134151381
-1782910626307603
-1782914528325988
-1782916511951620
-1782912126446231
-1782912131580713
-1782912131917362
-1782912132112105
-1782912134153341
-1782910627964295
-1782914648481557
-1782916512093272
-1782912126486632
-1782912131582578
-1782912131919223
-1782912132114013
-1782912134155190
-1782910628104581
-1782914648636557
-1782916512180598
-1782912126706464
-1782912131584412
-1782912131921062
-1782912132197228
-1782912134157051
-1782910628192251
-1782914648647483
-1782916512182639
-1782912126708595
-1782912131586318
-1782912131922874
-1782912134329016
-1782912134160815
-1782910628206355
-1782914648759400
-1782916512296816
-1782912127773212
-1782912131941631
-1782912134330969
-1782912134340214
-1782912134338392
-1782910628208526
-1782914648787616
-1782916512411592
-1782912127775257
-1782912131973223
-1782912134332814
-1782912134498907
-1782912134497050
-1782910628284192
-1782914649600609
-1782916512426116
-1782912127777167
-1782912132046641
-1782912134342042
-1782912134669197
-1782912134664366
-1782910628286335
-1782914649729937
-1782916512460501
-1782912128162966
-1782912134158920
-1782912134504040
-1782912135202717
-1782912137590450
-1782910751075100
-1782914774268112
-1782916522737855
-1782912130412263
-1782912134334637
-1782912134505883
-1782912135348285
-1782912137592276
-1782910751154513
-1782914774415310
-1782916522844005
-1782912130417159
-1782912134336571
-1782912134941883
-1782912135458181
-1782912137694749
-1782910751241028
-1782914774714956
-1782916522948361
-1782912130559962
-1782912134485637
-1782912134974219
-1782912135534729
-1782912137696622
-1782910867929420
-1782914775932191
-1782916762168179
-1782912130561944
-1782912134487573
-1782912135106469
-1782912135633778
-1782912137979630
-1782911049438541
-1782914775948227
-1782917141475562
-1782912130563956
-1782912134495000
-1782912135191831
-1782912135640039
-1782912137981494
-1782911049485012
-1782914944460448
-1782917255371714
-1782912130566228
-1782912134658763
-1782912135350168
-1782912135882671
-1782912138158358
-1782911049605837
-1782914944467035
-1782917255483712
-1782912130594547
-1782912134660688
-1782912135351991
-1782912135924195
-1782912138160159
-1782911050088592
-1782914944504871
-1782917255597521
-1782912130596535
-1782912134662541
-1782912135536648
-1782912137594139
-1782912138869920
-1782911050252448
-1782914944670313
-1782917255776555
-1782912130645258
-1782912134976119
-1782912135631861
-1782912137771637
-1782912139575496
-1782911050342986
-1782914944723582
-1782917255907367
-1782912130924423
-1782912134998733
-1782912135788804
-1782912137989474
-1782912139577351
-1782911050530143
-1782914944744832
-1782917256022243
-1782912131024571
-1782912135000586
-1782912135790706
-1782912138165153
-1782912139592123
-1782911051616731
-1782914944874901
-1782917256286971
-1782912131026577
-1782912135193759
-1782912135929391
-1782912138875099
-1782912139593939
-1782911051697984
-1782914945130552
-1782917256418807
-1782912131028496
-1782912135195585
-1782912135931341
-1782912139579181
-1782912139595740
-1782911051778434
-1782914945215452
-1782917256512488
-1782912131033225
-1782912135200787
-1782912136006548
-1782912139602339
-1782912139610885
-1782911057069633
-1782914945463229
-1782917256856076
-1782912131035457
-1782912135353828
0
-1782912139620124
0
-1782911057154328
-1782914945496258
-1782917257068396
0
-1782912135389969
0
-1782912139866182
0
-1782911057156669
-1782914945605631
-1782917257244352
0
0
0
0
0
-1782911057163468
-1782914945715164
-1782917257246416
0
0
0
0
0
-1782911057356597
-1782914945798801
-1782917257372923
0
0
0
0
0
-1782911303417417
-1782915264158608
-1782917502304083
0
0
0
0
0
-1782911303763675
-1782915264251074
-1782917503611790
0
0
0
0
0
-1782911312842094
-1782915264382668
-1782917503681191
0
0
0
0
0
-1782911367106683
-1782915386938984
-1782917503759300
0
0
0
0
0
-1782911367266683
-1782915387099935
-1782917526382396
0
0
0
0
0
-1782911367283284
-1782915387200625
-1782917526470902
0
0
0
0
0
-1782911367459818
-1782915387240992
-1782917526553862
0
0
0
0
0
-1782911367765985
-1782915387415215
-1782917526650570
0
0
0
0
0
-1782911369768749
-1782915387417423
-1782917526733567
0
0
0
0
0
-1782911369787502
-1782915387517308
-1782917526810413
0
0
0
0
0
-1782911373668947
-1782915387599209
-1782917526983057
0
0
0
0
0
-1782911373671089
-1782915387680672
-1782917527061157
0
0
0
0
0
-1782911373673125
-1782915387813344
-1782917527153561
0
0
0
0
0
-1782911373675040
-1782915387884287
-1782917527255845
0
0
0
0
0
-1782911374032223
-1782915387964980
-1782917527396570
0
0
0
0
0
-1782911374309907
-1782915388073270
-1782917527477415
0
0
0
0
0
-1782911374344428
-1782915388078858
-1782917527699483
0
0
0
0
0
-1782911511626803
-1782915639000722
-1782917775149186
0
0
0
0
0
-1782911513423046
-1782915639090229
-1782917775258587
0
0
0
0
0
-1782911513424957
-1782915639268876
-1782917775363462
0
0
0
-1782912140028415
-1782912139612830
-1782911513457684
-1782915639358861
-1782917775449262
-1782912132201220
-1782912137501876
-1782912137595959
-1782912140030300
-1782912139614659
-1782911513947328
-1782915639414738
-1782917775560302
-1782912132203170
-1782912137588571
-1782912137773580
-1782912140032113
-1782912139616481
-1782911513949554
-1782915639416915
-1782917775565214
-1782912132288664
-1782912137689866
-1782912137873273
-1782912140097329
-1782912139618316
-1782911560436880
-1782915639561294
-1782917776964064
-1782912132290570
-1782912137692769
-1782912137992622
-1782912140099215
-1782912139670203
-1782911564127845
-1782915641285839
-1782917777010954
-1782912132319850
-1782912137955215
-1782912137994562
-1782912140128387
-1782912139813710
-1782911564129800
-1782915641455349
-1782917777184030
-1782912132384774
-1782912137977673
-1782912138643916
-1782912140130257
-1782912139821709
-1782911564156769
-1782915641458029
-1782917777269543
-1782912132712479
-1782912138154391
-1782912138645887
-1782912140132080
-1782912139823719
-1782911566971474
-1782915641459982
-1782917777545834
-1782912132714391
-1782912138156461
-1782912138877002
-1782912140133873
-1782912139828507
-1782911566973547
-1782915641461957
-1782917777653182
-1782912132862565
-1782912138725880
-1782912138919043
-1782912140135707
-1782912139830369
-1782911566975389
-1782915641463959
-1782917777737607
-1782912133036272
-1782912139571624
-1782912139580984
-1782912140137510
-1782912139864199
-1782911570293991
-1782915641470981
-1782917777821781
-1782912133074284
-1782912139573616
-1782912139582788
-1782912140147787
-1782912140008134
-1782911570295915
-1782915641523350
-1782917777914857
-1782912133076198
-1782912139584694
-1782912139607177
-1782912140761217
-1782912140024711
-1782911570298085
-1782915641611759
-1782917777995142
-1782912133109077
-1782912139590220
-1782912139609017
-1782912140763106
-1782912140026591
-1782911570302588
-1782915641887282
-1782917779147462
0
0
0
0
0
-1782911576134331
-1782915641975267
-1782917779181454
0
0
0
0
0
-1782911576215012
-1782915642084705
-1782917779183562
0
0
0
0
0
-1782911576216944
-1782915642253440
-1782917779259210
0
0
0
0
0
-1782911576381245
-1782915642347239
-1782917779358388
0
0
0
0
0
-1782911576383221
-1782915642349272
-1782917779360328
0
0
0
0
0
-1782911578052587
-1782915642440100
-1782917779471687
0
0
0
0
0
-1782911578054569
-1782915642442082
-1782917779695228
0
0
0
0
0
-1782911578092623
-1782915642443956
-1782917779741476
-1782912136010490
-1782912140943797
-1782912140995553
-1782912141307108
-1782912142264950
-1782911578143798
-1782915642595627
-1782917779800609
-1782912136430003
-1782912141303355
-1782912141279873
-1782912141308953
-1782912142285971
-1782911578145760
-1782915642597524
-1782917779880038
-1782912136431881
-1782912141305258
-1782912141310743
-1782912141319896
-1782912142287947
-1782911578151090
-1782915642599524
-1782917800033299
-1782912136778026
-1782912141314406
-1782912141312580
-1782912146754835
-1782912142411983
-1782911578153079
-1782915642691282
-1782917800180408
-1782912136799984
-1782912141316213
-1782912141321708
-1782912147126958
-1782912148040261
-1782911701726625
-1782915769559177
-1782917814700506
-1782912136801996
-1782912141318082
-1782912146643593
-1782912147204638
-1782912148171107
-1782911701770164
-1782915769712443
-1782917814794640
-1782912141382277
-1782912145331840
-1782912146670307
-1782912147218099
-1782912148173037
-1782911701838085
-1782915769821765
-1782917814885327
-1782912141384257
-1782912145404344
-1782912146838614
-1782912147326252
-1782912148270859
-1782911701931886
-1782915769923865
-1782917815108320
-1782912141389324
-1782912145455258
-1782912146840569
-1782912147328154
-1782912148276145
-1782911818185144
-1782915769926015
-1782917856208166
-1782912141391307
-1782912145600344
-1782912147473816
-1782912147330014
-1782912148451336
-1782911820890902
-1782915770024116
-1782917856425590
-1782912141393186
-1782912145602435
0
0
0
-1782911820892902
-1782915770117636
-1782917856514266
0
0
0
0
0
-1782911820894815
-1782915770145010
-1782917856605282
0
0
0
0
0
-1782911894688541
-1782915770237430
-1782917858762732
0
0
0
0
0
-1782911895342888
-1782915770335949
-1782917858842867
0
0
0
0
0
-1782911896041370
-1782915770382094
-1782917858921622
0
0
0
0
0
-1782911896660493
-1782915770470839
-1782917859048638
0
0
0
0
0
-1782912013595801
-1782915776942950
-1782917916831788
0
0
0
0
0
-1782912013682741
-1782915777032927
-1782917916984540
-1782912141709874
-1782912145805420
-1782912147475819
-1782912148083566
-1782912148453239
-1782912013774620
-1782915777141227
-1782917917024101
-1782912141728104
-1782912145943047
-1782912147477668
-1782912148174913
-1782912148477376
-1782912013909716
-1782915777229539
-1782917917150497
-1782912141818399
-1782912145976333
-1782912147479511
-1782912148483297
-1782912148578571
-1782912014014615
-1782915777276162
-1782917917261463
-1782912141901355
-1782912146059085
-1782912147492685
-1782912148768682
-1782912148671707
-1782912014104761
-1782915777375082
-1782917917263535
-1782912141946773
-1782912146061169
-1782912147494576
-1782912148807465
-1782912148761272
-1782912014208504
-1782915777514535
-1782917917383379
-1782912142427045
-1782912146063077
-1782912147496409
-1782912148944563
-1782912148763147
-1782912014387998
-1782915777777883
-1782917917411214
-1782912142467683
-1782912146098674
-1782912147624431
-1782912149035852
-1782912148765022
-1782912131913442
-1782915784365470
-1782918167516585
-1782912142469838
-1782912146672259
-1782912147741598
-1782912149037781
-1782912148766867
-1782912137597784
-1782915784559478
-1782918167597837
-1782912142471707
-1782912146674078
-1782912147795633
0
-1782912148805571
0
0
0
0
0
0
0
0
0
0
0
0
0
0
0
0
0
0
0
0
0
0
0
0
0
0
0
0
0
0
0
0
0
0
0
0
0
0
0
0
0
0
0
0
0
0
0
0
0
0
0
0
0
0
0
0
0
0
0
0
0
0
0
0
0
0
0
0
0
0
0
0
-1782912137951263
-1782915784697750
-1782918167690506
0
0
0
0
0
-1782912138138156
-1782915784819058
-1782918168016191
0
0
0
0
0
-1782912138683892
-1782915784885893
-1782918168018272
0
0
0
0
0
-1782912138924079
-1782915785102209
-1782918168023625
0
0
0
0
0
0
0
0
0
0
0
0
0
0
0
0
0
0
0
0
0
0
0
0
0
0
0
0
0
0
0
0
0
0
0
0
0
0
0
0
0
0
0
0
0
0
0
0
0
0
0
0
0
-1782912143900346
-1782915785187784
-1782918168025835
0
0
0
0
0
-1782912144024554
-1782915785276433
-1782918168027702
0
0
0
0
0
-1782912148085508
-1782915785575113
-1782918168184578
0
0
0
0
0
-1782912148267026
-1782915785667160
0
0
0
0
0
0
0
0
0
0
0
0
0
0
0
0
0
0
0
0
0
0
0
0
0
0
0
0
0
0
0
0
0
0
0
0
0
0
0
0
0
0
0
0
0
0
0
0
0
0
0
0
0
0
0
0
0
0
0
0
0
0
0
0
0
0
0
0
0
0
-1782912148268981
-1782915785719235
-1782918168186609
0
0
0
0
0
0
0
0
0
0
0
0
0
0
0
0
0
0
0
0
0
0
0
0
0
0
0
0
0
0
0
0
0
0
0
0
0
0
0
0
0
0
0
0
0
0
0
0
0
0
0
0
0
0
0
0
0
0
0
0
0
0
0
0
0
0
0
0
0
0
0
0
-1782912197287170
-1782912199554131
-1782912200508886
-1782912201652641
-1782912202078972
0
0
0
-1782912197289155
-1782912199661022
-1782912200629458
-1782912201654671
-1782912202197030
-1782912149504551
-1782915785805571
-1782918168279614
-1782912197437131
-1782912199709041
-1782912200785804
-1782912201656599
-1782912202433363
-1782912149506514
-1782915785922440
-1782918168362445
-1782912197439043
-1782912199818958
-1782912200800117
-1782912201660989
-1782912202435285
-1782912149518292
-1782915786011703
-1782918169144836
-1782912197577357
-1782912199853766
-1782912200823056
-1782912201662867
-1782912202463016
-1782912149520465
-1782915786065307
-1782918169224640
-1782912197624837
-1782912199998150
-1782912200961007
-1782912201664739
-1782912202465023
-1782912149522450
-1782915786150314
-1782918169616774
-1782912197626875
-1782912200067838
-1782912200962920
-1782912201698783
-1782912202466885
-1782912149527756
-1782915786295323
-1782918169618721
-1782912197641914
-1782912200236107
-1782912200999797
-1782912201811981
-1782912202468723
-1782912202183665
-1782915789010721
-1782918288750783
-1782912257478634
-1782912260037014
-1782912260356858
-1782912260354073
-1782912260762786
-1782912269602605
-1782915790363510
-1782918291967570
-1782912257555060
-1782912260125085
-1782912261920239
-1782912262259877
-1782912262693020
-1782912269709280
-1782915790465929
-1782918292020815
-1782912259084246
-1782912261120695
-1782912261927722
-1782912262343128
-1782912262775259
-1782912269787511
-1782915790548130
-1782918292132693
-1782912259200108
-1782912261259927
-1782912262023334
-1782912262370065
-1782912262922836
-1782912269871479
-1782915790668109
-1782918292176899
-1782912259465840
-1782912261422808
-1782912262372094
-1782912263016345
-1782912263253085
-1782912269927419
-1782915790673345
-1782918292304092
0
0
0
0
0
0
0
0
0
0
0
0
0
0
0
0
0
0
0
0
0
0
0
0
0
0
0
0
0
0
0
0
0
0
0
0
0
0
0
0
0
0
0
0
0
0
0
0
0
0
0
0
0
0
0
0
0
0
0
0
26771880009
26769902426
23322230627
20636059642
26890050589
26879306150
26876320572
26877926900
26877452205
26875224008
23427932962
20741663802
26890237536
26879823961
-1782912346729297
-1782912345604943
-1782912345776972
-1782912348394286
-1782915795542382
-1782918481881478
-1782912333903009
-1782912344100747
-1782912347410269
-1782912346347521
-1782912345919210
-1782912348432790
-1782915795623432
-1782918482152440
-1782912334348533
-1782912344230215
-1782912347496750
-1782912347007518
-1782912346039965
-1782912348643135
-1782915795760671
-1782918482274089
-1782912334746817
-1782912344570362
-1782912347872290
-1782912347093863
-1782912346071691
-1782912348645428
-1782915795863850
-1782918482290131
-1782912335291748
-1782912344667417
-1782912348065674
-1782912347177994
-1782912346163205
-1782912348701377
-1782915795967929
-1782918482428940
-1782912336606093
-1782912344928286
-1782912348070850
-1782912347265411
-1782912346216390
-1782912348838548
-1782915795972931
-1782918482470829
-1782912337075986
-1782912345036582
-1782912348134122
-1782912347668820
-1782912346760445
-1782912348964120
-1782915796087883
-1782918482557046
-1782912337465363
-1782912345273040
-1782912348223589
-1782912347716081
-1782912346894782
-1782912348966146
-1782915796338880
-1782918482559095
-1782912388276834
-1782912390400909
-1782912391185875
-1782912391364397
-1782912392269216
-1782912393263594
-1782915796908249
-1782918606201970
-1782912388348074
-1782912390666859
-1782912391274517
-1782912391450573
-1782912392509167
-1782912393315303
-1782915796910384
-1782918606318683
-1782912388432364
-1782912390757099
-1782912391585840
-1782912391499985
-1782912392687012
-1782912393823373
-1782915796997290
-1782918606368391
-1782912388522385
-1782912390773295
-1782912391882018
-1782912391716177
-1782912393942223
-1782912394458513
-1782915797442757
-1782918606502853
-1782912390132740
-1782912392088947
-1782912392374958
-1782912393369421
-1782912394042322
-1782912394538586
-1782915797566156
-1782918606628091
-1782912390292980
-1782912392169841
-1782912392794615
-1782912393465233
-1782912394122457
-1782912394619995
-1782915797656768
-1782918606705887
-1782912390298927
-1782912392494963
-1782912392873395
-1782912393578854
-1782912394124451
-1782912526244308
-1782915863785137
-1782918976340965
-1782912511293876
-1782912512754960
-1782912523910383
-1782912524841697
-1782912525530598
-1782912526249092
-1782915863802402
-1782918976690806
-1782912511301789
-1782912512988095
-1782912523987422
-1782912524910798
-1782912525645988
-1782912526326333
-1782915863923452
-1782918976997884
-1782912512206225
-1782912514035931
-1782912524093207
-1782912525005660
-1782912525693837
-1782912526581979
-1782915864055551
-1782918977081363
-1782912513427212
-1782912514754318
-1782912524120361
-1782912525046217
-1782912525840564
-1782912526713222
-1782915864193328
-1782918977164395
-1782912513568586
-1782912515422613
-1782912524263770
-1782912526389081
-1782912527248359
-1782912526735369
-1782915864334113
-1782918977304904
-1782912514179738
-1782912515507922
-1782912524266542
-1782912526391066
-1782912527407527
-1782912527375850
-1782915864417486
-1782918977306949
-1782912514850787
-1782912516593531
-1782912524304558
-1782912526446825
-1782912527495820
-1782912527624641
-1782915864543827
-1782918977354189
-1782912514935516
-1782912516676068
-1782912524476417
-1782912526580047
-1782912527506975
-1782912527669777
-1782915864645825
-1782918977477466
-1782912517491089
-1782912519097060
-1782912524505671
-1782912526802098
-1782912528100942
-1782912527791911
-1782915864729083
-1782918977479458
-1782912517574255
-1782912519226127
-1782912524635254
-1782912526804022
-1782912528152105
-1782912527797014
-1782915864770460
-1782918977558779
-1782912518614065
-1782912519876353
-1782912524637196
-1782912526922350
-1782912528248331
-1782912528354690
-1782915864882386
-1782918977693945
-1782912518753888
-1782912520121162
-1782912579441847
-1782912580112891
-1782912580839933
-1782912581323374
-1782915870581944
-1782918982341041
-1782912577429961
-1782912578896812
-1782912579575106
-1782912580236646
-1782912580925080
-1782912581528987
-1782915870685897
-1782918982405750
-1782912577723999
-1782912579790709
-1782912580375551
-1782912581015218
-1782912581563056
-1782912581954460
-1782915870819248
-1782918982480692
-1782912697706445
-1782912698976380
-1782912699760765
-1782912700089557
-1782912700385002
-1782912700703853
0
-1782919231334306
-1782912828191285
-1782912840860489
-1782912840520436
-1782912841075467
-1782912841780298
-1782912842950729
0
-1782919271346000
-1782912884551444
-1782912886889115
-1782912887443144
-1782912887864585
-1782912888362003
-1782912889359356
-1782916000390614
-1782919271416700
-1782912884553512
-1782912887190163
-1782912887448596
-1782912887953277
-1782912888449921
-1782912889446460
-1782916000496941
-1782919271422522
-1782913004474076
-1782913006058408
-1782913006480159
-1782913007011003
-1782913008084034
-1782913008758756
-1782916004220909
-1782919275283728
-1782913004494793
-1782913006136849
-1782913006576218
-1782913007115033
-1782913008174279
-1782913008868075
-1782916004300005
-1782919275671159
-1782913004693206
-1782913006210437
-1782913006662249
-1782913007229630
-1782913008255211
-1782913009175630
-1782916005293610
-1782919276429901
-1782913065329521
-1782913067147439
-1782913067149331
-1782913067736296
-1782913068341849
-1782913068971580
-1782916005378972
-1782919276546428
-1782913067145386
-1782913067247407
-1782913067437577
-1782913068185004
-1782913068603295
-1782913069362423
-1782916005528836
-1782919276760291
-1782913246003455
-1782913247535700
-1782913248409683
-1782913248872959
-1782913249187461
-1782913249795656
0
0
-1782913246078020
-1782913247589249
-1782913248495098
-1782913369109025
-1782913369675810
-1782913370258528
-1782916018323916
0
-1782913366699101
-1782913367949829
-1782913368596477
-1782913369202176
-1782913369759083
-1782913370327649
-1782916194919960
-1782919328452829
-1782913493196098
-1782913502406957
-1782913503884850
-1782913504920784
-1782913507374277
-1782913507849741
-1782916195020533
-1782919328537940
-1782913493886182
-1782913502590055
-1782913504145666
-1782913505025756
-1782913507568285
-1782913508332560
-1782916195277632
-1782919328620437
-1782913494303836
-1782913502815352
-1782913504241147
-1782913505142434
-1782913507692535
-1782913508462674
-1782916195363465
-1782919328723350
-1782913496075347
-1782913502959129
-1782913504381903
-1782913505147418
-1782913507956193
-1782913508849390
-1782916195500447
-1782919328859383
-1782913496423694
-1782913503245619
-1782913504493486
-1782913505208597
-1782913507983251
-1782913508851353
-1782916195583645
-1782919328947517
-1782913496821040
-1782913503362469
-1782913504521030
-1782913505306162
-1782913508088665
-1782913508853188
-1782916195671403
-1782919329033884
-1782913497344521
-1782913503563273
-1782913504635054
-1782913505432497
-1782913508223648
-1782913508895270
-1782916195738487
-1782919329225327
-1782913497578628
-1782913503791912
-1782913504729711
-1782913505434522
-1782913508715428
-1782913508991327
-1782916195843213
-1782919329232406
-1782913498091979
-1782913504050799
-1782913504814385
-1782913505559969
-1782913508718303
-1782913509147541
-1782916195992943
-1782919329528844
-1782913557501410
-1782913559722823
-1782913560314973
-1782913561066727
-1782913561781500
-1782913562514520
-1782916197075520
-1782919349920852
-1782913557871555
-1782913559821182
-1782913560420592
-1782913561290866
-1782913561970601
-1782913562642238
-1782916197200896
-1782919350004920
-1782913558207870
-1782913560018913
-1782913560520608
-1782913561414630
-1782913561985914
-1782913562725554
-1782916257016124
-1782919353123373
-1782913678486483
-1782913680345402
-1782913680633581
-1782913681142309
-1782913681682279
-1782913682471976
-1782916257365832
-1782919353207278
-1782913801410012
-1782913803571341
-1782913804375258
-1782913805677099
-1782913806620232
-1782913807004316
-1782916259903260
-1782919356691573
-1782913801427079
-1782913803622682
-1782913804475244
-1782913805793429
-1782913806627778
-1782913807092577
-1782916259942533
-1782919356776612
-1782913801528275
-1782913803755959
-1782913804518441
-1782913805798532
-1782913806691671
-1782913807209584
-1782916259944619
-1782919356861823
-1782913801530378
-1782913803763758
-1782913804579608
-1782913805866606
-1782913806748205
-1782913807246490
-1782916260037293
-1782919356863864
-1782914222604753
-1782914168412234
-1782914168673489
-1782914169048377
-1782914169594580
-1782914169935375
-1782916568065637
-1782919642758574
-1782914222731174
-1782914224045102
-1782914231116927
-1782914237388322
-1782914236813828
-1782914237826200
-1782916576236436
-1782919643054949
-1782914222920613
-1782914224713419
-1782914231187432
-1782914237540151
-1782914236939497
-1782914237989861
-1782916576319791
-1782919643169799
-1782914223622774
-1782914224803897
-1782914231524636
-1782914237661699
-1782914237019756
-1782914238004813
-1782916576370199
-1782919643523049
-1782914223659749
-1782914229194202
-1782914242409934
-1782914243961031
-1782914244991119
-1782914245510265
-1782916576593889
-1782919644958803
-1782914226046102
-1782914241163465
-1782914245297076
-1782914246442256
-1782914248185006
-1782914250307062
-1782916577318808
-1782919645041806
-1782914226160035
-1782914241249537
-1782914245464252
-1782914247095178
-1782914248387790
-1782914250470155
-1782916577440173
-1782919645229316
-1782914227208647
-1782914241328691
-1782914245685774
-1782914247192082
-1782914248754301
-1782914250484503
-1782916577445597
-1782919645322776
-1782914227306652
-1782914241697714
-1782914245700458
-1782914247456135
-1782914248942813
-1782914250582398
-1782916577504544
-1782919646017065
-1782914228595766
-1782914241699801
-1782914245821213
-1782914247536502
-1782914249157346
-1782914250584478
-1782916577655847
-1782919646112941
-1782914244714082
-1782914254710411
-1782914255751706
-1782914256521156
-1782914257191188
-1782914257898743
-1782916695540349
-1782919646115158
-1782914247413265
-1782914254842753
-1782914255933409
-1782914256607585
-1782914257254369
-1782914257996625
-1782916695641457
-1782919646117058
-1782914247828292
-1782914254945935
-1782914256151317
-1782914256656430
-1782914257376545
-1782914258125819
-1782916695776883
-1782919646200115
-1782914248635313
-1782914255238523
-1782914256372848
-1782914256747940
-1782914257404325
-1782914258221206
-1782916695897331
-1782919646372425
-1782914473554838
-1782914475252222
-1782914476044221
-1782914477101901
-1782914477535001
-1782914478490144
-1782917126641945
-1782919665496395
-1782914473566919
-1782914475453664
-1782914476156890
-1782914477191345
-1782914477577306
-1782914478610004
-1782917126743869
-1782919665512609
-1782914473618391
-1782914475468699
-1782914476302705
-1782914477193267
-1782914477725044
-1782914478757776
-1782917126993439
-1782919665584921
-1782914473706614
-1782914475474467
-1782914476461153
-1782914477195110
-1782914477726925
-1782914478810589
-1782917127220798
-1782919665637703
-1782914474214303
-1782914475709966
-1782914476628789
-1782914477239871
-1782914477865393
-1782914478920367
-1782917127222897
-1782919665708083
-1782914474320652
-1782914611664981
-1782914612220198
-1782914612974781
-1782914613793165
-1782914614498941
-1782917132264174
0
-1782914595997548
-1782914611747892
-1782914612368446
-1782914613058284
-1782914613884433
-1782914614587506
-1782917132368366
0
-1782914960036459
-1782914961208426
-1782914961698743
-1782914962205204
-1782914613975283
-1782914614673164
-1782917438039581
0
-1782915023185671
-1782915025641637
-1782915026013812
-1782915026871251
-1782915027448807
-1782915027232453
-1782917558468202
-1782919894056193
-1782915023616708
-1782915025770376
-1782915026151187
-1782915027007189
-1782915027450857
-1782915027368397
-1782917558540168
-1782919894137242
-1782915023622489
-1782915025777249
-1782915096730203
-1782915101713328
-1782915102609672
-1782915103834624
-1782917681763578
-1782919894218517
-1782915083231128
-1782915084856035
-1782915096823785
-1782915102052325
-1782915102708790
-1782915103942841
-1782917681882453
-1782919894297581
-1782915083311514
-1782915086248799
-1782915096911368
-1782915102079415
-1782915102715944
-1782915103947490
-1782917682000318
-1782919894370976
-1782915084117277
-1782915086343529
-1782915096998341
-1782915102081437
-1782915102848687
-1782915104373991
-1782917682016196
-1782919894452080
-1782915084954578
-1782915086379886
-1782915097084512
-1782915102083312
-1782915103639138
-1782915104388364
-1782917682602502
-1782919894587033
-1782915085042872
-1782915087146557
-1782915097644626
-1782915102085117
-1782915103732774
-1782915104425065
-1782917682695801
-1782919895612566
-1782915085129437
-1782915087234798
-1782915097772504
-1782915102165437
-1782915103734701
-1782915104531070
-1782917682728988
-1782919895727117
-1782915085465389
-1782915087336702
-1782915097791376
-1782915102167292
-1782915103832713
-1782915104637202
-1782917682815804
-1782919895808604
-1782915089534513
-1782915090714864
-1782915097884691
-1782915102207054
-1782915104076066
-1782915104642192
-1782917683003309
-1782919895850641
-1782915089623779
-1782915090805509
-1782915098003528
-1782915102710787
-1782915104189195
-1782915104824739
-1782917683303156
-1782919895959168
-1782915090089059
-1782915091599181
-1782915098005546
-1782915102879746
-1782915104202112
-1782915104833239
-1782917683305341
-1782919896039965
-1782915090215490
-1782915091715913
-1782915098111073
-1782915103010797
-1782915216514392
-1782915216354952
-1782917808414444
-1782920260141003
-1782915211391625
-1782915214455412
-1782915214580114
-1782915216236946
-1782915216820373
-1782915216675319
-1782917808570463
-1782920260404484
-1782915212181506
-1782915217202372
-1782915218240050
-1782915218522501
-1782915219013547
-1782915219767095
-1782917809247384
-1782920260498952
-1782915212265657
-1782915217325902
-1782915218281787
-1782915218661395
-1782915219239541
-1782915219772368
-1782917809414570
-1782920260576350
-1782915213797285
-1782915217430582
-1782915218283800
-1782915218701335
-1782915219341967
-1782915219876763
-1782917809637859
-1782920260676820
-1782915213920502
-1782915217713607
-1782915218375865
-1782915218832112
-1782915275453449
-1782915275738879
-1782917813784430
-1782920263101193
-1782915272408635
-1782915273854990
-1782915274449732
-1782915274909161
-1782915276308357
-1782915343147788
-1782917817456041
-1782920519298467
-1782915519803483
-1782915524104764
-1782915529663226
-1782915530687522
-1782915531143742
-1782915532077430
-1782918039098095
-1782920519347438
-1782915520181729
-1782915524146361
-1782915529750649
-1782915530749299
-1782915531230872
-1782915532181750
-1782918039162428
-1782920519446427
-1782915520843665
-1782915524228474
-1782915529835187
-1782915531314750
-1782915532487786
-1782915533013331
-1782918039292963
-1782920520009250
-1782915521693892
-1782915525049470
-1782915531868394
-1782915531782409
-1782915532591528
-1782915534001911
-1782918039467842
-1782920520484689
-1782915522227110
-1782915525132825
-1782915531947846
-1782915532888702
-1782915532794871
-1782915534152755
-1782918039515310
-1782920520932663
-1782915522638106
-1782915525234004
-1782915532085605
-1782915533390394
-1782915533091401
-1782915534157333
-1782918039597704
-1782920521103240
-1782915522986565
-1782915525338496
-1782915532111149
-1782915533469494
-1782915533188093
-1782915534159196
-1782918039679124
-1782920521189885
-1782915523465399
24527436542
24530429166
24598275557
24598579811
24597712716
22092172004
19714388854
24642493122
24631755023
24634720959
-1782915619455210
-1782915620322319
-1782915620536621
-1782918290039042
0
-1782916011300043
-1782916030254946
-1782916032439461
-1782916039616915
-1782916040134529
-1782916079389076
-1782918718800889
-1782920825862692
-1782916012270833
-1782916063100666
-1782916052782465
-1782916054046358
-1782916059203897
-1782916079854105
-1782918718875772
0
-1782916013144476
-1782916063487914
-1782916052895214
-1782916055093381
-1782916069712711
-1782916083322796
-1782918719324192
0
-1782916013733492
-1782916063962860
-1782916054185390
-1782916055217542
-1782916071610553
-1782916083580004
-1782918719429942
0
-1782916014428455
-1782916064495393
-1782916054366814
-1782916055613215
-1782916073341102
-1782916084141846
-1782918719526667
0
-1782916136848347
-1782916064855149
-1782916054585545
-1782916145191718
-1782916147755164
-1782916148560401
-1782919030691100
-1782920848879542
-1782916137547732
-1782916141991798
-1782916142495535
-1782916145427240
-1782916149278760
-1782916148732407
-1782919030748344
-1782920849023514
-1782916137756403
-1782916142168625
-1782916142619087
-1782916150815329
-1782916149470639
-1782916152908975
-1782919030849113
-1782920849551297
-1782916139480074
-1782916147409713
-1782916150375246
-1782916150910182
-1782916152279507
-1782916153014383
-1782919030947983
-1782920849984112
-1782916139750225
-1782916147976324
-1782916150457989
-1782916151358801
-1782916152782781
-1782916153332907
-1782919031019744
-1782920850146134
-1782916140152499
-1782916148234660
-1782916150537987
-1782916151413033
-1782916153145299
-1782916153419033
-1782919031021905
-1782920850269213
-1782916140515466
-1782916148328870
-1782916151033406
-1782916151891698
-1782916153249126
-1782916153513787
-1782919031109513
-1782920850373412
-1782916141381745
-1782916148415671
-1782916151140481
-1782916152015400
-1782916153682382
-1782916153646806
-1782919031111489
-1782920850507555
-1782916142265027
-1782916148822592
-1782916151573839
-1782916152500627
-1782916153809956
-1782916153818237
-1782919031262280
-1782920850625049
-1782916143020522
-1782916149007109
-1782916157816020
-1782916158812301
-1782916159499540
-1782916160300349
-1782919031264238
-1782920850903868
-1782916149781597
-1782916155860693
-1782916157919708
-1782916159007962
-1782916159528763
-1782916160465504
-1782919031394470
-1782920851103904
-1782916152187192
-1782916156061376
-1782916158027602
-1782916159044232
-1782916159607801
-1782916214653021
-1782919284675381
-1782921072061338
-1782916203082280
-1782916210069729
-1782916212213213
-1782916213378854
-1782916213923333
-1782916214906076
-1782919285103621
-1782921072139221
-1782916387091347
-1782916394763532
-1782916395288576
-1782916395389701
-1782916396971755
-1782916397478408
-1782919522241927
-1782921073053612
-1782916512529405
-1782916514968818
-1782916516006686
-1782916395666022
-1782916517047737
-1782916517922225
-1782920319053977
20374465658
25039383689
25037124041
25036414467
25036191720
25035972651
25035236221
21234279873
20376348387
25041421116
25039050927
25038240417
25038110590
25037941255
25037541646
21236565240
20378580006
25043484247
25041197841
25040489305
25040155896
25039904475
-1782916518059964
-1782920319308468
-1782921177605202
-1782916512831264
-1782916515263305
-1782916516266124
-1782916516943785
-1782916517678195
-1782916518828929
-1782920319425558
-1782921177694515
-1782916513264171
-1782916515446985
-1782916517157265
-1782916517435144
-1782916517722902
-1782916518908065
-1782920319477839
-1782921177783273
-1782916513434425
-1782916515451024
-1782916517159252
-1782916517550088
-1782916517724898
-1782916518991683
-1782920319575719
-1782921177869669
-1782916513985038
-1782916516832935
-1782916517551994
-1782916518017612
-1782916518668057
-1782916519283620
-1782920319627262
-1782921177955744
-1782916514205260
-1782916516834895
-1782916517553877
-1782916518051153
-1782916518750752
-1782916519298141
-1782920320393516
-1782921178051363
-1782916514311773
-1782916516839660
-1782916517556036
-1782916518053067
-1782916518993982
-1782916519315727
-1782920320478006
-1782921178142594
-1782916514342114
-1782916516841738
-1782916517602918
-1782916518057962
-1782916518995841
-1782916528363397
-1782920320504337
-1782921179132957
-1782916523033714
-1782916524758602
-1782916526021181
-1782916526704317
-1782916527676220
-1782916528445493
-1782920320561285
-1782921179245328
-1782916523577143
-1782916524852853
-1782916526103276
-1782916526800292
-1782916527760481
-1782916528462062
-1782920320619581
-1782921179391192
-1782916523662922
-1782916525149194
-1782916526145571
-1782916526918563
-1782916527840327
-1782916528567605
-1782920320780832
-1782921179767030
-1782916523744827
-1782916525240246
-1782916526276003
-1782916527017158
-1782916527884068
-1782916528657127
-1782920320910156
-1782921179769172
-1782916759757099
-1782916771969905
-1782916773034017
-1782916774245814
-1782916775356640
-1782916775372065
-1782921128145997
-1782921693134846
-1782916760254020
-1782916772116791
-1782916773114748
-1782916774347687
-1782916775686247
-1782916775464394
-1782921128148959
-1782921693249500
-1782916762265332
-1782916772451015
-1782916773154470
-1782916774610246
-1782916775970145
-1782916775547662
-1782921128236442
-1782921693297557
-1782916762362757
-1782916772465850
-1782916773283515
-1782916774708098
-1782916775979538
-1782916775637902
-1782921128314773
-1782921693391594
-1782916764662452
-1782916772698397
-1782916773298151
-1782916774751407
-1782916776196385
-1782916776050142
-1782921128573997
-1782921693520412
-1782916765281273
-1782916774170650
-1782916773641159
-1782916774862431
-1782916776198255
-1782916776194417
-1782921128588486
-1782921693690808
-1782916765364698
-1782916774500367
-1782916773949458
-1782916774965630
-1782916967973160
-1782916968781700
-1782921128594171
-1782921693803908
-1782916947774447
-1782916963814541
-1782916965505394
-1782916967348734
-1782916968062503
-1782916968859674
-1782921253864282
-1782921695333142
-1782916951232112
-1782916964566766
-1782916966428065
-1782916968160156
-1782916968660104
-1782916968952820
-1782921254015914
-1782921695432156
-1782916951818887
-1782916964727640
-1782917153275804
-1782917153490550
-1782917154179334
-1782917154901530
-1782921440979863
-1782921818853882
-1782917135908418
-1782917150626011
-1782917153600642
-1782917153901391
-1782917154314974
-1782917155390681
-1782921441081960
-1782921818934889
-1782917139924147
-1782917150972159
-1782917154700193
-1782917154020663
-1782917154462463
-1782917155594569
-1782921441111360
-1782921819047447
-1782917140667385
-1782917151234126
-1782917155180432
-1782917154570542
-1782917155002893
-1782917155689607
-1782921443011829
-1782921819184444
-1782917256751077
-1782917263011244
-1782917265376660
-1782917265121920
-1782917265001872
-1782917266227113
-1782921565368761
-1782921821733038
-1782917258072397
-1782917263170165
-1782917265822723
-1782917265752639
-1782917265279017
-1782917266321194
-1782921565436693
-1782921821774543
-1782917258318360
-1782917263254056
-1782917265900640
-1782917266021394
-1782917265655575
-1782917271614262
-1782921745996795
0
-1782917261158911
-1782917269254662
-1782917270118459
-1782917270455280
-1782917271072405
-1782917271658809
-1782921746106768
0
-1782917263333603
-1782917269488061
-1782917270123484
-1782917270461937
-1782917271158414
-1782917271882722
-1782921746802850
0
-1782917378676663
-1782917386737091
-1782917387898256
-1782917392994099
-1782917393643149
-1782917394550709
-1782922051031890
-1782921941219947
-1782917378744579
-1782917386879751
-1782917387980774
-1782917393512492
-1782917393721113
-1782917394645014
-1782922051145445
-1782921941336514
0
0
0
0
0
0
0
0
0
0
0
0
0
0
0
0
0
0
0
0
0
0
0
0
0
0
0
0
0
0
0
0
0
0
0
0
0
-1782917518429041
-1782922056843606
-1782922194646559
-1782917502389981
-1782917505935925
-1782917516523737
-1782917517226239
-1782917518003775
-1782917518675468
-1782922057069996
-1782922194681791
0
0
0
0
0
0
0
0
-1782917502601001
-1782917506141695
-1782917516645564
-1782917517360769
-1782917518081242
-1782917518734277
-1782922057178600
-1782922194843215
-1782917524811992
-1782917528848930
-1782917538196314
-1782917537552761
-1782917538588660
-1782917539762297
-1782922179241991
-1782922319010726
-1782917525225264
-1782917534896537
-1782917538403141
-1782917537676077
-1782917539155989
-1782917539875965
-1782922179318314
-1782922319160113
-1782917525756522
-1782917535448620
-1782917538844721
-1782917538080818
-1782917539282323
-1782917539961109
-1782922179363633
-1782922319166347
-1782917527826638
-1782917535857899
-1782917539021383
-1782917538709619
-1782917539466963
-1782917540091603
-1782922179469188
-1782922319349515
-1782917530785952
-1782917648671090
-1782917653427381
-1782917655706088
-1782917656163922
-1782917661705095
-1782922365833087
-1782922324721588
-1782917640208850
-1782917649218314
-1782917653471173
-1782917655939334
-1782917656281691
-1782917661811913
-1782922366002673
-1782922324766086
-1782917642174072
-1782917653728140
-1782917654986778
-1782917655954074
-1782917656317060
-1782917661858356
-1782922366085942
-1782922324857819
0
0
0
-1782917722603866
-1782917721735039
-1782917724499070
-1782922491982942
-1782922429091217
0
0
0
-1782917722817489
-1782917721930584
-1782917724555876
0
-1782922429202611
-1782917775630461
0
-1782917783065173
-1782917785359732
-1782917785953653
0
0
0
-1782917775722608
-1782917781163380
-1782917783150872
-1782917785385437
-1782917785955758
-1782917786816237
-1782922614955286
-1782922550442597
-1782917776238749
-1782917781174928
-1782917783235561
-1782917785521698
-1782917786071355
-1782917786818196
-1782922615027979
-1782922550528782
-1782917776775576
-1782917782389061
-1782917783319216
-1782917785608993
-1782917786530874
-1782917786820082
-1782922615552951
-1782922550616536
-1782917776862795
-1782917782396253
-1782917783403157
-1782917785752088
-1782917786557126
-1782917786897762
-1782922615647028
-1782922550665194
-1782917778041720
-1782917782500157
-1782917783474419
-1782917785869905
-1782917786810763
-1782917787089353
-1782922616362638
-1782922550756575
-1782917803320965
-1782917836671989
-1782917841730849
-1782917846046702
-1782917847485994
-1782917848201602
-1782923040731663
-1782922802182165
-1782917803777996
-1782917836839840
-1782917841835466
-1782917847495887
-1782917847488856
-1782917848341204
-1782923040861395
-1782922802267951
-1782917804278981
-1782917836948907
-1782917841980059
-1782917848103496
-1782917847507287
-1782917848435566
-1782923040971683
-1782922802353984
-1782917807159816
-1782917837111857
-1782917842309515
-1782917848983527
-1782917847538803
-1782917849095510
-1782923041066707
-1782922802442063
-1782917809013960
-1782917837248535
-1782917842608643
-1782917849345877
-1782917847553798
-1782917849097518
-1782923041137905
-1782922802526603
-1782917811550506
-1782917837489575
-1782917842867254
-1782917849490191
-1782917847586679
-1782917849191163
-1782923041237144
-1782922802668396
-1782917813005971
-1782917837695182
-1782917843115012
-1782917849589104
-1782917847603917
-1782917849753740
-1782923041240808
-1782922802756292
-1782917815303366
-1782917837858541
-1782917843252608
-1782917849670831
-1782917847845811
-1782917849837217
-1782923041655262
-1782922802803895
-1782917816591283
-1782917839030254
-1782917843678812
-1782917850011326
-1782917848656489
-1782917849920221
-1782923041745044
-1782922802895286
-1782917817939615
-1782917839154563
-1782917843763446
-1782917850095929
-1782917848784757
-1782917850328649
-1782923041844140
-1782922803024234
-1782917818870233
-1782917839253161
-1782917844025179
-1782917850225364
-1782917848890055
-1782917850440754
-1782923041944718
-1782922803128570
-1782917819562549
-1782917839382061
-1782917844121846
-1782917850227322
-1782917849343909
-1782917850533452
-1782923042028514
-1782922803207407
-1782917855183710
-1782917862276673
-1782917862478066
-1782917863321000
-1782917868286761
-1782917869593432
-1782923042877937
-1782922804062923
-1782917855742233
-1782917863548001
-1782917864903888
-1782917866300650
-1782917868398265
-1782917869628198
-1782923042976365
-1782922804146160
-1782917856724865
-1782917863777448
-1782917865012161
-1782917866315337
-1782917868443117
-1782917869737492
-1782923042978467
-1782922804231669
-1782917857255939
-1782917863869140
-1782917865103709
-1782917866367211
-1782917868535160
-1782917869847846
-1782923042980375
-1782922804316158
-1782917857793732
-1782917863959450
-1782917865199747
-1782917866454467
-1782917868575576
-1782917869935005
-1782923043084184
-1782922804366190
-1782917859128265
-1782917864165100
-1782917865338355
-1782917866540715
-1782917868715016
-1782917870029160
-1782923043089547
-1782922804459386
-1782917912263532
-1782917864248929
-1782917865518171
-1782917866800934
-1782917868853115
-1782917918476087
-1782923044213731
-1782923049085376
-1782917912400066
-1782917913737029
-1782917914470282
-1782917915984632
-1782917916721157
-1782917918838086
-1782923044368816
-1782923049272706
-1782917914617961
-1782917916062707
-1782917918306036
-1782917918834336
-1782917918651981
-1782917919705134
-1782923044469200
-1782923049359937
-1782917914623544
-1782917916159678
-1782917918334638
-1782917919058611
-1782917918683595
-1782917919790142
-1782923044546261
-1782923049509089
-1782917915328567
-1782917918389431
-1782917918391349
-1782917919060634
-1782917919414232
-1782917919881685
-1782923044548371
-1782923049609871
-1782917915411955
-1782917918478070
-1782917918836244
-1782917919128770
-1782917919620579
-1782917922618066
-1782923044644189
-1782923049770198
-1782917917413144
-1782917920333724
-1782917920376746
-1782917921009899
-1782917921501968
-1782917922747934
-1782923044646193
-1782923049889385
-1782917917533392
-1782917920458007
-1782917920378677
-1782917921092744
-1782917921682819
-1782917922789635
-1782923044866392
-1782923050001141
-1782917917641891
-1782917920459904
-1782917920383403
-1782917921175175
-1782917922178598
-1782917922937682
-1782923044906691
-1782923050006896
-1782917917746429
-1782917920540782
-1782917920385438
-1782918050478341
-1782918051198830
-1782918050914998
-1782923477907676
-1782923538721520
-1782918165344346
-1782918167069574
-1782918169039232
-1782918180145551
-1782918051290990
-1782918051383790
-1782923477967023
-1782923538936948
-1782918165502286
-1782918167202112
-1782918169505920
-1782918180346598
-1782918175073350
-1782918175830742
-1782923599702248
-1782923542354591
-1782918165504748
-1782918167205679
-1782918169507841
-1782918180422554
-1782918175919391
-1782918176725420
-1782923599801589
-1782923542450531
-1782918165627895
-1782918167502010
-1782918169614844
-1782918181424102
-1782918175999404
-1782918177453277
-1782923599823604
-1782923542718905
-1782918169620594
-1782918170108372
-1782918170788156
-1782918181921048
-1782918176001361
-1782918177532351
-1782923599911278
-1782923661987070
-1782918169717236
-1782918170981725
-1782918171611458
-1782918181926616
-1782918177609323
-1782918181994773
-1782923599965792
-1782923662065078
-1782918169809705
-1782918171078683
-1782918171690733
-1782918181928561
-1782918177899712
-1782918181996813
-1782923600041225
-1782923662145545
-1782918169811654
-1782918171160942
-1782918171769544
-1782918294432280
-1782918294339793
-1782918295277760
-1782924151955753
-1782923771764277
-1782918288793738
-1782918294071242
-1782918294254354
-1782918294762103
-1782918294748597
-1782918298353422
-1782924152078794
-1782923771840719
-1782918291099344
-1782918295522146
-1782918296183587
-1782918296862291
-1782918297582876
-1782918298364398
-1782924152166905
-1782923771982311
-1782918291553572
-1782918295535335
-1782918296219141
-1782918296987879
-1782918297889176
-1782918298464080
-1782924152249387
-1782923772086060
-1782918292453660
-1782918295671456
-1782918296361213
-1782918297104740
-1782918298101765
-1782918298549361
-1782924152816250
-1782923772258983
-1782918292643119
-1782918295760870
-1782918296454213
-1782918297208494
-1782918298262260
-1782918298700477
-1782924152905450
-1782923772275335
-1782918292969687
-1782918295860185
-1782918498322664
-1782918301250766
-1782918507401807
-1782918508194080
-1782924768262188
0
-1782918482057104
-1782918489034622
-1782918498457284
-1782918506541402
-1782918507470463
-1782918508269294
-1782924768355561
-1782923902410728
-1782918601074256
-1782918489164212
-1782918498724804
-1782918506710712
-1782918607566302
-1782918508348451
-1782924771924094
-1782923962705539
-1782918601379880
-1782918604837075
-1782918605559905
-1782918607661660
-1782918607936643
-1782918607431178
-1782924772244354
-1782923962827887
-1782918601879506
-1782918604957801
-1782918607263630
-1782918608023213
-1782918614247273
-1782918614739779
-1782924772741170
-1782923962939569
-1782918606010775
-1782918611257684
-1782918615521971
-1782918613288153
-1782918614416766
-1782918614840611
-1782924772819124
-1782923963096614
-1782918606936530
-1782918611519421
-1782918615608462
-1782918613393965
-1782918614566471
-1782918614995493
-1782924772910191
-1782923963190413
-1782918608172991
-1782918611685074
-1782918615691919
-1782918613649756
-1782918855706621
-1782918856452532
-1782924900326006
-1782924090143463
-1782918866306457
-1782918873951137
-1782918874594042
-1782918877320533
-1782918876664983
-1782918877617246
-1782925030250164
0
-1782918866972636
-1782918874176469
-1782918874877427
-1782918877647239
-1782918876853333
-1782918877811229
-1782925030340022
0
-1782918868332245
-1782918874414038
-1782918875006750
-1782918877705721
-1782918983991993
-1782918984076789
-1782925394197476
-1782924095975324
-1782918975096706
-1782918978407045
-1782918978917947
-1782918982101678
-1782918984390846
-1782918984078851
-1782925394291528
-1782924096056737
-1782918976693157
-1782918978554941
-1782918979032618
-1782918982198477
-1782918984428221
-1782918984167157
-1782925394378567
-1782924096121347
-1782918977709823
-1782918980414344
-1782918980797513
-1782918985599139
-1782918986354814
-1782918986649727
-1782925394531927
-1782924096220992
-1782918977804750
-1782918980501606
-1782918980812473
-1782918985829293
-1782918986356914
-1782918986731931
-1782925394575146
-1782924096345458
-1782918979854683
-1782918981693811
-1782918981791851
-1782918985924511
-1782918986387303
-1782918987246221
-1782925394952994
-1782924096472130
-1782918982489035
26664015372
26663967598
26662474095
26662478297
26661615463
20254106543
21552579052
26660079206
-1782918991377906
-1782918992297400
-1782918992666696
-1782918993111969
-1782918993615797
-1782925575086909
-1782924108211202
-1782918989742356
-1782918991835307
-1782919047343114
-1782919047831118
-1782919048135799
-1782919109807874
-1782925576960916
-1782924109766337
-1782919106410108
-1782919107844660
-1782919108278219
-1782919109248958
-1782919109411919
-1782919110130757
-1782925577061599
-1782924109810861
-1782919106872210
-1782919108355696
-1782919108655983
-1782919109331976
-1782919109498529
-1782919110215221
-1782925577063612
-1782924109894856
-1782919229912524
-1782919232245470
-1782919232841708
-1782919233565333
-1782919234886585
-1782919236655959
-1782925700403082
-1782924111234666
-1782919230485686
-1782919232262738
-1782919233673446
-1782919233750046
-1782919235236656
-1782919236784394
-1782925700409846
-1782924111248995
-1782919231444819
-1782919233675465
-1782919240043832
-1782919239263434
-1782919239271174
-1782919239752813
-1782925821337590
-1782924222264085
-1782919232844546
-1782919237445874
-1782919240196010
-1782919239269304
-1782919239340118
-1782919240415527
-1782925821412026
-1782924222476515
-1782919233827384
-1782919238329959
-1782919240197924
-1782919239623643
-1782919239507704
-1782919240532389
-1782925821494288
-1782924222565420
-1782919234646000
-1782919239161492
-1782919240351289
-1782919239759983
-1782919239754763
-1782919240609768
-1782925821576295
-1782924222606842
-1782919234988530
-1782919239261410
-1782919240409447
-1782919270288218
-1782919272130386
-1782919272215901
-1782925821666712
-1782924224033424
-1782919268091098
-1782919269633602
-1782919270381119
-1782919272454455
-1782919272310419
-1782919274626479
-1782925822412909
-1782924224173128
-1782919270386241
-1782919272049852
-1782919275201492
-1782919274632654
-1782919276830964
-1782919280234074
-1782925822454762
-1782924224286728
-1782919270538030
-1782919274628830
-1782919275281327
-1782919274691759
-1782919277147145
-1782919280346414
-1782925822580520
-1782924224424777
-1782919270709090
-1782919274630785
-1782919275364210
-1782919275362338
-1782919278739260
-1782919293049756
-1782925823583907
-1782924404344579
-1782919270711855
-1782919274634515
-1782919275369529
-1782919275673243
-1782919284978354
-1782919294564114
-1782925824004173
-1782924585146356
-1782919271424672
-1782919274636343
-1782919275675108
-1782919275676964
-1782919285329236
-1782919294929356
-1782925824043790
-1782924585236939
-1782919271549989
-1782919274642440
-1782919278905382
-1782919278903380
-1782919285692488
-1782919294933241
-1782925824179529
-1782924585262132
-1782919272552278
-1782919278502671
-1782919279556574
-1782919279553779
-1782919285988278
-1782919294998933
-1782925824259874
-1782924585355569
-1782919272815069
-1782919278675239
-1782919279628344
-1782919279560430
-1782919288627644
-1782919295165589
-1782925824872588
-1782924585521452
-1782919272923892
-1782919278677236
-1782919279855612
-1782919279767157
-1782919289346013
-1782919295728435
-1782925824877959
-1782924585527007
-1782919273184968
-1782919279173388
-1782919280158340
-1782919282358885
-1782919291793701
-1782919296539976
-1782925824964177
-1782924585670849
-1782919273298328
-1782919279414418
-1782919282625399
-1782919282522886
-1782919292223683
-1782919297021250
-1782925825075864
-1782924585673051
-1782919273611810
-1782919279558534
-1782919282863768
-1782919320241069
-1782919321413093
-1782919323295427
-1782925887264216
-1782924589373994
-1782919275737265
-1782919310929160
-1782919317127796
-1782919320549663
-1782919321656725
-1782919323402745
-1782925887367440
-1782924589460280
-1782919275821198
-1782919311080546
-1782919317219776
-1782919320842804
-1782919321777500
-1782919323446436
-1782925887734005
-1782924589504946
-1782919276143062
-1782919311266592
-1782919317328292
-1782919321126755
-1782919321907339
-1782919323937040
-1782925887749479
-1782924589646497
-1782919276762873
-1782919311507684
-1782919317643100
-1782919321323960
-1782919322021587
-1782919324081997
-1782925888644661
-1782924589751891
-1782919280071886
-1782919311716813
-1782919317746730
-1782919322216510
-1782919322133790
-1782919324118171
-1782925888743057
-1782924589787455
-1782919281186922
-1782919312162179
-1782919317904518
-1782919323119639
-1782919322317983
-1782919324227292
-1782925888851006
-1782924589941833
-1782919281672903
-1782919312199978
-1782919318028737
-1782919323251204
-1782919322447784
-1782919324229534
-1782925888940799
-1782924590037017
-1782919283154359
-1782919312407107
-1782919318361314
-1782919323620755
-1782919322524363
-1782919324308027
-1782925888990173
-1782924590163818
-1782919284128385
-1782919312752548
-1782919318363383
-1782919323636822
-1782919322632575
-1782919324458958
-1782925889045436
-1782924590190150
-1782919285844346
0
0
0
0
0
0
0
-1782919290130593
-1782919313194935
-1782919318445567
0
0
0
0
-1782924590195613
-1782919290202017
-1782919313296627
-1782919318630218
-1782919323771683
-1782919322924654
0
0
0
0
0
0
0
0
0
0
0
0
0
0
0
0
0
0
0
0
0
0
0
0
0
0
0
0
0
0
0
0
0
0
0
0
0
0
0
0
0
0
0
0
0
0
0
0
0
0
0
0
0
0
0
0
0
0
0
0
0
0
0
0
0
0
0
0
0
0
0
0
0
0
0
0
0
0
0
0
0
0
0
0
0
-1782919318720320
-1782919323802853
-1782919322988352
-1782919324475068
-1782926013676017
-1782924590351877
-1782919327126729
-1782919336565963
-1782919338275843
-1782919341799459
-1782919345659140
-1782919346313647
-1782926013863614
-1782924591563341
-1782919327560815
-1782919336878175
-1782919338379058
-1782919343870424
-1782919345816361
-1782919346406155
-1782926013938586
-1782924591648263
0
0
0
0
0
0
0
0
0
0
0
0
0
0
0
0
-1782919329659229
-1782919337055486
-1782919338436668
-1782919344232884
-1782919345923702
-1782919346623038
-1782926013983932
-1782924591745107
-1782919330249424
-1782919337380581
-1782919338522382
-1782919344337571
-1782919346055164
-1782919346646700
-1782926014083516
-1782924591843807
-1782919331052689
-1782919337520787
-1782919338690891
-1782919344484877
-1782919346161698
-1782919346652032
-1782926014165041
-1782924591849025
-1782919348684121
-1782919352241468
-1782919352316605
-1782919396873319
-1782919399060026
-1782919400995789
-1782926014309448
-1782924655813604
-1782919350086318
-1782919387055871
-1782919391444363
-1782919397020853
-1782919399100253
-1782919400999608
-1782926014311602
-1782924655838378
-1782919350387908
-1782919387152775
-1782919391531143
-1782919397111110
-1782919399102129
-1782919401012796
-1782926014341237
-1782924655921628
-1782919350708634
-1782919387256437
-1782919391583375
-1782919397273566
-1782919399107589
-1782919401014754
-1782926014449222
-1782924897991801
-1782919351018075
-1782919387501462
-1782919391697354
-1782919397332303
-1782919399191918
-1782919401016584
-1782926014451220
-1782924898011974
-1782919351422837
-1782919387849612
-1782919391839448
-1782919397393797
-1782919399269798
-1782919401018396
-1782926014494243
-1782924898014058
-1782919351822414
-1782919388087316
-1782919391934828
-1782919397567713
-1782919399366300
-1782919401020219
-1782926015040243
-1782924898015972
0
0
0
0
0
0
0
0
-1782919353312922
-1782919388274429
-1782919392031422
-1782919397701558
-1782919399368311
-1782919401049615
-1782926015125684
-1782924898033794
-1782919354782528
-1782919388456400
-1782919392115940
-1782919397887294
-1782919399540585
-1782919401215174
-1782926015216642
-1782924898256174
-1782919355472984
-1782919388751611
-1782919394025617
-1782919397890067
-1782919399580506
-1782919401385658
-1782926015302462
-1782924898346382
-1782919356122783
-1782919389024965
-1782919394113047
-1782919397965919
-1782919399867925
0
0
0
0
0
0
0
0
0
0
0
0
0
0
0
0
0
0
0
0
0
-1782919394215372
-1782919397967920
-1782919399907370
0
0
0
-1782919356950997
-1782919389136146
-1782919394301971
-1782919398095577
-1782919399976970
-1782919401513317
-1782926015304459
-1782924898443967
-1782919357367853
-1782919389247572
-1782919394390087
-1782919398171809
-1782919400035228
-1782919401534279
-1782926015388715
-1782924898568144
-1782919357858219
-1782919389387481
-1782919394581191
-1782919398224044
-1782919400119316
-1782919401640971
-1782926015473728
-1782924899168628
-1782919360430317
-1782919389480926
-1782919394672442
-1782919398274891
-1782919400121253
-1782919401642999
-1782926015557512
-1782924899230089
0
0
0
0
0
0
0
0
0
0
0
0
0
0
0
0
0
0
0
0
0
0
0
0
0
0
0
0
0
0
0
0
0
0
0
0
0
0
0
0
0
0
0
0
0
0
0
0
0
0
0
0
0
0
0
0
0
0
0
0
0
0
0
0
0
0
0
0
0
0
0
0
0
0
0
0
0
0
0
0
0
0
0
0
0
0
0
0
0
0
0
0
0
0
0
0
0
0
0
0
0
0
0
0
0
0
0
0
0
0
0
0
0
0
0
0
0
0
0
0
0
0
0
0
0
0
0
0
0
0
0
-1782919398442453
-1782919400147613
-1782919401881788
-1782926015641045
-1782924899319447
-1782919361389778
-1782919389623600
-1782919394760382
-1782919398445200
-1782919400368769
-1782919401945449
-1782926015741666
-1782924899393090
-1782919361935474
-1782919389788141
-1782919394941435
-1782919398547033
-1782919546511144
-1782919547279173
-1782926243795467
-1782924910086861
-1782919526490280
0
0
0
0
0
0
0
-1782919646403378
-1782919648489527
-1782919661713219
-1782919653493055
-1782919654107407
-1782919654329721
-1782926372472111
-1782925088250136
-1782919646405283
-1782919649099203
-1782919661809811
-1782919660616150
-1782919670737457
-1782919669851869
-1782926373988438
-1782925269650360
-1782919647168150
-1782919652810994
-1782919662080603
-1782919660686628
-1782919671232441
-1782919669979282
-1782926374034522
-1782925269738377
-1782919647279004
-1782919652887573
-1782919662164522
-1782919660725214
-1782919671482663
-1782919670162643
-1782926374136065
-1782925269949300
-1782919649417616
-1782919653628447
-1782919662245539
-1782919660909771
-1782919671589382
-1782919670285787
-1782926374189093
-1782925270023871
-1782919650102559
-1782919653867442
-1782919662326830
-1782919661046820
-1782919671724586
-1782919670392777
-1782926374274061
-1782925270175919
-1782919650683426
-1782919671001391
-1782919673501374
-1782919673134000
-1782919673860235
-1782919674728347
-1782926374330817
-1782925270266611
-1782919665064889
-1782919671143443
0
0
0
0
0
0
0
0
0
0
0
0
0
0
0
0
0
0
0
0
0
0
0
0
0
0
0
0
0
0
0
0
0
0
0
0
0
-1782925270348654
0
0
0
0
0
0
0
0
0
0
0
0
0
0
0
0
0
-1782919671351092
-1782919673758158
-1782919673271728
-1782919674091705
-1782919674810848
-1782926378813175
-1782925396352793
-1782919769611199
-1782919770963569
-1782919776982699
-1782919778930624
-1782919787630470
-1782919789054279
-1782926378912897
-1782925396853971
-1782919769664428
-1782919771046918
-1782919777348690
-1782919779162815
-1782919787647625
-1782919789097995
-1782926378917524
-1782925396856284
-1782919770112141
-1782919771128578
-1782919778023252
-1782919780619102
-1782919787653452
-1782919789151266
-1782926379561852
-1782925396858338
0
0
0
0
0
0
0
0
0
0
0
0
0
0
0
0
0
0
0
0
0
0
0
0
0
0
0
0
-1782919800225051
-1782919800838446
-1782926379643086
0
0
0
0
0
0
0
0
0
0
0
0
0
0
0
0
0
0
0
0
0
0
0
0
0
0
0
0
0
0
0
0
0
0
0
0
0
0
0
0
0
0
0
0
0
0
0
0
0
0
0
0
0
0
0
0
0
0
0
0
0
0
0
0
0
0
0
0
0
0
0
0
0
0
0
0
0
0
0
0
0
-1782919892738202
-1782919897539290
-1782919898161865
-1782919898857375
0
-1782919899947348
-1782926503714863
-1782925521688570
-1782919893136252
-1782919897687982
-1782919898256157
-1782919898943286
-1782919899396936
-1782919900181956
-1782926503911677
-1782925521706828
0
0
0
0
0
0
0
0
0
0
0
0
0
0
0
0
0
0
0
0
0
0
0
0
0
0
0
0
0
0
0
0
0
0
0
0
0
0
0
0
0
0
0
0
0
0
0
0
0
0
0
0
0
0
0
0
0
0
0
0
0
0
0
0
0
0
0
0
0
0
0
0
0
0
0
0
0
0
0
0
-1782919893208216
-1782919897780076
-1782919898258215
-1782919900560786
-1782919901058210
-1782919901664267
-1782926504066531
-1782925521809542
-1782919894628776
-1782919899257374
-1782919899849570
-1782919900650967
-1782919901147733
-1782919901707757
-1782926504789395
-1782925521900786
0
0
0
0
0
0
0
0
0
0
0
0
0
0
0
0
0
0
0
0
0
0
0
0
-1782919896115607
-1782919899350042
-1782919900043523
-1782919900778736
-1782919901251742
-1782919901812202
-1782926504844771
-1782925522062710
-1782919896192178
-1782919899497969
-1782919900088547
-1782919900785241
-1782919901288112
-1782919901864085
-1782926504923599
-1782925765668888
-1782920016132550
-1782920018715855
-1782920022966136
-1782920024185652
-1782920024906636
-1782920025567308
-1782926507832612
-1782925765741730
-1782920016248594
-1782920018828184
-1782920023060248
-1782920024293983
-1782920025012088
-1782920025642836
-1782926507959919
-1782925765847935
-1782920016881487
-1782920019935424
-1782920023103370
-1782920024442343
-1782920025091647
-1782920025673337
-1782926508080122
-1782925765957085
-1782920017258944
-1782920019977919
-1782920023210502
-1782920024444406
-1782920025122363
-1782920025675269
-1782926508173649
-1782925766053832
-1782920017632059
-1782920020176698
-1782920023290258
-1782920024521107
-1782920025205575
-1782920025757573
-1782926508205501
-1782925766159844
-1782920017861033
-1782920020235503
-1782920265233632
-1782920263808906
-1782920263917148
-1782920264866812
-1782926525576941
-1782925894506101
-1782920260819820
-1782920262390114
-1782920265235886
-1782920264778281
-1782920265899950
-1782920265990450
-1782926525727488
-1782925894517630
-1782920261321755
-1782920262925494
-1782920267040604
-1782920265151437
-1782920266307261
-1782920266148919
-1782926525810556
-1782925894585937
-1782920261351324
-1782920263092653
-1782920267596126
-1782920266442377
-1782920267453545
-1782920267129859
-1782926525939830
-1782925894662318
-1782920263356966
-1782920264943708
-1782920268256164
-1782920266520978
-1782920267471086
-1782920267666338
-1782926526018589
-1782925894797782
-1782920263365020
-1782920265137703
-1782920268295465
-1782920266956888
-1782920267924661
-1782920268258106
-1782926526150183
-1782925895918563
-1782920264019033
-1782920266227864
-1782920268404593
-1782920267570209
-1782920268839322
-1782920269363263
-1782926526269516
-1782925895967387
-1782920265312454
-1782920267409788
-1782920269645036
-1782920267996924
-1782920268887235
-1782920269448539
-1782926526357558
-1782925896153386
-1782920265423673
-1782920267423812
-1782920269756141
-1782920268062885
-1782920268953490
-1782920269474326
-1782926526435324
-1782925896238533
-1782920265458435
-1782920267922641
-1782920269781554
-1782920268293528
-1782920268955402
-1782920269530262
-1782926587376594
-1782926567629901
-1782920513238724
-1782920531182585
-1782920531631639
-1782920533715000
-1782920538795871
-1782920540389553
0
0
0
0
0
0
0
0
0
0
0
0
0
0
0
0
0
0
0
0
0
0
0
0
0
0
0
0
0
0
0
0
0
0
0
0
0
-1782920538343614
-1782920538911758
-1782920540802125
-1782926587846366
-1782926568236305
-1782920517717354
-1782920533412052
-1782920539562458
-1782920538398498
-1782920539005392
-1782920541100413
0
0
0
0
0
0
0
0
0
-1782926568381314
-1782920521595070
-1782920533924353
-1782920539654981
-1782920539273787
-1782920540404571
-1782920541216930
-1782926587980274
-1782926568477143
-1782920521838003
-1782920534057885
-1782920539921224
-1782920539368378
-1782920540496862
-1782920541325353
-1782926588090535
-1782926568624250
-1782920523145945
-1782920534225291
-1782920540025234
-1782920539465345
-1782920540587380
-1782920541413510
-1782926588210437
-1782926568754796
-1782920695156231
0
0
0
0
-1782920838706086
-1782926714185503
-1782926798426668
0
0
0
0
0
0
0
-1782926798443558
0
0
0
0
0
0
0
0
0
0
0
0
0
0
0
0
0
0
0
0
0
0
0
0
0
0
0
0
0
0
0
0
0
0
0
0
0
0
0
0
0
0
0
0
0
0
0
0
0
0
0
0
0
0
0
0
0
0
0
0
0
0
0
0
0
0
0
0
0
0
0
0
0
0
0
0
0
0
0
0
0
0
0
0
0
0
0
0
0
0
0
0
0
0
0
0
0
0
0
0
0
0
0
0
0
0
0
0
0
0
0
0
0
0
0
0
0
0
0
0
0
0
0
0
0
0
0
0
0
0
0
0
0
0
0
0
0
0
0
0
0
0
0
0
0
0
0
0
0
0
0
0
0
0
0
0
0
0
0
0
0
0
0
0
0
0
0
0
0
0
0
0
0
0
0
0
0
0
0
0
0
-1782920843501380
-1782926714301074
-1782926798539952
0
0
0
-1782920847010854
-1782920847761035
-1782920849726267
-1782926714305339
-1782926798670612
0
0
0
-1782920847231637
-1782920847850658
-1782920849830418
-1782926714319677
-1782926798772905
0
0
0
0
0
0
0
-1782926798813798
0
0
0
0
0
0
0
0
0
0
0
0
0
0
0
0
0
0
0
0
0
0
0
0
0
0
0
0
0
0
0
0
-1782920850769072
-1782920844586026
-1782920857185630
-1782920856728108
-1782920857739223
-1782920858221615
-1782926714321679
-1782926980151369
-1782920851241472
-1782920855148511
-1782920857344351
-1782920856874752
-1782920857960633
-1782920858323362
-1782926714327311
-1782926980334223
-1782920851683222
-1782920855482373
-1782921076568968
-1782920857014418
-1782921078346207
-1782921079391140
-1782926850729181
-1782927046139655
-1782921071559874
-1782921073755111
-1782921076650654
-1782921077603377
-1782921078517685
-1782921079544655
-1782926850847026
-1782927046226053
-1782921072215730
-1782921073765726
-1782921076727769
-1782921077688217
-1782921078580252
-1782921079629438
-1782926850863594
-1782927046310939
-1782921072287140
-1782921073767708
-1782921076788484
-1782921077709394
-1782921078659168
-1782921079718893
-1782926850983523
0
0
0
0
0
0
0
0
0
0
0
0
0
0
0
0
0
0
0
0
0
0
0
0
0
0
0
0
0
0
0
0
0
0
0
0
0
0
0
0
0
0
0
0
0
0
0
0
0
-1782921072420819
-1782921073769600
-1782921076851118
-1782921077790338
-1782921078701636
-1782921079743825
-1782926851127569
-1782927046393808
-1782921073137137
-1782921075206589
-1782921076978202
-1782921077838495
-1782921078787508
-1782921079830061
0
0
0
0
-1782921077110036
-1782921077954134
-1782921078875933
-1782921080042302
-1782926851217982
-1782927047079630
-1782921073216177
-1782921075284028
-1782921077244248
-1782921078075714
-1782921078952668
-1782921080057920
-1782926851308045
-1782927047175704
-1782921074289014
-1782921075362115
-1782921077836492
-1782921078430783
-1782921079062958
-1782921183427391
0
0
0
0
0
0
0
0
0
0
0
0
0
0
0
0
0
0
0
0
0
0
0
0
0
0
0
0
0
0
0
0
0
0
0
0
-1782921180652865
25072526884
25072305458
25071992099
19295385183
19089020488
25078251955
25077203507
25076521399
25073537347
25073351839
25073179681
-1782926962916992
-1782927169167517
-1782921284821159
-1782921286985342
-1782921287150729
-1782921283819612
-1782921284208041
-1782921285521922
-1782926962919763
-1782927292396788
-1782921284994520
-1782921286999435
-1782921287261876
-1782921287722604
-1782921288412210
-1782921289404082
-1782926963035326
-1782927292590234
-1782921285628043
-1782921287465606
-1782921288066152
-1782921288490581
-1782921288954944
-1782921289621774
-1782926963127801
-1782927292678248
-1782921285845088
-1782921287547007
-1782921288149649
-1782921391457661
-1782921391726481
-1782921392452987
-1782926968719110
-1782927474634787
-1782921387440711
-1782921389480950
-1782921390223501
-1782921391459822
-1782921392230419
-1782921392489336
-1782926968829540
-1782927474650146
-1782921387634400
-1782921389496164
-1782921390551755
-1782921391465824
-1782921392232349
-1782921393003126
-1782926968955870
-1782927474704750
-1782921388125777
-1782921389947040
-1782921390679475
-1782921391467812
-1782921392234220
-1782921393005021
-1782926969083239
-1782927474791467
-1782921388196500
-1782921389960696
-1782921390772021
-1782921391469695
0
0
0
0
0
0
0
0
0
0
0
0
0
0
0
0
0
0
0
0
0
0
-1782921570160683
-1782921570547612
-1782921571720364
-1782921572267758
-1782927133775823
-1782927601030238
-1782921568458103
0
0
0
0
0
0
0
0
0
0
0
0
0
-1782927133880700
-1782927606833410
-1782921693890635
-1782921696914081
-1782921696708602
-1782921696532107
-1782921697615357
-1782921698558480
-1782927379680262
-1782927606847784
-1782921694034944
-1782921696940325
-1782921696827322
-1782921696620155
-1782921697765173
-1782921699061807
-1782927379756373
-1782927606849743
-1782921694417928
-1782921697119046
-1782921697105509
-1782921696995849
-1782921697891066
-1782921699087831
-1782927379842206
-1782927607065817
0
0
0
0
0
0
0
0
0
0
0
0
0
0
0
0
0
0
0
0
0
0
0
0
0
0
0
0
0
0
0
0
0
0
0
0
0
0
0
0
0
0
0
0
0
0
0
0
0
0
0
0
0
0
0
0
-1782921695664644
-1782921697474682
-1782921698410262
-1782921698161167
-1782921699141701
25356348403
19676069421
19449274960
25360744133
25358935509
25358062421
25358331552
25357441506
25357281722
19676882635
19449815606
25360878923
25359607650
25358957731
25359060084
25358779231
1782947058280192
0
0
0
0
0
0
0
0
0
0
0
0
0
0
0
0
0
0
0
0
0
0
0
0
0
0
0
0
0
0
0
0
0
0
0
0
0
0
0
0
0
0
0
0
0
0
0
0
0
0
0
0
0
0
0
0
0
0
0
0
0
0
0
0
0
0
-1782921819186604
-1782921820544430
-1782921824022453
-1782921824598074
-1782921825452593
-1782921825989125
-1782927380052626
-1782927669471514
-1782921819328408
-1782921820741219
-1782921824111957
-1782921825559405
-1782921825557445
-1782921826076378
-1782927565362495
-1782927669509790
-1782921821274018
-1782921822602829
-1782921824690317
-1782921825561274
0
0
0
0
0
0
0
0
0
0
0
0
0
0
0
0
0
0
0
0
0
0
0
0
0
0
0
0
0
0
0
0
0
0
0
0
0
-1782921823102683
0
0
0
0
0
0
0
0
0
0
0
0
0
0
0
0
0
0
0
0
0
0
0
0
0
0
0
0
0
0
0
0
0
0
0
0
0
0
0
0
0
0
0
0
0
0
0
0
0
0
0
0
0
0
-1782921941567344
-1782921953825806
-1782921955864425
-1782921957383155
-1782921957952057
-1782921958315225
0
0
-1782921941649269
-1782921953840519
-1782921955871507
-1782921957425823
-1782921958045200
-1782921958401031
0
0
-1782922122906013
-1782922124318355
-1782922125064094
-1782922125682436
-1782922125920132
-1782922126968188
-1782927696027373
-1782927683524840
-1782922123018242
-1782922124367196
-1782922125274279
-1782922125780357
-1782922126026839
0
0
0
0
0
0
0
0
0
0
0
0
0
0
0
0
0
0
0
0
0
0
0
0
0
0
0
-1782922319394845
-1782922196125666
-1782922196566385
-1782922197537178
-1782922184718416
-1782922185537095
-1782927818255179
-1782927684370000
-1782922319431761
-1782922196647743
-1782922197126678
-1782922321559560
-1782922322264279
-1782922322832750
-1782928001685462
-1782927801658620
-1782922319669638
-1782922320586494
-1782922321155371
-1782922322518846
-1782922323230185
-1782922324631628
-1782928001755421
-1782927801744466
0
-1782922321476499
0
0
0
0
0
0
0
0
0
0
0
0
0
0
0
0
0
0
0
0
0
0
0
0
0
0
0
0
0
0
0
0
0
0
0
0
0
0
-1782922324944114
-1782922326050480
-1782922326815688
-1782922327542019
-1782922328068862
-1782922328677876
-1782928001836138
-1782927801889976
-1782922325108851
-1782922326145849
-1782922326905428
-1782922327629612
-1782922328154380
-1782922328767831
-1782928001883983
-1782927801974333
-1782922325605679
-1782922326991704
-1782922327677781
-1782922328217567
-1782922328293264
-1782922329118121
-1782928001948971
-1782927802136430
-1782922325692572
-1782922327158509
-1782922327771616
-1782922332361113
-1782922436369090
-1782922330834081
-1782928002065996
-1782927802385127
0
-1782922430886588
-1782922435316625
-1782922435981531
-1782922436482569
-1782922436860843
-1782928304086043
-1782927923954948
0
0
0
0
0
0
0
0
0
0
0
0
0
0
0
0
0
0
-1782922435407659
-1782922436090376
-1782922436698119
-1782922436958674
-1782928305289909
-1782927924037896
-1782922803265606
-1782922552208443
-1782922552732268
-1782922553192437
-1782922553753516
-1782922554410210
-1782928428487246
-1782927935500652
-1782922803379518
-1782922559180815
-1782922806215465
-1782922806766413
-1782922807366126
-1782922808255283
-1782928428565985
-1782927935581749
-1782922803503568
-1782922805457186
-1782922806298858
-1782922806941337
-1782922807432922
-1782922808333883
-1782928555805121
-1782928297946028
-1782922803610366
-1782922805473612
-1782922806381094
-1782922807019367
-1782922807639358
-1782922808374963
-1782928555842136
-1782928297953694
-1782922804565384
-1782922805617155
-1782922806460026
-1782922807494416
-1782922807743571
-1782922808426514
-1782928555928557
-1782928298220608
-1782922804613938
-1782922805971721
-1782922806860015
-1782922807910987
-1782922807871354
-1782922808477894
-1782928865613349
-1782928308116405
-1782923047955167
-1782923058227453
-1782923059112120
-1782923061428460
-1782923062074433
-1782923062797836
-1782928865699817
-1782928308211948
-1782923048438525
-1782923058547802
-1782923059187066
-1782923061535467
-1782923062179589
-1782923062837602
-1782928865711453
-1782928308277486
-1782923050187216
-1782923058764319
-1782923059743512
-1782923061944878
-1782923062301657
-1782923062933053
-1782928865769256
-1782928308342904
-1782923050746828
-1782923059500754
-1782923059870453
-1782923062438775
-1782923062387375
-1782923063045807
-1782928865857803
-1782928308479292
-1782923051289332
-1782923060088259
-1782923060256187
-1782923062537677
-1782923062523502
-1782923063254025
-1782928865940628
-1782928431845790
-1782923167908263
-1782923169772325
-1782923170040299
-1782923180005115
-1782923180686179
-1782923181117326
-1782928988779354
-1782928431861264
-1782923171704775
-1782923173270265
-1782923174117466
-1782923180088558
-1782923180693146
-1782923181205562
-1782928989145533
-1782928432037508
-1782923171707055
-1782923173362343
-1782923174295894
-1782923180197215
-1782923180816789
-1782923181301667
-1782928989242153
-1782928432150845
-1782923171708966
-1782923173420044
-1782923174313334
-1782923180226222
-1782923180825651
-1782923181377946
-1782928989288384
-1782928673887400
-1782923539083382
-1782923540770068
-1782923542259825
-1782923543285812
-1782923543957325
-1782923543778263
-1782929224814711
-1782928673947884
-1782923540986018
-1782923542983182
-1782923544010176
-1782923543959552
-1782923544780172
-1782923545964891
-1782929224918261
-1782928674019458
-1782923541056615
-1782923543245098
-1782923544132921
-1782923544242595
-1782923544865997
-1782923546252924
-1782929225012892
-1782928674310029
-1782923541732015
-1782923543863914
-1782923544325051
-1782923544981879
-1782923545449677
-1782923546339534
-1782929225091251
-1782928674315894
-1782923541935210
-1782923543865995
-1782923544421146
-1782923545538675
-1782923546075497
-1782923546365224
-1782929225135224
-1782928674424993
-1782923542751689
-1782923544692417
-1782923545095238
-1782923546162094
-1782923546077428
-1782923546788749
-1782929226148515
-1782928674427066
-1782923542796458
-1782923545231158
-1782923545121155
-1782923546536781
-1782923546079328
-1782923546802541
-1782929226221543
-1782928674524717
-1782923662488584
-1782923545233112
-1782923670987006
-1782923671439169
-1782923671770160
-1782923672888531
-1782929227124900
-1782928675753060
-1782923665858771
-1782923670393863
-1782923671021072
-1782923671849392
-1782923672246162
-1782923673104179
-1782929227208955
-1782928675788761
-1782923666028744
-1782923670479529
-1782923671125857
-1782923671960343
-1782923672304603
-1782923673192789
-1782929227211178
-1782928675884484
-1782923666039120
-1782923670543251
-1782923671170304
-1782923672001597
-1782923672451379
-1782923673276935
-1782929227252041
-1782928675931959
0
0
0
0
-1782923779734409
-1782923780418858
-1782929231191594
-1782928690710461
0
0
0
0
0
0
0
0
0
0
0
0
0
0
-1782929231274780
-1782928690869718
-1782923773975281
-1782923773407478
-1782923773880495
-1782923774429501
-1782923779888574
-1782923780445897
-1782929231355862
-1782928691047645
-1782923774077238
-1782923775683220
-1782923776295948
-1782923776762394
-1782923779979174
-1782923780501094
-1782929231436208
-1782928691409756
-1782923774107638
-1782923775773065
-1782923776392467
-1782923776846216
-1782923780068066
-1782923780558251
-1782929231514528
-1782928691567561
-1782923776468209
0
0
0
0
0
0
0
0
0
0
0
0
0
0
0
0
0
0
0
0
0
0
0
0
0
0
0
0
0
0
0
0
0
0
0
0
0
0
0
0
0
0
0
0
0
0
0
0
0
0
0
0
0
0
0
-1782923902497773
-1782923904005509
-1782923904437204
0
0
0
0
0
-1782923902644800
-1782923904080824
-1782923904517333
-1782923904855567
-1782923905585060
-1782923906101173
-1782929237276739
-1782928706364757
-1782923902719441
-1782923904161221
-1782923904596707
-1782923904927502
-1782923905662258
-1782923906179418
-1782929237530065
-1782928708059584
0
0
0
0
0
0
0
0
0
0
0
0
0
0
0
0
0
0
0
0
0
0
0
0
0
0
0
0
0
0
0
0
0
0
0
0
0
0
0
0
-1782923963235847
-1782923964993585
-1782923966161816
-1782923967181500
-1782923968011968
-1782923968408868
-1782929238950520
-1782928708147391
-1782923963330340
-1782923965102557
-1782923966250580
-1782923967226590
-1782923968051754
-1782923968488405
-1782929239113246
-1782928708226888
-1782923963919581
-1782923965638452
-1782923966337439
-1782923967340051
-1782923968137855
-1782923968755855
-1782929239190967
-1782928708303821
0
0
0
0
0
0
0
0
0
0
0
0
0
0
0
0
0
0
0
0
0
0
0
0
0
0
0
0
0
0
0
0
0
0
0
0
0
0
0
0
0
0
0
0
0
0
0
0
0
0
0
0
0
0
0
0
0
0
0
0
0
0
0
0
0
0
0
0
0
0
0
0
0
0
0
0
0
0
0
0
0
0
0
0
0
0
0
-1782928874819630
0
-1782924091098124
-1782924092156212
-1782924092645348
-1782924095037208
-1782924095888504
0
-1782929356354697
0
0
0
0
0
0
0
0
0
0
0
0
0
0
0
0
0
0
0
0
0
0
0
0
0
0
0
0
0
0
0
0
0
0
0
0
0
0
0
0
0
0
0
0
0
0
0
0
-1782924096664925
-1782924098236095
-1782924098697127
-1782924099145770
-1782924099611784
26961276928
0
-1782929356371437
-1782924108314500
-1782924110952904
-1782924111483815
-1782924112624743
-1782924113452334
-1782924114866193
0
-1782929356377619
-1782924108642573
-1782924111033017
-1782924111590479
-1782924112862633
-1782924113556860
-1782924114973142
0
-1782929356496656
-1782924108648291
-1782924111034949
-1782924111731534
-1782924112943538
-1782924113558994
-1782924116536010
0
-1782929356586139
-1782924108658180
-1782924111113361
-1782924111733457
-1782924112945463
-1782924113744922
-1782924116544021
0
-1782929356767948
-1782924109972880
-1782924112229247
-1782924113296690
-1782924113747137
-1782924114673305
-1782924116545986
0
-1782929356848536
-1782924110098732
-1782924112268200
-1782924113374611
-1782924113886037
-1782924114701378
-1782924116547897
0
-1782929356930904
-1782924110113407
-1782924112270135
-1782924113752190
-1782924113887884
-1782924114734665
-1782924116549701
0
-1782929357010597
-1782924110156250
-1782924112272022
-1782924113884159
-1782924113915026
-1782924114764145
-1782924116551592
0
-1782929357160902
-1782924110234876
-1782924112348011
-1782924114093227
-1782924114766056
-1782924114977579
-1782924116553416
0
-1782929357181900
-1782924110237130
-1782924112705107
-1782924114134429
-1782924114996104
-1782924114992172
-1782924116555266
0
-1782929357300394
-1782924110354351
-1782924112782970
-1782924114220159
-1782924115001991
-1782924114994031
-1782924116557075
0
0
0
0
0
0
0
0
0
0
0
0
0
0
0
0
0
0
0
0
0
0
0
-1782924116558972
0
-1782929357302527
-1782924224515611
-1782924225248991
-1782924224983087
-1782924225264008
-1782924225585701
-1782924226188182
-1782929423081164
-1782929362496830
-1782924585939189
-1782924226121813
-1782924226822715
-1782924227076465
-1782924227572697
-1782924228310883
-1782929423171802
-1782929362576281
-1782924590394370
-1782924586882026
-1782924587198156
-1782924588402364
-1782924595023159
-1782924595616905
0
-1782930045410673
-1782924590820525
-1782924592277872
-1782924593137170
-1782924594200548
-1782924595140551
-1782924595922056
0
-1782930045513433
-1782924590931616
-1782924592578905
-1782924593139352
-1782924594296290
-1782924595237364
-1782924596004778
0
-1782930046378721
-1782924591953727
-1782924593053105
-1782924593599639
-1782924594669499
-1782924595746778
-1782924596116729
0
-1782930046392848
-1782924898750039
-1782924593219070
-1782924595832822
-1782924596356406
-1782924596645566
-1782924598944436
0
-1782930047324446
-1782924898839226
-1782924904370950
-1782924904922463
-1782924598008579
-1782924598449810
-1782924599183922
0
-1782930047672018
-1782924898936011
-1782924904474750
-1782924905096536
-1782924657896079
-1782924658236294
-1782924658859047
-1782929610816409
-1782930161587316
-1782924899483071
-1782924904592893
-1782924916791094
-1782924918992408
-1782924905476410
-1782924905956823
-1782930039550953
-1782930359297822
-1782924903259456
-1782924916468571
-1782924917090237
-1782924919755266
-1782924918846773
-1782924920845397
-1782930039698102
-1782930359404875
-1782924903701031
-1782924917261903
-1782924917387232
-1782924919985778
-1782924919590625
-1782924920850836
-1782930039800467
-1782930359448259
-1782924904936737
-1782924917751759
-1782924917486239
-1782924920339633
-1782924919895832
-1782924920984553
-1782930039892055
-1782930359521540
-1782924906263724
-1782924917922144
-1782924918587447
-1782924920775560
-1782924920325713
-1782924921167538
-1782930039981020
-1782930359595671
-1782924906664581
-1782924918014207
-1782924918691421
-1782924921107849
-1782924920700547
-1782924921260266
-1782930039983178
-1782930359713261
-1782924907317462
-1782924919467850
-1782924919279117
-1782924921610204
-1782924921030728
-1782924921694940
-1782930040027227
-1782930359794277
-1782924907612631
-1782924919771558
-1782924919358185
-1782924922011817
-1782924921426889
-1782924921702791
-1782930040117894
-1782930359941467
-1782924910192276
-1782924920071371
-1782924922739558
-1782924922687069
-1782924922331265
-1782924921773529
-1782930040318220
-1782930359957934
-1782924910528618
-1782924923619429
-1782924922855842
-1782924923233051
-1782924922415820
-1782924922100965
-1782930040320233
-1782930360142306
-1782924910894889
-1782924968153071
-1782924969140725
-1782924923443709
-1782924923136359
-1782924971070640
-1782930040322364
-1782930361032738
-1782924966522290
-1782924968239997
-1782924969224859
-1782924970131936
-1782924970480833
-1782924971161859
-1782930040372791
-1782930361127141
-1782924966552351
-1782924968324968
-1782924969349371
-1782924970215390
-1782924970519680
-1782924971243291
-1782930040374821
-1782930361154755
-1782924966639514
-1782924968481469
-1782924969470032
-1782924970217442
-1782924970601398
-1782924971327752
-1782930040607624
-1782930361251297
-1782925025249733
-1782925088600986
-1782925089683181
-1782925279751218
-1782925089767281
-1782925091406403
-1782930477612198
-1782930602808297
-1782925270430497
-1782925271904812
-1782925272414578
-1782925279838579
-1782925276769139
-1782925277572702
-1782930600258636
-1782930617436963
-1782925270476926
-1782925272112666
-1782925272564610
-1782925279884392
-1782925276942854
-1782925277577952
-1782930600386973
-1782930617579685
-1782925271013149
-1782925272984769
-1782925273565017
-1782925280047531
-1782925277048121
-1782925277700550
-1782930600432379
-1782930617676517
-1782925271137681
-1782925273019427
-1782925273659033
-1782925280121509
-1782925277130281
-1782925277702620
-1782930601226669
-1782930617794693
-1782925330309209
-1782925332534813
-1782925337627195
-1782925334445891
-1782925334853379
-1782925335597764
-1782930601314933
-1782931154656017
-1782925330316568
-1782925332550719
-1782925337700763
-1782925334562623
-1782925335115539
-1782925335678942
-1782930601400915
-1782931154746762
-1782925330997041
-1782925332704597
-1782925394171176
-1782925399196893
-1782925400628381
25839942075
-1782930603326820
-1782931158914876
-1782925396867029
-1782925398355704
-1782925399313858
-1782925399755232
-1782925400638867
-1782925400637045
-1782930603416966
-1782931158916989
-1782925396869269
-1782925398439755
-1782925399708759
-1782925399811262
-1782925400640687
-1782925402767048
-1782930603570279
-1782931159005781
-1782925396874456
-1782925400023721
-1782925400569203
-1782925401210553
-1782925402003328
-1782925402774449
-1782930603753543
-1782931159007789
-1782925396983401
-1782925400057170
-1782925400630215
-1782925401289113
-1782925402087624
-1782925402776351
-1782930603758691
-1782931159141770
-1782925397358128
-1782925400059135
-1782925400635078
-1782925401370570
-1782925402207000
-1782925402778173
-1782930603857716
-1782931159250924
-1782925397449454
-1782925400064585
-1782925400642557
-1782925401463296
-1782925402209013
-1782925402780018
-1782930603859845
-1782931159354269
-1782925398520378
-1782925400626502
-1782925400759032
-1782925401465416
-1782925529659826
-1782925530313818
-1782930708014953
-1782931585875565
-1782925522067740
-1782925523664172
-1782925524905336
-1782925528508107
-1782925529697463
-1782925530367109
-1782930708113098
-1782931586842773
-1782925522298003
-1782925524777247
-1782925524962345
-1782925528587498
-1782925529699402
-1782925530445087
-1782930708256309
-1782931586979435
-1782925523751329
-1782925525551389
-1782925526433427
-1782925528698505
-1782925529831096
-1782925530524652
-1782930708471372
-1782931587069888
-1782925523836229
-1782925525670191
-1782925526516102
-1782925528945712
-1782925529833051
-1782925530526609
-1782930708509675
-1782931587152457
-1782925523928674
-1782925525756640
-1782925526672185
-1782925528997766
-1782925530079086
-1782925530670079
-1782930708625728
-1782931587234882
-1782925524019636
-1782925525758680
-1782925526789204
-1782925529060956
-1782925530083191
-1782925530711600
-1782930708746871
-1782931587360463
-1782925584022241
-1782925584947002
-1782925585975540
-1782925586240528
-1782925586852069
-1782925587240067
-1782930711011239
-1782931590282860
-1782925766283740
-1782925767964016
-1782925769386244
-1782925770536335
-1782925770429894
-1782925771288265
-1782930716442628
-1782932012904182
-1782925766352277
-1782925768045351
-1782925769391994
-1782925770849350
-1782925770774809
-1782925771589840
-1782930716568650
-1782932012993931
-1782925766812813
-1782925768393259
-1782925769536044
-1782925771141269
-1782925770776859
-1782925771592027
-1782930716678554
-1782932013268139
-1782925766893046
-1782925768472182
-1782925769541915
-1782925771146333
-1782925770926120
-1782925771927095
-1782930716926054
-1782932013366291
-1782925768554770
-1782925770545732
-1782925770538264
-1782925771399949
-1782925772427033
-1782925772093852
-1782930717038782
-1782932013452390
-1782925768762571
-1782925770754980
-1782925770543769
-1782925771584398
-1782925772511077
-1782925774292659
-1782930717126240
-1782932014424480
-1782925769639036
-1782925772176253
-1782925772910124
-1782925773125155
-1782925773785013
-1782925774385890
-1782930717232142
-1782932014466072
-1782925769718806
-1782925772251907
-1782925772984447
-1782925773202962
-1782925773792332
-1782925774463197
-1782930717360528
-1782932014523394
-1782925769797315
-1782925772351575
-1782925772986396
-1782925773277439
-1782925773909419
-1782925774544613
-1782930717383411
-1782932014617324
-1782925892646821
-1782925895452622
-1782925906651107
-1782925908642051
-1782925909163144
-1782925909638713
-1782930837851446
-1782932039319507
-1782925892738055
-1782925895630343
-1782925906735119
-1782925908729423
-1782925909250604
-1782925909730295
-1782930837854596
-1782932039373131
-1782925893821435
-1782925895721068
-1782925906839215
-1782925908845741
-1782925909282636
-1782925911305869
-1782930837924563
-1782932040098967
-1782925893964439
-1782925895831791
-1782925906925818
-1782925909775462
-1782925910680865
-1782925911403835
-1782930838001968
-1782932040298406
-1782925894169654
-1782925897510523
-1782925907057955
-1782925909858445
-1782925910727560
-1782925911435402
-1782930838117470
-1782932040531135
-1782925896284608
-1782925898607765
-1782925907093024
-1782925910036148
-1782925910729490
-1782925911536022
-1782930838119538
-1782932040709378
-1782925896387313
-1782925898696123
-1782925907182031
-1782925910161383
-1782925910784377
-1782925911589995
-1782930838349442
-1782932040894402
-1782925896711390
-1782925898795407
-1782925907271928
-1782925910175263
-1782925910883574
-1782925911681616
-1782930838463081
-1782932041125491
-1782925896792851
-1782925898892607
-1782925907392484
-1782925910199921
-1782925911015619
-1782925911842865
-1782930838464981
-1782932278139750
-1782926136998839
-1782926141685434
-1782926147505906
-1782926147521577
-1782926147523551
-1782926147532679
-1782930971022770
-1782932278235550
-1782926137390780
-1782926141774774
-1782926147508361
-1782926147525364
-1782926147534503
-1782926147862441
-1782930971121271
-1782932278351459
-1782926138949196
-1782926142078369
-1782926147515812
-1782926147527161
-1782926147536319
-1782926147864486
-1782930971298557
-1782932278571518
-1782926139088116
-1782926142093453
-1782926147517732
-1782926147529051
-1782926147538139
-1782926147870141
-1782930971396238
-1782932278676291
-1782926139442947
-1782926142095399
-1782926147519731
-1782926147530842
-1782926147539972
-1782926147878778
-1782930971492946
-1782932278761571
-1782926318703911
-1782926320055037
-1782926324588603
-1782926325773323
-1782926326280981
-1782926326688276
-1782931334470416
0
-1782926318811026
-1782926320153562
-1782926324693218
-1782926325860355
-1782926454437716
-1782926455563602
-1782931455643241
-1782932397730267
-1782926444677864
-1782926448781425
-1782926452662141
-1782926453852894
-1782926454540691
-1782926455624567
-1782931455650868
-1782932398070905
-1782926445241251
-1782926448882315
-1782926452974489
-1782926453980583
-1782926454639464
-1782926455626689
-1782931458174775
-1782932398158466
-1782926567098033
-1782926570059500
-1782926570151615
-1782926570432102
-1782926570870901
-1782926571498147
-1782931462066230
-1782932399179664
-1782926568975147
-1782926571733587
-1782926572234310
-1782926572773896
-1782926573264797
-1782926571629069
-1782931462071618
-1782932399280303
-1782926569072262
-1782926571869526
-1782926572378926
-1782926572872455
-1782926573507948
-1782926573950769
-1782931462073608
-1782932399394352
-1782926569514493
-1782926572128274
-1782926572448585
-1782926572958752
-1782926691677738
-1782926692133217
-1782931525677948
-1782932412667532
-1782926687735696
-1782926689313295
-1782926689856504
-1782926690250245
-1782926691761166
-1782926692367772
-1782931526116283
-1782932413038004
-1782926687808807
-1782926689462468
-1782926689933528
-1782926690343819
-1782926691843350
-1782926692445023
-1782931526172707
-1782932414212054
-1782926688768792
-1782926690424832
-1782926691965904
-1782926691921526
-1782926693047904
-1782926693883427
-1782931526244988
-1782932414293655
-1782926688866751
-1782926690536616
-1782926692048239
-1782926692241515
-1782926693239499
-1782926693889059
-1782931526438184
-1782932414374430
-1782926689499038
-1782926691590499
-1782926692362334
-1782926692360158
-1782926693241466
-1782926693890941
-1782931526453358
-1782932414616925
-1782926691096229
-1782926692763530
-1782926693762405
-1782926694364051
-1782926695543382
-1782926695311454
-1782931527084254
-1782932414705245
-1782926691195255
-1782926692942391
-1782926693881185
-1782926694486645
-1782926695722916
-1782926695636051
-1782931527136205
-1782932414788487
-1782926694553384
-1782926696402348
-1782926696885587
-1782926697346768
-1782926697765684
-1782926698479444
-1782931527209293
-1782932415358701
-1782926694699324
-1782926696487029
-1782926696964431
-1782926697384584
-1782926697815609
-1782926698566029
-1782931527293204
-1782932415440359
-1782926695807165
-1782926697888489
-1782926700788692
-1782926701158907
-1782926702208223
-1782926702206244
-1782931527554017
-1782932415692395
-1782926695915287
-1782926697970540
-1782926700921085
-1782926702124710
-1782926702795125
-1782926702376988
-1782931527591632
-1782932415996265
-1782926695917255
-1782926697972572
-1782926701593217
-1782926702249214
-1782926702875197
-1782926703433817
-1782931527711951
-1782932416143458
-1782926696044968
-1782926698049776
-1782926701739668
-1782926702671962
-1782926703305008
-1782926703448669
-1782931527741133
-1782932416225646
-1782926696569912
-1782926698127167
-1782926702372194
-1782926702953851
-1782926703585626
-1782926703666712
-1782931528375151
-1782932466490158
-1782926797142911
-1782926800023584
-1782926800600613
-1782926801058692
-1782926801471993
-1782926802219180
-1782931528478820
-1782932466602240
-1782926980472960
-1782926800236669
-1782926800644663
-1782926801151984
-1782926801563435
-1782926802381475
-1782931528581801
-1782932466711709
-1782926980672257
-1782926982072110
-1782926982488305
-1782926983210780
-1782926983368896
-1782926984303038
-1782931761192735
0
-1782926980980665
-1782927054137328
-1782927054334044
-1782927054793450
-1782927056036094
-1782927059643264
-1782931943220287
-1782932488655370
-1782927043235739
-1782927054243883
-1782927054830102
-1782927057376089
-1782927058559421
-1782927059739176
-1782931943287229
-1782932488735399
-1782927043311623
-1782927054245915
-1782927054936637
-1782927057414397
-1782927058639542
-1782927059741137
-1782931943400706
-1782932488813155
-1782927043944138
-1782927054250702
-1782927055020044
-1782927057501648
-1782927058678797
-1782927059852572
-1782931943409443
-1782932488918515
-1782927044038780
-1782927054252638
-1782927055021920
0
0
0
0
0
0
0
0
0
0
0
0
0
0
0
0
0
0
0
0
0
0
0
0
0
0
0
0
0
0
0
0
0
0
0
0
0
0
0
0
-1782927057554534
-1782927058763312
-1782927059941012
-1782931944027513
-1782932488946644
-1782927044080684
-1782927054254477
-1782927055178798
-1782927057776760
-1782927058845792
-1782927059948515
-1782931944111882
-1782932489032277
-1782927046560382
-1782927054256295
-1782927055193043
-1782927057815517
-1782927058928637
-1782927060060742
-1782931944152765
-1782932489188148
-1782927047260779
-1782927054258286
-1782927055427773
-1782927057903202
-1782927058971129
-1782927060089391
-1782931944237357
-1782932489205676
24925193984
-1782927054260122
-1782927055442211
-1782927057916903
-1782927059079084
-1782927060221211
-1782931944329784
-1782932489330537
-1782927048051044
-1782927054261923
-1782927055444173
-1782927058037076
-1782927059200672
-1782927060261887
-1782931944414458
-1782932489344032
-1782927051038390
-1782927054263741
-1782927055449303
-1782927058194990
-1782927059235793
-1782927060688193
-1782931944495188
-1782932489508368
-1782927051121813
-1782927054265575
-1782927055576470
-1782927058210584
-1782927059287469
-1782927060690106
-1782931944592300
-1782932489593909
-1782927169215211
-1782927170535442
-1782927171213008
-1782927172180564
-1782927172912195
-1782927173680166
-1782932129903652
-1782932542226555
-1782927169305632
-1782927170632520
-1782927171302512
-1782927172344079
-1782927172981161
-1782927173682194
-1782932130027221
-1782932542307143
-1782927169497802
-1782927170680381
-1782927171618017
-1782927172433956
-1782927173128584
-1782927173915333
-1782932130115937
-1782932542389121
-1782927170047157
-1782927171862233
-1782927172790960
-1782927173467497
-1782927174058161
-1782927174415737
-1782932130197630
-1782932542540940
-1782927170141773
-1782927171864358
-1782927172882359
-1782927173562676
-1782927174120729
-1782927174573676
-1782932130945914
-1782932542745359
-1782927291803002
-1782927297363091
-1782927173164767
-1782927300378930
-1782927301232508
-1782927301745154
-1782932198296642
-1782932668598213
-1782927292124702
-1782927297534883
-1782927298561517
-1782927300511549
-1782927301349733
-1782927301832466
-1782932198366941
-1782932668675528
-1782927292835683
-1782927297837543
-1782927298603747
-1782927300619424
-1782927301577553
-1782927301971672
-1782932198447717
-1782932668751525
-1782927293454144
-1782927297967290
-1782927298718004
-1782927300735894
-1782927302116562
-1782927302336552
-1782932198525890
-1782932668842283
-1782927293885514
-1782927298116697
-1782927298959613
-1782927300857257
-1782927302217703
-1782927302443882
-1782932198566861
-1782932668947826
24683359582
24502376208
24501664651
24501636714
24501154459
24500712204
-1782932562302081
-1782932675201137
-1782927473991931
-1782927475512771
-1782927476232554
-1782927476748094
-1782927477257961
-1782927478186303
-1782932562378303
-1782932675206857
-1782927474939399
-1782927476625877
-1782927477408202
-1782927478002033
-1782927478825869
-1782927478994961
-1782932564433198
-1782932675280974
-1782927475613686
-1782927477154185
-1782927477806218
-1782927478910542
-1782927479932334
-1782927480446679
-1782932564517039
-1782932675500548
-1782927475715169
-1782927477515060
-1782927478101662
-1782927479164869
-1782927479940029
-1782927480485959
-1782932564519237
-1782932675515257
-1782927475844604
-1782927477662316
-1782927478184272
-1782927479257452
-1782927479942109
-1782927480628730
-1782932564521249
-1782932675517319
-1782927479350824
-1782927481120957
-1782927482031215
-1782927482782671
-1782927483729407
-1782927484097200
-1782932564523134
-1782932675577398
-1782927479375784
-1782927481233372
-1782927482182811
-1782927482894383
-1782927483773323
-1782927484215843
-1782932564525142
-1782932675664524
-1782927479511764
-1782927481324268
-1782927482184851
-1782927483027340
-1782927483775336
-1782927484299293
-1782932564527014
-1782932675666503
-1782927479943992
-1782927481622256
24501082838
24500476727
24500168570
24500700249
19420514319
19185936984
24385771600
24384416790
-1782927601443335
-1782927602231941
-1782927603130908
-1782927602958903
-1782932576058221
-1782932799162461
-1782927599347116
-1782927602046620
-1782927603298255
-1782927603216056
-1782927604035274
-1782927604949139
-1782932576291759
-1782932799242344
-1782927600526491
-1782927602146981
-1782927603447756
-1782927603459868
-1782927604171138
-1782927604950982
-1782932576469155
-1782932799413439
-1782927601125292
-1782927603042380
-1782927603705214
-1782927604254977
-1782927604422596
-1782927604992064
-1782932576549838
-1782932799519631
-1782927602317008
-1782927603950682
-1782927604862873
-1782927605277014
-1782927605654188
-1782927606449864
-1782932576636224
-1782932799671519
-1782927602409835
-1782927604337745
-1782927604947094
-1782927605396641
-1782927605757457
-1782927606628253
-1782932576804790
0
0
0
0
0
0
0
0
0
0
0
0
0
0
0
0
0
0
0
0
0
0
0
0
0
0
0
0
0
0
0
0
0
-1782927607194150
-1782927608882318
24568628065
24568042632
24567718920
24560646624
19601227290
19378754946
24571321175
24569665270
24569305552
24568605622
24567705429
24560612740
19601690648
19379344543
24571216384
24569503150
24569185929
24568794277
24568220902
24561063529
19602009572
19379618349
24571447774
24508766007
24686642473
24686437388
24685707303
-1782927673566075
-1782932638509401
-1782932803204276
0
-1782927670840682
0
0
0
0
0
0
0
0
0
0
0
0
0
0
0
0
0
0
0
0
0
0
0
0
-1782927671680900
-1782927672087144
-1782927673058248
-1782927673686602
-1782932638641386
-1782932803364544
-1782927669600510
-1782927672457108
-1782927673179915
-1782927673476231
-1782927674305987
-1782927675441156
-1782932638730353
-1782932803406866
-1782927671035067
-1782927672613632
-1782927673181920
-1782927679419624
-1782927680321986
-1782927680837089
-1782932638936336
-1782932803440634
-1782927675528152
-1782927677707537
-1782927678519214
-1782927679426856
-1782927680383514
-1782927680947080
-1782932639061889
-1782932803742173
-1782927675613442
-1782927677722055
-1782927678572436
-1782927679512736
-1782927680449659
-1782927681036528
-1782932639213063
-1782932803744245
-1782927675696882
-1782927677723953
-1782927678643387
-1782927679559863
-1782927680513512
-1782927681160480
-1782932639296692
-1782932803746115
-1782927675784629
-1782927677808949
-1782927678696206
-1782927679690519
-1782927680564493
-1782927681244633
-1782932639474040
-1782932803750985
-1782927675885729
0
0
0
0
0
-1782932639561764
-1782932803783866
0
0
0
0
0
0
0
0
0
0
0
0
0
0
0
0
0
0
0
0
0
0
0
0
0
0
0
0
0
0
0
0
0
0
0
0
0
0
0
0
0
0
0
0
0
0
0
0
0
0
0
0
0
0
0
0
0
0
0
0
0
0
0
0
0
0
0
0
0
0
0
0
0
0
0
0
0
0
-1782932639903036
-1782932803883283
-1782927683615113
-1782927685655099
-1782927686591715
-1782927690039852
-1782927691741925
-1782927691761213
-1782932640049673
-1782932803941251
-1782927683638555
-1782927685695974
-1782927686599146
-1782927690560402
-1782927691753585
-1782927692232800
-1782932640267463
-1782932804045298
-1782927683730880
-1782927685697975
-1782927686675616
-1782927690562445
-1782927691910696
-1782927692475112
-1782932640273466
-1782932804047283
-1782927684450648
-1782927691608428
-1782927691757530
-1782927691755675
-1782927692886631
-1782927692890442
-1782932640347402
-1782932804175293
-1782927684477578
-1782927691739949
-1782927691759350
-1782927691924614
-1782927692888559
-1782927693051908
-1782932640427995
-1782932804222648
-1782927684591473
-1782927691763306
-1782927692117223
-1782927692011973
-1782927692969985
-1782927693132913
-1782932640503082
-1782933357689347
-1782927800258996
-1782927803700621
-1782927803616032
-1782927803744826
-1782927807156958
-1782927814059631
-1782932826132017
-1782933357837357
-1782927800817705
-1782927806613267
-1782927806447666
0
0
0
0
0
0
0
0
0
0
0
0
0
0
0
0
0
0
0
0
0
0
0
0
0
0
0
0
0
-1782927802499801
-1782927806615531
-1782927806822951
-1782927807239729
-1782927807886010
-1782927814791909
-1782932826215018
-1782933357929634
-1782927802852033
-1782927806997877
-1782927806907657
-1782927807328593
-1782927807936627
-1782927814901731
-1782932826308751
-1782933358020708
-1782927803985176
-1782927807815368
-1782927808664696
-1782927809357989
-1782927810142061
-1782927815447699
-1782932826396516
-1782933358111263
-1782927804832704
-1782927807821039
-1782927808778924
-1782927809444159
-1782927810224959
-1782927815527848
-1782932826485422
-1782933358200672
-1782927805479159
-1782927807823036
-1782927925701761
-1782927926739995
-1782927810305747
-1782927815570225
-1782932890835006
-1782933606783039
-1782927923012438
-1782927924455488
-1782927925781980
-1782927926783960
-1782927927880647
-1782927930079051
-1782932891452668
-1782933607990567
-1782927923074464
-1782927924548572
-1782927926189275
-1782927926908226
-1782927928130636
-1782927930180769
-1782932891458063
-1782933608083078
-1782927924709896
-1782927926577913
-1782927927670655
-1782927927909351
-1782927928815988
-1782927930261310
-1782932891460114
-1782933608232045
-1782927924754067
-1782927926662190
-1782927927758727
-1782927931430333
-1782927931828569
-1782927932944286
-1782932891539629
-1782933608321688
-1782927927029022
-1782927928706574
-1782927929255791
-1782927931558275
-1782927931905671
-1782927933150196
-1782932891541722
-1782933608513101
-1782927927121048
-1782927928776007
-1782927929335199
-1782927932602051
-1782927933176053
-1782927933989117
-1782932891549102
-1782933608559225
-1782927928206660
-1782927930825354
-1782927931477922
-1782927932683990
-1782927933181405
-1782927934104963
-1782932891554157
-1782933608651395
-1782927928285347
-1782927930961817
-1782927940949665
-1782927941758454
-1782927941800400
-1782927941798347
-1782932891620614
-1782933608704757
-1782927935672626
-1782927938293654
-1782927941026828
-1782927941802293
-1782927942420473
-1782927943780517
-1782932891622640
-1782933608807652
-1782927935705762
-1782927938374731
-1782927941101416
-1782927941876616
-1782927942817607
-1782927943782479
-1782932891731541
-1782933608871197
-1782927935784910
-1782927938477174
-1782927941115446
-1782927941960736
-1782927942862892
-1782927943870197
-1782932891733503
-1782933608932956
-1782927935867117
-1782927938506860
-1782927941237462
-1782927942066438
-1782927942976989
-1782927943952441
-1782932891889774
-1782933608986711
-1782927935976501
-1782927942511738
-1782927943530137
-1782927944299801
-1782927944179513
-1782927944966399
-1782932891983404
-1782933609044473
-1782927936654526
-1782927942566675
-1782927943617838
-1782927944436816
-1782927944390558
-1782927945138125
-1782932891985322
-1782933609136093
-1782927936733019
-1782927942628919
-1782927943698918
-1782927944552178
-1782927944392460
-1782927945215926
-1782932891987247
-1782933609224190
-1782927936811222
-1782927942694271
-1782928178716419
-1782928178978226
-1782928179708530
-1782928181140896
-1782933019575582
-1782933976665209
-1782928175504581
-1782928177459061
-1782928178737601
-1782928179081265
-1782928179786841
-1782928181231735
-1782933019701575
-1782933976756131
-1782928175600746
-1782928178023390
-1782928179165387
-1782928180114489
-1782928180809074
-1782928181386609
-1782933019812575
-1782933976841540
-1782928176205743
-1782928178099670
-1782928179307988
-1782928180148098
-1782928180843858
-1782928181476676
-1782933019899283
-1782933976923940
-1782928176822668
-1782928178698261
-1782928179412958
-1782928180214324
-1782928180845782
-1782928181520578
-1782933019987333
-1782933976990335
-1782928176912973
-1782928178714353
-1782928179414892
-1782928180216484
-1782928180968163
-1782928181605910
-1782933020066969
-1782933977117133
-1782928297367268
-1782928298438909
-1782928299266935
-1782928300357767
-1782928301506050
-1782928301204822
-1782933144949554
-1782933985148352
-1782928297545221
-1782928298586677
-1782928300489086
-1782928301050887
-1782928301609533
-1782928302472861
-1782933145051306
-1782933985231637
-1782928298345172
-1782928299293183
-1782928300534103
-1782928301965039
-1782928301949240
-1782928307906182
-1782933145152408
-1782933985318025
-1782928299884698
-1782928301334337
-1782928302391167
-1782928302313384
-1782928302889296
-1782928307954952
-1782933145249205
-1782933985397424
-1782928299890423
-1782928301354958
-1782928302430951
-1782928302343805
-1782928302921890
-1782928307994370
-1782933145350978
-1782933985529185
-1782928300579603
-1782928302474823
-1782928302963904
-1782928304986484
-1782928306551167
-1782928308035980
-1782933145496045
-1782933985561050
-1782928300680226
-1782928309721933
-1782928310065915
-1782928310354675
-1782928310031944
-1782928310621177
-1782933145597551
-1782933985675850
-1782928305310099
-1782928309820361
-1782928310186184
-1782928310586776
-1782928310233456
-1782928310622975
-1782933145762306
-1782934171683811
-1782928306394327
-1782928309998660
-1782928310390812
-1782928310588950
-1782928310235308
-1782928310701503
-1782933145885713
-1782934171807827
-1782928306553134
-1782928310231399
-1782928310424634
-1782928310590805
-1782928310583963
-1782928312029772
-1782933145918336
-1782934171810688
-1782928306555118
0
0
0
0
0
0
0
0
0
0
0
0
0
0
0
0
0
0
0
0
0
0
0
-1782928307890821
25347459936
25347435372
25347599057
25345033674
25345523064
20512822804
19487464053
25350852880
25348852607
0
0
0
0
0
0
0
0
-1782928310778027
-1782928312079471
-1782928313169645
-1782928313687825
-1782933146484892
-1782934171814747
-1782928308661414
-1782928310619293
-1782928310816648
-1782928312084597
-1782928313171564
-1782928313971950
-1782933146895429
-1782934171844552
-1782928308701864
-1782928310703508
-1782928310818536
-1782928312125366
-1782928313173406
-1782928313977288
-1782933146926241
-1782934172002884
-1782928308811857
-1782928310705386
-1782928310820573
-1782928312127289
-1782928313249684
-1782928313979181
-1782933146996532
-1782934172216577
-1782928429998097
-1782928433564077
-1782928433662475
-1782928434083834
-1782928433996494
-1782928438113946
-1782933273646174
-1782934318964073
-1782928430215690
-1782928434990964
-1782928435479463
0
0
0
0
0
0
0
0
0
0
0
0
0
0
0
-1782928435570631
-1782928437140704
-1782928437013813
-1782928438202325
-1782933273855236
-1782934319695651
-1782928432153070
-1782928435164560
-1782928435691556
-1782928437393869
-1782928437054852
-1782928438284574
-1782933273858164
-1782934319750875
-1782928432697685
-1782928435169210
-1782928435781445
-1782928437479902
-1782928437291388
-1782928558161300
-1782933278688193
-1782934322652312
-1782928551793516
-1782928557859997
-1782928557778073
-1782928557991670
-1782928557863998
-1782928558399820
-1782933278758691
-1782934322654472
-1782928551953677
-1782928557862121
-1782928677267870
-1782928678850455
-1782928557879834
-1782928561400372
-1782933278764882
-1782934322764908
-1782928673087593
-1782928677374650
-1782928677634880
-1782928679063561
-1782928558284162
-1782928561496333
-1782933278767004
-1782934322942580
-1782928673208920
-1782928677513169
-1782928677684304
-1782928679205163
-1782928558305026
-1782928561498545
-1782933278768904
-1782934322971278
-1782928673304747
-1782928677799928
-1782928677748504
-1782928679311435
-1782928678758815
-1782928561574464
-1782933278770881
-1782934334101899
-1782928673397579
-1782928677851261
-1782928677958254
-1782928679342967
-1782928679058504
0
0
0
0
0
0
0
0
0
0
0
0
0
0
0
0
0
0
0
0
0
0
0
0
0
0
0
0
0
0
0
0
0
0
0
0
0
0
0
0
0
0
0
0
0
0
0
0
0
0
0
0
0
0
0
0
0
0
0
0
0
0
0
0
0
0
0
0
0
0
0
0
0
0
0
0
0
0
0
0
0
0
0
0
0
0
0
0
0
0
0
0
0
0
0
0
0
0
0
0
0
0
0
0
0
-1782933281224055
-1782934334395297
-1782928674583439
-1782928678523188
-1782928678998143
-1782928679367382
-1782928679892635
-1782928679799220
-1782933281337116
-1782934334800250
-1782928674675761
-1782928678653219
-1782928679000046
-1782928683002403
-1782928698382840
-1782928695364188
-1782933281416043
-1782934337711663
-1782928676043997
-1782928679801277
-1782928679791285
-1782928683004290
-1782928698546533
-1782928695447353
-1782933283633639
-1782934337840698
-1782928676127087
-1782928679887235
-1782928679894524
-1782928683116442
-1782928699227473
-1782928695841665
-1782933283742550
-1782934337963363
-1782928676301065
-1782928680077673
-1782928679896382
-1782928683118371
-1782928699311332
-1782928696253860
-1782933283881759
-1782934338058499
-1782928676396549
-1782928680081355
-1782928680012044
-1782928683120225
-1782928699626813
-1782928696339641
-1782933283940304
-1782934338245431
-1782928676488353
-1782928680095348
-1782928680015827
-1782928683122123
-1782928699854987
-1782928696610777
-1782933284017270
-1782934338248552
-1782928676588180
-1782928680113340
-1782928680097235
-1782928683183295
-1782928699938011
-1782928696890238
-1782933284109424
-1782934338344309
-1782928678070379
-1782928682886301
-1782928682804928
-1782928683185225
-1782928700086705
-1782928701577446
-1782933284786968
-1782934338837337
-1782928678081749
-1782928683000389
-1782928687824118
-1782928689244783
-1782928701660946
-1782928702021521
-1782933284905045
-1782934338970221
-1782928679474552
-1782928685053844
-1782928687909304
-1782928689400414
-1782928702298067
-1782928704144148
-1782933288885873
-1782934375453912
-1782928686968862
-1782928722380350
-1782928722508080
-1782928732844253
-1782928736067027
-1782928736174661
-1782933288943468
-1782934375538439
-1782928688332553
-1782928722731177
-1782928722622594
-1782928733145703
-1782928736261447
-1782928736603464
-1782933289079802
-1782934375766942
-1782928691991667
-1782928722948153
-1782928723231219
-1782928733428290
-1782928736347844
-1782928736691491
-1782933289116321
-1782934375995062
-1782928693795900
-1782928723650655
-1782928723322470
-1782928733704879
-1782928736433843
-1782928736782256
-1782933289250470
-1782934376079998
-1782928694635767
-1782928723784882
-1782928723432148
-1782928733936610
-1782928736518838
-1782928737153292
-1782933289289536
-1782934376224387
-1782928695684762
-1782928723874873
-1782928724845650
-1782928734073589
-1782928736867016
-1782928737300064
-1782933289499584
-1782934376307608
-1782928696713523
-1782928724007287
-1782928725029323
-1782928734218532
-1782928736988720
-1782928737315990
-1782933289508077
-1782934376521688
-1782928697331248
-1782928724220951
-1782928725116419
-1782928734373027
-1782928737069044
-1782928737656777
-1782933289623292
-1782934376784876
-1782928701879121
-1782928724350166
-1782928725241119
-1782928734481576
-1782928737344885
-1782928737787560
-1782933289656149
-1782934376891632
-1782928706108261
-1782928724507721
-1782928725603586
-1782928734569784
-1782928737406495
-1782928737916889
-1782933289763675
-1782934376974609
-1782928707140160
-1782928724718855
-1782928725738197
-1782928734681300
-1782928737469990
-1782928738318557
-1782933289839812
-1782934377229038
-1782928707606552
-1782928725356765
-1782928725825462
-1782928734800346
-1782928737543847
-1782928738530422
-1782933289936491
-1782934377348289
-1782928707978252
-1782928725470361
-1782928725914260
-1782928734913211
-1782928738003882
-1782928738618346
-1782933290160322
-1782934377719668
-1782928708403807
-1782928726136655
-1782928726046637
-1782928735020800
-1782928738089872
-1782928738784891
-1782933290170020
-1782934377725060
-1782928708817517
-1782928726265233
-1782928726503059
-1782928735107048
-1782928738176128
-1782928738962271
-1782933290227695
-1782934377756589
-1782928709228174
-1782928726395900
-1782928726686773
-1782928735206957
-1782928738223967
-1782928739087942
-1782933290252550
-1782934377774609
-1782928874855849
-1782928876405146
-1782928876900765
-1782928877880825
-1782928878227591
-1782928878783932
-1782933355442839
-1782934928140873
-1782928874938852
-1782928876441512
-1782928876997713
-1782928877948435
-1782928878305143
-1782928878866775
-1782933355621010
0
-1782929114628471
-1782929117167351
-1782929117489871
-1782929117754887
-1782929118303584
-1782929118601435
-1782933480664765
0
-1782929115066219
-1782929384202953
-1782929386352173
-1782929387231321
-1782929388054364
-1782929388618678
-1782933855636115
-1782935318797192
-1782929357366839
-1782929384313747
-1782929386439808
-1782929387330862
-1782929388393202
-1782929388714352
-1782933855722815
-1782935318870283
-1782929357460108
-1782929384470410
-1782929386548624
-1782929387610837
-1782929388479795
-1782929388799259
-1782933855825039
-1782935319068465
-1782929358500231
-1782929384668276
-1782929386593111
-1782929387709483
-1782929388995438
-1782929389405569
-1782933855922061
-1782935319112542
-1782929358965875
-1782929384800373
-1782929386696970
-1782929387711442
-1782929389145083
-1782929389498967
-1782933856099342
-1782935319202434
-1782929360634877
-1782929384949636
-1782929386735412
-1782929388144229
-1782929389773926
-1782929389666511
-1782933856199953
-1782935319347001
-1782929361003268
-1782929385087651
-1782929387332920
-1782929389275905
-1782929389862741
-1782929389989441
-1782933856202014
-1782935319414839
-1782929361125231
-1782929385312311
-1782929387447495
-1782929389951794
-1782929390223039
-1782929390043357
-1782933856240694
-1782935319480991
-1782929362186768
-1782929385408000
-1782929387759309
-1782929390368337
-1782929390319888
-1782929390135913
-1782933856305659
-1782935319563753
-1782929362729011
-1782929385506896
-1782929387850436
-1782929390640799
-1782929390553539
-1782929390426173
-1782933856404162
-1782935319627528
-1782929363194748
-1782929385600317
-1782929485265853
-1782929486975693
-1782929490166382
-1782929496085534
-1782933980268046
-1782935551287322
-1782929484224214
-1782929487403126
-1782929487967996
-1782929488750850
-1782929490265170
-1782929496383776
-1782933980346855
-1782935551374386
-1782929484314840
-1782929487488926
-1782929488046998
-1782929488838965
-1782929490372113
-1782929496387641
-1782933980425465
-1782935551833280
-1782929484399520
-1782929487642326
-1782929490257990
-1782929490706723
-1782929491299496
-1782929496389619
-1782933980504404
-1782935551924624
-1782929486169239
-1782929489328939
-1782929490260035
-1782929490790809
-1782929491314871
-1782929496391442
-1782933980683464
-1782935552024311
-1782929486257510
-1782929496656128
-1782929497279879
-1782929498057268
-1782929498409007
-1782929499745877
-1782934042850916
-1782935552112182
-1782929494086200
-1782929496690984
-1782929497428446
-1782929498096333
-1782929498521608
-1782929499852587
-1782934042930014
-1782935552185152
-1782929494165932
-1782929496779167
-1782929497457669
-1782929498098317
-1782929498619640
-1782929499854534
-1782934042996652
-1782935552333758
-1782929494672898
-1782929496889700
-1782929497570379
-1782929498100169
-1782929498749950
-1782929499856486
-1782934043127217
-1782935552338691
-1782929787522627
-1782929789093312
-1782929789763263
-1782929790793800
-1782929791563049
-1782929792951815
-1782934373072739
-1782935578827688
-1782929787638949
-1782929789196161
-1782929789951036
-1782929790795932
-1782929791565189
-1782929793152026
-1782934373181408
-1782935578910361
-1782929787674766
-1782929789289410
-1782929790073151
-1782929790816430
-1782929791567042
-1782929793258845
-1782934373550283
-1782935579018648
-1782929788197226
-1782929789848024
-1782929790311291
-1782929791530267
-1782929791992212
-1782929793298842
-1782934373555365
-1782935579098627
-1782929788280752
-1782929789948954
-1782929790464708
-1782929791613925
-1782929792177699
-1782929793588438
-1782934373742099
-1782935579205550
-1782929788853356
-1782929790776130
-1782929790924204
-1782929791663784
-1782929792286443
-1782929795627420
-1782934374001018
-1782935579394813
-1782929794037567
-1782929794967876
-1782929935939520
-1782929940110978
-1782929941171850
-1782929797055612
-1782934374232377
-1782935579554261
-1782929921498462
-1782929925061489
-1782929936089620
-1782929940307360
-1782929941302280
-1782929942299067
-1782934925605980
0
-1782930045074126
-1782930052976291
-1782930054300943
-1782929940431638
-1782929941429696
-1782930056401520
-1782935356261776
-1782935633505171
-1782930045393073
-1782930053203391
-1782930054410145
-1782930055203583
-1782930056199437
-1782930056491897
-1782935356471214
-1782935633633902
-1782930045395131
-1782930053438226
-1782930054631482
-1782930055291824
-1782930056204732
-1782930056600518
-1782935356543581
-1782935633770574
-1782930047826037
-1782930053619622
-1782930054719061
-1782930055403051
-1782930056206772
-1782930056614825
-1782935356632045
-1782935633959737
-1782930048361680
-1782930053785198
-1782930054850387
-1782930055542372
-1782930056208589
-1782930056723015
-1782935356696038
-1782935634150286
-1782930048715227
-1782930053887265
-1782930055017434
-1782930055637303
-1782930056279486
-1782930056806891
-1782935356774531
-1782935634296598
-1782930161694074
-1782930175020435
-1782930181353074
-1782930182724712
-1782930183906380
-1782930184451312
-1782935361692693
-1782935933431133
-1782930161896752
-1782930175077001
-1782930181462270
-1782930182865481
-1782930183957812
-1782930184559140
-1782935361724545
-1782935933501870
-1782930162494620
-1782930175153434
-1782930181570016
-1782930183016270
-1782930183959846
-1782930184587877
-1782935361726692
-1782935933799847
-1782930164010240
-1782930175226032
-1782930181617980
-1782930183136172
-1782930183961654
-1782930184826704
-1782935361728572
-1782935933802487
-1782930164120645
-1782930175299108
-1782930181736490
-1782930183182877
-1782930183963474
-1782930184942304
-1782935361841527
-1782935933911121
-1782930164122777
-1782930175432064
-1782930181933185
-1782930183299407
-1782930183965322
-1782930185076849
-1782935361845320
-1782935934016982
-1782930164124675
-1782930175582355
-1782930182060968
-1782930183967126
-1782930184831009
-1782930185561894
0
-1782935934135675
-1782930168730853
-1782930176613999
-1782930182090169
-1782930184073469
-1782930184844449
-1782930185668632
0
-1782935934163693
-1782930168835402
-1782930176720451
-1782930182221492
-1782930184075441
-1782930184910467
-1782930185697886
0
-1782935934252394
-1782930169145525
-1782930176987172
-1782930182356373
-1782930184175036
-1782930184912415
-1782930185792339
0
-1782935934330154
-1782930169875305
-1782930177115756
-1782930182385650
-1782930184280230
-1782930185135369
-1782930185865513
0
-1782935934471797
-1782930170607980
-1782930177233873
-1782930182504555
-1782930184282125
-1782930185180231
-1782930371932032
0
-1782936418876200
-1782930358581224
-1782930368557154
-1782930369883261
-1782930369982124
-1782930370535675
-1782930372063155
0
-1782936419046350
-1782930358678809
-1782930368630038
-1782930369984174
-1782930370647512
-1782930371711052
-1782930372536831
0
-1782936419099925
-1782930360249191
-1782930368766370
-1782930369992996
-1782930370729558
-1782930371823334
-1782930372583977
0
-1782936419129072
-1782930360349918
-1782930368919746
-1782930369998041
-1782930370819592
-1782930371825272
-1782930372656225
0
-1782936419241497
-1782930360458323
-1782930369021861
-1782930369999952
-1782930370901682
-1782930372065083
-1782930372727959
0
-1782936419355304
-1782930361397351
-1782930369146976
-1782930370187295
-1782930371012475
-1782930372066966
-1782930372811277
0
-1782936419525354
-1782930361411918
-1782930369148891
-1782930370189192
-1782930371209178
-1782930372198143
-1782930372882625
0
-1782936419528288
-1782930361703008
-1782930369377379
-1782930370217851
-1782930371318308
-1782930372336507
-1782930372991733
0
-1782936419614296
-1782930361737596
-1782930369379380
-1782930370219738
-1782930600068642
-1782930606362588
-1782930607525389
0
-1782936478732308
-1782930597176196
-1782930598508138
-1782930598851771
-1782930600168265
-1782930606498587
-1782930607777882
-1782935607786412
-1782936478837779
-1782930597794480
-1782930607527288
-1782930607434766
-1782930611485102
-1782930610332023
-1782930610440600
-1782935607876798
-1782936478887646
-1782930597932904
-1782930615041135
-1782930611654306
-1782930611894403
-1782930612932340
-1782930614105578
-1782935608131073
-1782936479022575
-1782930602464971
-1782930615153387
-1782930612024247
-1782930612738359
-1782930613903941
-1782930614191919
-1782935608167218
-1782936479078984
-1782930602810399
-1782930615169292
-1782930612192718
-1782930613179228
-1782930614016776
-1782930614278456
-1782935608418432
-1782936479217522
-1782930602921832
-1782930615391475
-1782930612391839
-1782930613502271
-1782930614456192
-1782930614367849
-1782935608713322
-1782936479295597
-1782930606290718
-1782930615471725
-1782930612504513
-1782930613791971
-1782930614641966
-1782930623956035
-1782935609685198
-1782936480066149
-1782930609664176
-1782930621415578
-1782930622267047
-1782930622679753
-1782930624630322
-1782930624197055
-1782935609915155
-1782936480118451
-1782930611766479
-1782930621691114
-1782930622839709
-1782930623355488
-1782930627789200
-1782930628363091
-1782935610376444
-1782936480224356
-1782930615609527
-1782930622427880
-1782930623015718
-1782930623915194
-1782930627895526
-1782930628455711
-1782935610474569
-1782936480363957
-1782930615955492
-1782930622517666
-1782930623438834
-1782930624370433
-1782930627979394
-1782930628539690
-1782935610569449
-1782936480450286
-1782930616283172
-1782930623128375
-1782930623529083
-1782930624744072
-1782930628212907
-1782930628652056
-1782935610672567
-1782936480545173
-1782930616645085
-1782930623221120
-1782930624464681
-1782930625072532
-1782930636872310
-1782930637640361
-1782935668270089
-1782936481286121
-1782930616969271
-1782930623684807
-1782930624547338
-1782930625244023
-1782930636953041
-1782930637724763
-1782935668291207
-1782936481404050
-1782930617334067
-1782930623763730
-1782930624829380
-1782930625326071
-1782930637210797
-1782930637872072
-1782935668352845
-1782936481490389
-1782930618008264
-1782930624265734
-1782930624912810
-1782930625417699
-1782930637331060
-1782930638042448
-1782935669361668
-1782936481577981
-1782930618433300
-1782930624267871
-1782930625155828
-1782930625494935
-1782930637477960
-1782930638127050
-1782935669447615
-1782936481592025
-1782931153931581
-1782931156761276
-1782931158193175
-1782931158280447
-1782931158617285
-1782931160143267
-1782936400616388
-1782936851260544
-1782931155065120
-1782931156881549
-1782931159993937
-1782931161958540
-1782931161956697
-1782931162210562
-1782936400681217
-1782936851291692
-1782931157202663
-1782931159904841
-1782931160095704
-1782931162376586
-1782931162374297
-1782931162286986
-1782936400764114
-1782936851399926
-1782931157565182
-1782931160354493
-1782931161904178
-1782931162417554
-1782931162739591
-1782931163461305
-1782936400909097
-1782936851627627
-1782931158704566
-1782931161954676
-1782931162046754
-1782931162557655
-1782931162873342
-1782931163550092
-1782936400988435
-1782936852062363
-1782931160370028
-1782931163640531
-1782931164280214
-1782931164621108
-1782931165384098
-1782931165975656
-1782936401273400
-1782936852170696
-1782931160672003
-1782931163807142
-1782931164320991
-1782931164889676
-1782931165452943
-1782931166013303
-1782936401333534
-1782936852172877
-1782931161171629
-1782931163821298
-1782931164404602
-1782931165037167
-1782931165534241
-1782931166015295
-1782936401660572
-1782936853564477
-1782931164493855
-1782931166341970
-1782931166438061
-1782931166817006
-1782931601744487
-1782931600385977
-1782936756036171
-1782937100866748
-1782931582181652
-1782931584174232
-1782931588428212
-1782931594809414
-1782931601850524
-1782931600427546
-1782936756453240
-1782937100940449
-1782931585957729
-1782931592844809
-1782931599132033
-1782931600238678
-1782931603136574
-1782931603778981
-1782936756530442
-1782937101061413
-1782931586006755
-1782931592975552
-1782931599245416
-1782931600570855
-1782931603232525
-1782931603865316
-1782936756607878
-1782937101144654
-1782931587362673
-1782931593447907
-1782931599359079
-1782931600925852
-1782931603335807
-1782931603987322
-1782936756716864
-1782937101239827
-1782931587446957
-1782931593536117
-1782931599405728
-1782931601159562
-1782931603392377
-1782931604095493
-1782936756789982
-1782937101392301
-1782931589936220
-1782931596921713
-1782931599523140
-1782931601360329
-1782931603479806
-1782931604231340
-1782936756875968
-1782937101421383
-1782931590172111
-1782931596967110
-1782931599656251
-1782931601589317
-1782931603665141
-1782931604423458
-1782936756968331
-1782937101525860
-1782931590488851
-1782931596969122
-1782931709861361
-1782931710512693
-1782931710921282
-1782931711344503
-1782937524573350
0
-1782931704728968
-1782931709543141
-1782931709993969
-1782931710607567
-1782931711657222
-1782931712060376
-1782937524663629
0
-1782931705103021
-1782931709628021
-1782931710109095
-1782931711031152
-1782931711748443
-1782931831279904
-1782937528015874
-1782937219369066
-1782931825871122
-1782931828830770
-1782931829543485
-1782931829857524
-1782931830626093
-1782931831370742
-1782937528289127
-1782937219486810
-1782931826316146
-1782931828921333
-1782931829697088
-1782931830044810
-1782931831010973
-1782931831594701
-1782937528376478
-1782937220308519
-1782931827116500
-1782931829233746
-1782931829953115
-1782931830237683
-1782931831046841
-1782931831652031
-1782937777642693
-1782937222152324
-1782932008025234
-1782932010048538
-1782932010842057
-1782932016822311
-1782932027300596
-1782932028163994
-1782937777795386
-1782937223054329
-1782932011033300
-1782932017943184
-1782932023964170
-1782932026541540
-1782932027647363
-1782932028790001
-1782937777879076
-1782937223249648
-1782932011993606
-1782932020147807
-1782932024765496
-1782932026883486
-1782932027734886
-1782932029400445
-1782937778798104
-1782937223343688
-1782932012506677
-1782932020393187
-1782932024980105
25094443172
25096074600
25095320282
19345056214
19901576611
25109935352
25104246473
25099885771
25097144155
-1782932028505503
-1782932029804549
-1782937779957919
-1782937223387258
-1782932016155923
-1782932027511966
-1782932028695540
-1782932030024309
-1782932031720703
-1782932032147345
-1782937780010718
-1782937223499442
-1782932017290224
-1782932028369824
-1782932029720735
-1782932030105976
-1782932031813435
-1782932032233143
-1782937780094908
-1782937223501487
-1782932020491554
-1782932029121039
-1782932057120740
-1782932058955514
-1782932060741359
-1782932069505985
0
-1782937531248870
-1782932036835051
-1782932055248012
-1782932057441629
-1782932059137931
-1782932060827247
-1782932069620323
0
-1782937531282081
-1782932037509681
-1782932055667898
-1782932057644995
-1782932059230206
-1782932060918165
-1782932069622290
0
-1782937531310622
-1782932038167909
-1782932055847017
-1782932057853133
-1782932059560577
-1782932069093285
-1782932069725062
0
-1782937531338439
-1782932041379190
-1782932056054111
-1782932057996496
-1782932059574894
-1782932069193694
-1782932070027913
0
-1782937531369834
-1782932043144107
-1782932056215024
-1782932058203092
-1782932059671458
-1782932069211294
-1782932070076469
0
-1782937531372112
-1782932043694961
-1782932056589016
-1782932058407053
-1782932059830153
-1782932069303873
-1782932070182573
0
-1782937531403815
-1782932045491615
-1782932056814404
-1782932058522155
-1782932059912273
-1782932069343095
-1782932070539169
0
-1782937531651730
-1782932144588192
-1782932146752739
-1782932147489276
-1782932147918270
-1782932069467213
-1782932070623304
0
-1782937531689634
-1782932144923951
-1782932146866683
-1782932147536216
-1782932148007330
-1782932148489259
-1782932148904481
-1782937884860297
-1782937651021193
-1782932145006602
-1782932146953952
-1782932147753921
-1782932148101698
-1782932148516606
-1782932149698104
-1782937885011654
-1782937651064396
-1782932145765344
-1782932147622839
-1782932148203096
-1782932148659910
-1782932148959494
-1782932215714566
-1782937887258127
-1782937654085212
-1782932205460244
-1782932212540310
-1782932213079443
-1782932214282374
-1782932215162281
-1782932215729163
-1782937887355359
-1782937654166709
-1782932206219957
-1782932212775140
-1782932213269303
-1782932214413157
-1782932215435888
-1782932215824029
-1782937887436417
-1782937654348158
-1782932209182280
-1782932276833336
-1782932286986340
0
0
0
-1782938133013305
-1782937664336516
0
0
0
0
0
0
0
0
0
0
0
0
0
0
0
0
0
0
0
0
0
0
0
-1782937664431637
-1782932279057664
-1782932289174730
-1782932290473945
-1782932291557516
-1782932292417693
-1782932294104335
-1782938133105522
-1782937664516284
-1782932294577981
-1782932305295049
-1782932307930836
-1782932312390273
-1782932311810569
-1782932313219847
0
-1782937664597432
-1782932295874850
-1782932305403734
-1782932308017076
-1782932312587902
-1782932311942371
-1782932313334862
0
-1782937664611256
-1782932296089827
-1782932305526651
0
0
0
0
0
0
0
0
0
0
0
0
0
0
0
0
0
0
0
0
0
0
0
0
0
0
0
0
0
0
0
0
0
0
0
0
0
0
0
0
0
0
0
0
0
0
0
0
0
0
0
0
0
0
0
0
0
0
0
0
0
-1782937903607880
-1782932398251832
-1782932408992538
-1782932408893042
-1782932410757797
-1782932410210261
-1782932412394882
0
-1782937903912704
0
0
0
0
0
0
0
0
0
0
0
0
0
0
0
0
0
0
0
0
0
0
0
0
0
0
0
0
0
0
0
0
0
0
0
0
0
0
0
-1782937904144345
-1782932398358625
-1782932409348214
-1782932410272928
-1782932411486582
-1782932412019247
-1782932413386868
0
-1782937904532804
-1782932399438715
-1782932409440177
-1782932410318854
-1782932411588400
-1782932412714015
-1782932413591822
0
-1782937904633032
-1782932399529012
-1782932409528507
0
0
0
0
0
0
0
0
0
0
0
0
0
0
0
0
0
0
0
0
0
0
0
0
0
0
0
0
0
0
0
0
0
0
0
0
0
-1782937904873268
-1782932400255906
-1782932409818795
-1782932410453271
-1782932412103016
-1782932413165204
-1782932413897972
0
-1782937904966031
-1782932401308079
-1782932410407383
-1782932410552016
-1782932412860438
-1782932413650225
-1782932414047491
0
-1782937905198084
-1782932401343040
-1782932410409403
-1782932410567649
-1782932413268619
-1782932414456442
-1782932414129228
0
-1782937905272907
-1782932401345073
-1782932410451364
-1782932410706211
-1782932413795294
-1782932423048084
-1782932421969903
0
-1782938023647265
-1782932404355569
-1782932412579290
-1782932413327608
-1782932414537177
-1782932424013591
-1782932422236955
0
-1782938023669857
0
0
0
0
0
0
0
0
0
0
0
0
0
-1782932448499051
0
-1782938024286325
-1782932416307087
-1782932429843664
-1782932430835175
-1782932432041201
-1782932433314123
-1782932448822734
0
-1782938024419555
-1782932416701380
-1782932429878617
-1782932430992386
-1782932432150773
-1782932433516119
-1782932448952527
0
-1782938024527324
-1782932417393454
-1782932430032993
-1782932431136503
-1782932432297742
-1782932433627326
-1782932449102671
0
-1782938024567355
-1782932418048326
-1782932430182232
-1782932431331161
-1782932432423390
-1782932433713668
-1782932449276519
0
-1782938024751615
-1782932419496858
-1782932430356575
-1782932431524626
-1782932432554052
-1782932434018276
-1782932449326706
0
-1782938024854626
-1782932422455509
-1782932430628787
-1782932431619572
-1782932432640723
-1782932434116946
-1782932449431397
0
-1782938143242788
-1782932466822311
-1782932470954945
-1782932471480479
-1782932471692407
-1782932471941990
-1782932473580101
0
-1782938143348862
-1782932486162551
-1782932493054922
-1782932494212921
-1782932494128816
-1782932494452921
-1782932495394871
0
-1782938144937407
-1782932487096784
-1782932494742661
-1782932496169416
-1782932497264610
-1782932498346240
-1782932504740554
0
-1782938144974622
-1782932487214486
-1782932494887225
-1782932496252623
-1782932497425716
-1782932498381210
-1782932504953211
0
-1782938145624438
-1782932487329761
-1782932494977281
-1782932496254648
-1782932497439882
-1782932498494309
-1782932505044471
0
-1782938145658198
-1782932487622084
-1782932495065283
-1782932496256438
-1782932497580451
-1782932498615530
-1782932505128139
0
-1782938145746199
0
0
0
0
0
0
0
0
0
0
0
0
0
0
0
0
0
0
0
0
0
0
0
0
0
0
0
0
0
0
0
0
0
0
0
0
0
0
0
0
0
0
-1782932496314385
-1782932497723644
-1782932498629187
-1782932505211134
0
-1782938145796088
-1782932488291808
-1782932495200022
-1782932496420394
-1782932497812180
-1782932498736299
0
0
0
0
0
0
0
0
0
0
0
-1782932489432830
-1782932495298546
-1782932496506429
-1782932497866801
-1782932498844211
-1782932505343821
0
-1782938145889174
-1782932489746864
-1782932495479429
-1782932496588581
-1782932497964964
-1782932499006838
-1782932505390640
0
-1782938145936591
-1782932490116421
-1782932495566129
-1782932496713378
-1782932498015843
-1782932499168209
-1782932505544417
0
-1782938146082068
-1782932490605814
-1782932495650768
-1782932497000561
-1782932498128845
-1782932499416695
-1782932505649481
0
-1782938146192974
-1782932491075637
-1782932495693877
-1782932497131574
-1782932498257557
-1782932499418758
-1782932505732401
0
-1782938146195112
-1782932491420740
-1782932544725175
-1782932544483863
-1782932544739576
-1782932545286217
-1782932545860734
0
-1782938325236067
-1782932541383520
-1782932544935310
-1782932544587658
-1782932544785216
-1782932545383265
-1782932546037293
0
-1782938325310845
-1782932542139317
-1782932545945216
-1782932546712993
-1782932547416191
-1782932548430360
-1782932549006521
0
-1782938326130335
-1782932543139989
-1782932546164205
-1782932546803993
-1782932547527366
-1782932548531577
-1782932549118836
0
-1782938326219496
-1782932543528123
-1782932546200879
-1782932546893688
-1782932547642367
-1782932548623671
-1782932549259352
0
-1782938326383336
-1782932543868530
26501717659
26381616086
26381357626
-1782932667818431
-1782932668501711
-1782938258273001
-1782938575732444
-1782932664677471
-1782932666299455
-1782932666704030
-1782932667108280
-1782932668036364
0
-1782938258455564
-1782938575734526
0
0
0
0
0
0
0
0
0
0
0
0
0
0
0
0
-1782932669037354
-1782932670104482
-1782932670727981
-1782932671242505
-1782932672200366
-1782932672677190
-1782938258585364
-1782938575736528
-1782932669111824
-1782932670536022
-1782932670804556
-1782932671291287
-1782932672353531
-1782932672744843
-1782938258800336
-1782938575823666
-1782932673536863
-1782932675017403
-1782932676401341
-1782932676274159
-1782932676656815
-1782932677458735
-1782938259009677
-1782938575919089
-1782932673611911
-1782932675093934
-1782932676505842
-1782932676812735
-1782932676734994
-1782932677577571
-1782938259337375
-1782938575997980
-1782932674192281
-1782932676507794
-1782932677466449
-1782932677462702
-1782932677954908
-1782932678451919
-1782938259425145
-1782938576567679
-1782932674297442
-1782932676582112
-1782932677533763
-1782932677464584
-1782932678033760
-1782932678454079
-1782938259510288
-1782938576600304
-1782932675775446
0
0
0
0
0
0
0
0
0
0
0
0
0
0
0
0
0
0
0
0
0
0
0
0
0
0
0
0
0
0
0
0
0
0
0
-1782932678792422
-1782932679360393
-1782938259603953
-1782938576602319
-1782932675875434
-1782932677460852
-1782932677883398
-1782932678565782
-1782932678963933
-1782932679423940
-1782938259652467
-1782938576650722
-1782932797308974
-1782932799018987
-1782932800613373
-1782932800526435
-1782932801062901
-1782932801695548
-1782938263245956
-1782938580850320
-1782932797444711
-1782932799035352
-1782932800615480
-1782932800661714
-1782932801160537
-1782932801901817
-1782938263465648
-1782938580933094
-1782932799986390
-1782932801988086
0
0
0
0
0
0
0
0
0
0
0
0
0
0
0
0
0
0
0
0
0
0
0
0
0
0
0
0
-1782938263594690
-1782938581045014
-1782932800081870
-1782932802075371
-1782932802967116
-1782932802749488
-1782932804846157
-1782932804908645
-1782938263627070
-1782938581089515
-1782932800751879
-1782932803104110
-1782932803014358
-1782932804470521
-1782932806860844
-1782932807009420
-1782938263832489
-1782938581324501
-1782932802125418
-1782932804851682
-1782932805663292
-1782932805399393
-1782932806867547
-1782932807100097
-1782938263968272
-1782938581447115
-1782932802215458
-1782932804906794
-1782932805699210
-1782932805543090
-1782932808273374
-1782932809317918
-1782938264058785
-1782938581497910
-1782932804279081
-1782932806964753
-1782932807240796
-1782932807813041
-1782932808363589
-1782932809444029
-1782938264092709
-1782938581830355
-1782932805701220
-1782932807445650
-1782932808749683
-1782932809143684
-1782932809656106
-1782932810228070
-1782938264186187
-1782938581911789
-1782932805815108
-1782932807682467
-1782932808790599
-1782932809231947
-1782932809743561
-1782932810316409
-1782938264320627
-1782938582202449
-1782932805817101
-1782932807698990
-1782932808792634
-1782932809445982
-1782932809838128
-1782932810402411
-1782938264410817
-1782938582420684
-1782933053620324
-1782933055476627
-1782933055770363
-1782933056281661
-1782933056787220
-1782933057336270
-1782938268845518
-1782938765153200
-1782933358285824
-1782933363289055
-1782933363699820
-1782933364934397
-1782933372968153
-1782933371649478
-1782938867142499
-1782939200618685
-1782933358492471
-1782933363480466
-1782933363932500
-1782933365206140
-1782933373237989
-1782933371964039
-1782938868411162
-1782939201389289
-1782933358494609
-1782933363610115
-1782933364021992
-1782933365304802
-1782933373416684
-1782933372072547
-1782938868496357
-1782939201482312
-1782933358544547
-1782933363762747
-1782933364244669
-1782933365529704
-1782933373616746
-1782933372182222
-1782938868498570
-1782939201489977
-1782933360341082
-1782933364112659
-1782933364333462
-1782933365673029
-1782933373813528
-1782933372778511
-1782938868580532
-1782939201595422
-1782933360594808
-1782933372300455
-1782933378467556
-1782933379056371
-1782933379743803
-1782933380277704
-1782938868899760
-1782939201673496
-1782933361000901
-1782933372556146
-1782933378488243
-1782933379255139
-1782933379853935
-1782933380690310
-1782938869100038
-1782939201890780
-1782933605681147
-1782933606682782
-1782933621112039
-1782933622268634
-1782933622357540
-1782933623281893
-1782939004687407
-1782939336812720
-1782933606824833
-1782933619046370
-1782933621127268
-1782933622588327
-1782933622410618
-1782933624298957
-1782939004760915
-1782939336903222
-1782933609275309
-1782933619139029
-1782933621252676
-1782933622603044
-1782933623350119
-1782933624354694
-1782939004900131
-1782939336942464
-1782933610005029
-1782933619269466
-1782933621402787
-1782933622810079
-1782933623408783
-1782933624356668
-1782939005005334
-1782939337052319
-1782933610157821
-1782933619393888
-1782933621501086
-1782933622815142
-1782933623633486
-1782933624384455
-1782939005140451
-1782939337136982
-1782933613122456
-1782933619484236
-1782933621592678
-1782933622817134
-1782933623685882
-1782933624468111
-1782939005381038
-1782939337220804
-1782933613211910
-1782933619540770
-1782933621683738
-1782933622879287
-1782933623747326
-1782933624470232
-1782939005395000
-1782939337331107
-1782933613688505
-1782933619672494
-1782933621771456
-1782933622986376
-1782933623804457
-1782933624498753
-1782939005501605
-1782939337377063
-1782933613778585
-1782933619686791
-1782933798019271
-1782933805486607
-1782933807035567
-1782933807943144
-1782939133996814
0
-1782933794485539
-1782933797526785
-1782933798149808
-1782933805569611
-1782933807130977
-1782933807948194
-1782939134033037
0
-1782933794499602
-1782933854793470
-1782933854986378
-1782933806014032
-1782933807245969
-1782933857168748
-1782939135187709
-1782940119844714
-1782933853846773
-1782933859625615
-1782933860118736
-1782933861508222
-1782933862043056
-1782933862862279
-1782939135443595
-1782940120060757
-1782933857645694
-1782933859732953
-1782933860480140
-1782933861619447
-1782933862090532
-1782933862947924
-1782939256554531
-1782940120264650
-1782933858379403
-1782933860152308
-1782933860578971
-1782933862142015
-1782933862774534
-1782933863162857
-1782939256588298
-1782940120441675
-1782933858463739
-1782933860204150
-1782933860664899
-1782933862229359
-1782933862992900
-1782933863250627
-1782939256709346
-1782940120671987
-1782933858528071
-1782933860290078
-1782933860794753
-1782933862369540
-1782933863079524
-1782933981424757
-1782939323828036
-1782940236327242
-1782933977230223
-1782933978290767
-1782933980199409
-1782933981278196
-1782933981145579
-1782933981707692
-1782939323912642
-1782940236449058
-1782933977232300
-1782933979013571
-1782933981422737
-1782933981551278
-1782933981235717
-1782933981722173
-1782939324057427
-1782940236487672
-1782933977608243
-1782933979094943
-1782933985921719
-1782933988659050
-1782933986922103
-1782933988061783
-1782939324139316
-1782940236545845
-1782933983147621
-1782933986199635
-1782933986016467
-1782933988724927
-1782933987003354
-1782933988210722
-1782939324315347
-1782940236603386
-1782933983229644
-1782933986342489
-1782933986100315
-1782933988802232
-1782933987097415
-1782933989522827
-1782939324320859
-1782940236696257
-1782933984493809
-1782933988238051
-1782933987184948
-1782933988897339
-1782933988361067
-1782933989565978
-1782939324323119
-1782940238519938
-1782933984572886
-1782933988243445
-1782933987287408
-1782933989052543
-1782933988640459
-1782933989660561
-1782939324374820
-1782940238617856
-1782933984968606
-1782933988414950
-1782933988055996
-1782933989084882
-1782933989658543
-1782933989662413
-1782939324912408
-1782940238724516
-1782934172455456
-1782934181681283
-1782934182325748
-1782934189401808
-1782934203814346
-1782934205215883
-1782939521650507
0
-1782934172847859
-1782934181848270
-1782934192473439
-1782934199368050
-1782934203821461
-1782934205325364
-1782939521835544
0
-1782934175317961
-1782934194128414
-1782934201690332
-1782934199474017
-1782934204016278
-1782934205378785
-1782939521928958
0
-1782934179242903
-1782934194594654
-1782934201848916
-1782934295915246
-1782934296206901
-1782934205495256
-1782939522225366
0
-1782934292958174
-1782934294115229
-1782934296697682
-1782934296446003
-1782934296325729
-1782934297249600
-1782939527247558
-1782940912107749
-1782934294248427
-1782934296699863
-1782934297109074
-1782934297251518
-1782934297715954
-1782934298258407
-1782939527399567
-1782940912183180
-1782934318504031
-1782934325266602
-1782934325342288
-1782934325344265
-1782934327139851
-1782934333292838
-1782939646743781
-1782941224530861
-1782934319828201
-1782934326732849
-1782934341270524
-1782934342197247
-1782934344204300
-1782934345383050
-1782939648850193
-1782941228632461
-1782934320251751
-1782934327273006
-1782934341784529
-1782934342448619
-1782934344328781
-1782934345808387
-1782939648892446
-1782941229110269
-1782934320624976
-1782934327567962
-1782934341901768
-1782934342531746
-1782934344390300
-1782934346038636
-1782939648894638
-1782941229139935
-1782934321075412
-1782934327752968
-1782934343338153
-1782934342770963
-1782934344490175
-1782934346239890
-1782939648896701
-1782941229144439
-1782934321649444
-1782934327904726
-1782934343558930
-1782934342893012
-1782934345130284
-1782934346432331
-1782939648991140
-1782941229302255
-1782934322104020
-1782934327910108
-1782934343720651
-1782934344085773
-1782934345178279
-1782934346685599
-1782939649179417
-1782941229360310
-1782934322484389
-1782934327993000
-1782934343841339
-1782934344558554
-1782934345352790
-1782934346901310
-1782939649343780
-1782941229536690
-1782934323106959
-1782934328078767
-1782934343954976
-1782934344748611
-1782934345611203
-1782934347213860
-1782939649345818
-1782941229644545
-1782934323325275
-1782934328168961
-1782934346572540
-1782934344805705
-1782934345645048
-1782934347415522
-1782939649347715
-1782941229773252
-1782934323811231
-1782934328311657
-1782934347031479
-1782934355258167
-1782934356219790
-1782934356859523
-1782939649462246
-1782941230768962
-1782934326848808
-1782934349822800
-1782934353597259
-1782934355542278
-1782934356334767
-1782934356982673
-1782939649549923
-1782941230849153
-1782934328992359
-1782934349949385
-1782934353752617
-1782934355769554
-1782934356379824
-1782934357365988
-1782939649609776
-1782941230928753
-1782934330568471
-1782934350072212
-1782934353871077
-1782934356631186
-1782934356473624
-1782934357395281
-1782939649676583
-1782941231077439
-1782934332334469
-1782934351397951
-1782934354041903
-1782934357110990
-1782934356697473
-1782934357563267
-1782939649732926
-1782941231182914
-1782934376628001
-1782934351771842
-1782934354181819
-1782934357236160
-1782934398680311
-1782934393175994
-1782939650835523
-1782941232083689
-1782934378186222
-1782934390315132
-1782934396293688
-1782934398239499
-1782934398877430
-1782934399525693
-1782939650923439
-1782941232170736
-1782934378320191
-1782934390515078
-1782934396508516
-1782934398540674
-1782934399129177
-1782934399624658
-1782939651546439
-1782941342823853
-1782934378414861
-1782934390691685
-1782934396726403
-1782934399026267
-1782934399275826
-1782934399731959
-1782939651653556
-1782941342936548
-1782934379458471
-1782934391012135
-1782934624956627
-1782934626004675
-1782934640758706
-1782934640010929
-1782939675356036
-1782941659130380
-1782934616480484
-1782934622900356
-1782934625118863
-1782934626105303
-1782934640925782
-1782934640231560
-1782939675365306
-1782941659276856
-1782934617581019
-1782934625685840
-1782934627568839
-1782934627221660
-1782934641436322
-1782934640338970
-1782939675508218
-1782941659386194
-1782934617680368
-1782934625762935
-1782934627632426
-1782934627280289
-1782934641516024
-1782934640457630
-1782939675510304
-1782941659489447
-1782934634692937
-1782934639372684
-1782934641819866
-1782934643725183
-1782934644360527
-1782934644148175
-1782939675512295
-1782941659785262
-1782934634866363
-1782934639497492
-1782934641917726
-1782934643837611
-1782934644688432
-1782934645281959
-1782939676060379
-1782941660027590
-1782934927843324
-1782934933436691
-1782934933311781
-1782934936368751
-1782934939008883
-1782934934105640
-1782939735430581
-1782941736614947
-1782934927945719
-1782934933520453
-1782934933318000
-1782934936789044
-1782934939088619
-1782934946700105
-1782939735523365
-1782941736828683
-1782934929416945
-1782934942677225
-1782934943847901
-1782934944899556
-1782934945395143
-1782934947059429
-1782939736248652
-1782941736929845
-1782934932211842
-1782934943239692
-1782934943874298
-1782934945460251
-1782934945769464
-1782934947130490
-1782939736459122
-1782941737229293
-1782934932885323
-1782934943242364
-1782934944305067
-1782934945952024
-1782934945850260
-1782934947261575
-1782939736573024
-1782941737343903
-1782934934332020
-1782934943597829
-1782934945105902
-1782934946095824
-1782934946738546
-1782934947481337
-1782939736775851
-1782941737381658
-1782934934822779
-1782934944013028
-1782934945179267
-1782934946179022
-1782934946813433
-1782934947553731
-1782939736897170
-1782941737495282
-1782934935353114
-1782934944079698
-1782934945537358
-1782934946181042
-1782934946997788
-1782934947602394
-1782939736976890
-1782941737622143
-1782934936117556
-1782934944292692
-1782934945615410
-1782934946251255
-1782934946999739
-1782934947677337
-1782939737073563
-1782941846975023
-1782934936483611
-1782934944464534
-1782934946015498
-1782934947001566
-1782934947389252
-1782934947709053
-1782939737110610
-1782941847452760
-1782934937261533
-1782934945268705
-1782934946304031
-1782934947479378
-1782934996392194
-1782934996775371
-1782939738317465
-1782941850053301
-1782934993411693
-1782934994908262
-1782934995434551
-1782934995958062
-1782934996466026
-1782934996855627
-1782939738392903
-1782941978171325
0
0
0
0
0
0
0
0
0
0
0
0
0
0
0
0
0
0
0
0
0
0
0
0
0
0
0
0
0
0
0
0
0
0
0
0
0
0
0
0
0
0
0
0
0
0
0
0
0
0
0
0
0
0
0
0
0
0
0
0
0
0
0
0
0
0
0
0
0
0
0
0
0
0
0
0
0
0
0
0
0
0
0
0
0
0
0
0
0
0
0
0
0
0
0
0
-1782935296744555
-1782935298872400
-1782935300054806
-1782935310785055
-1782935309939581
-1782935311799490
-1782939805506750
-1782941978304565
-1782935296891875
-1782935298921686
0
0
0
0
0
0
0
0
0
0
0
0
0
0
0
0
0
0
0
0
0
0
0
0
0
0
0
-1782935311895383
-1782939805602579
-1782941978439164
-1782935319707515
-1782935321406801
-1782935321918362
-1782935318273048
-1782935322568757
-1782935323344652
0
-1782941991008154
-1782935319908668
-1782935321535120
-1782935321920469
-1782935323427248
-1782935323671732
-1782935323992405
0
-1782941991318793
-1782935428514646
-1782935429991987
0
0
0
0
0
0
0
0
0
0
0
0
0
0
0
0
0
0
0
0
0
0
0
0
0
0
0
0
0
0
0
0
0
0
0
0
0
-1782942100054105
-1782935552527881
-1782935558365567
-1782935581935644
-1782935595708766
-1782935594418675
-1782935596276769
-1782940115988074
-1782942230324144
-1782935552533242
-1782935558454066
-1782935582217672
-1782935596005988
-1782935594576873
-1782935596592499
-1782940116073976
-1782942230327238
-1782935554434095
-1782935561542567
-1782935585414512
-1782935597972486
-1782935594693868
-1782935596881038
-1782940116196160
-1782942230394835
-1782935554553645
-1782935561610509
-1782935585771396
-1782935598027968
-1782935594927873
-1782935597153724
-1782940116277332
-1782942230524859
-1782935554776309
-1782935563270933
-1782935586093184
-1782935598078384
-1782935595056406
-1782935597263346
-1782940116375174
-1782942230542127
-1782935554781222
-1782935563447024
-1782935586493291
-1782935598163338
-1782935595143211
-1782935597459314
-1782940116477216
-1782942230629076
-1782935556458663
-1782935563577764
-1782935586719218
-1782935598318357
-1782935595271044
-1782935597638668
-1782940116554312
0
0
0
0
0
0
0
0
0
0
0
0
0
0
0
0
0
0
0
0
0
0
0
0
0
0
0
0
0
0
0
0
0
0
0
0
0
-1782935600864755
-1782935604470400
0
0
0
0
0
0
0
0
0
0
0
0
0
0
0
0
0
0
0
0
0
0
0
0
0
0
0
0
0
0
0
0
0
0
0
0
0
0
0
0
0
0
0
-1782935593942636
-1782935600004925
-1782935598474681
-1782935601132544
-1782935604614497
0
-1782942230846152
-1782935581631761
-1782935606321153
-1782935610222140
-1782935608591472
-1782935609288126
-1782935612218216
-1782940116755811
-1782942231542119
-1782935589030041
-1782935606516048
-1782935610792624
-1782935608813395
-1782935609355323
-1782935612306840
-1782940116854966
-1782942231664408
-1782935593310938
-1782935636342722
-1782935637060362
-1782935638038023
-1782935638754899
-1782935639155546
-1782940116932262
-1782942231756040
0
0
0
0
0
0
0
0
0
0
0
0
0
0
0
0
0
0
0
0
0
0
0
0
0
0
0
0
-1782935638853278
-1782935639250345
0
-1782942231836759
0
0
0
0
-1782935638959824
-1782935639352007
-1782940117288719
-1782942232029390
0
0
0
0
0
0
0
0
0
0
0
0
0
0
0
0
0
0
0
0
0
0
0
0
0
0
0
0
0
0
0
0
0
0
0
0
0
0
0
0
0
0
0
0
0
-1782935639574590
-1782940117392060
-1782942232125000
-1782935634543669
-1782935636444088
-1782935637192599
-1782935638195637
-1782935639473562
-1782935639671237
-1782940117506582
-1782942232207115
-1782935634578480
-1782935636463246
-1782935637283550
-1782935753810311
-1782935754306374
-1782935755131822
-1782940362592941
-1782942334687213
-1782935749960422
-1782935751494344
-1782935752022246
-1782935753887882
-1782935754525627
-1782935755173217
-1782940362773836
-1782942334690323
-1782935750158276
-1782935751568059
-1782935752527815
-1782935753929331
-1782935754634301
-1782935755301829
-1782940362860986
-1782942334692407
0
0
0
-1782935754135617
-1782935754677293
-1782935755316078
-1782940362940506
-1782942334694298
0
0
0
0
0
0
0
0
0
0
0
0
-1782935755048907
-1782935815881129
-1782940363021996
-1782942334814009
-1782935934479215
-1782935936329080
-1782935940094402
-1782935940105466
-1782935814960677
-1782935815896008
-1782940363101048
-1782942334815974
-1782935934561807
-1782935936352211
-1782935940101395
-1782935940107261
-1782935940113472
-1782935940117100
-1782940548054327
0
-1782935934603906
-1782935936587181
-1782935940103544
-1782935940111632
-1782935940115284
-1782935940119027
-1782940548069339
0
-1782936055732508
-1782936060947535
-1782936065126425
-1782936066552981
-1782936067176123
-1782936067674155
-1782940682508833
-1782942445852586
-1782936056135200
-1782936061027823
-1782936065518572
-1782936066563704
-1782936067277227
-1782936068093435
-1782940682610734
-1782942446075482
0
0
0
-1782936066751118
-1782936067758035
-1782936068177975
-1782940682700694
-1782942446278679
0
0
0
-1782936066842715
0
0
0
0
0
0
0
0
0
0
0
0
0
0
0
0
0
0
0
0
0
0
0
0
0
0
0
0
0
0
-1782936417011891
-1782936417696227
-1782936418109661
-1782936418821256
-1782940873207605
0
-1782936419779520
-1782936422208603
-1782936422645814
-1782936423091571
-1782936423658536
-1782936424293638
-1782940873294594
-1782942448069154
-1782936420030320
-1782936422292582
-1782936422696935
-1782936423181115
-1782936427954649
-1782936428829376
-1782940873367766
-1782942457110976
-1782936420761822
-1782936425533379
-1782936426966905
-1782936427452278
0
0
-1782940873424045
-1782942457112889
0
0
0
0
0
0
0
0
0
0
0
0
0
0
0
0
0
0
0
0
0
0
0
0
0
0
0
0
0
0
0
0
0
0
0
0
0
0
0
0
0
0
0
0
0
0
0
0
0
0
0
0
0
0
0
0
0
0
0
0
0
0
0
0
-1782936478002824
-1782936480007805
-1782936481284031
-1782936481182456
-1782936482304493
-1782936484071447
0
0
0
0
0
0
0
0
0
0
0
0
0
0
-1782936482453835
-1782936484149524
-1782940873638728
-1782942463323819
-1782936481681025
-1782936481092364
-1782936483051737
-1782936483447931
-1782936483737197
-1782936484465419
-1782940873733612
-1782942463431724
-1782936481771142
-1782936482963177
-1782936483328493
-1782936484585232
-1782936490196367
-1782936490811742
-1782940874979750
-1782942463737673
-1782936849261656
-1782936488752029
-1782936489124841
-1782936489790345
-1782936490304498
-1782936490907085
-1782940875019772
-1782942463876073
-1782936849338347
-1782936851124630
-1782936852531991
-1782936862268041
-1782936860195174
-1782936861019835
-1782940946081125
-1782942827667964
-1782936849422689
-1782936851192124
-1782936852614108
-1782936862304687
-1782936860287374
-1782936862952512
-1782940946244711
-1782942827796046
-1782936850370245
-1782936853208112
-1782936854187955
-1782936863814848
-1782936861766233
-1782936863308680
-1782940946348481
-1782942827907798
0
-1782936853289841
-1782936854327846
-1782936863891274
-1782936861891496
-1782936863332205
-1782940946474062
-1782942828039140
0
0
0
0
0
0
0
0
0
0
0
0
0
0
0
0
0
0
0
0
0
0
0
0
0
0
0
0
0
0
0
0
0
0
0
0
0
-1782936863446422
-1782940946600836
-1782942828195084
-1782936850470832
-1782936853370149
-1782936854416582
-1782936863893265
-1782936861913087
-1782936863470858
-1782940946628873
-1782942828244136
-1782936851653654
-1782936854075427
0
0
0
0
0
0
0
0
0
0
0
0
0
0
0
0
0
0
0
0
0
0
0
0
0
0
0
0
0
0
0
0
0
0
0
0
0
0
0
0
0
0
0
0
0
0
0
0
0
0
0
0
0
0
0
0
0
0
0
0
0
0
0
0
0
0
0
0
0
0
0
0
0
0
0
0
0
0
0
0
0
0
0
0
0
0
0
0
0
0
0
0
0
0
0
0
0
0
0
0
0
0
0
0
0
0
0
0
0
0
0
0
0
0
0
0
0
0
0
0
0
0
0
0
0
0
0
0
0
0
0
0
0
0
0
0
0
0
0
0
0
0
0
0
0
-1782936863948145
-1782936862007000
-1782936863619151
-1782940946677874
-1782942828364848
-1782936853597263
25933539465
25933161992
25925216811
25927242132
-1782936863624415
-1782940946809211
-1782942831998511
-1782936853704241
-1782936855164555
-1782936856015991
-1782936864064178
-1782936862180531
-1782936863759068
-1782940946854062
-1782942832482260
-1782936853817139
-1782936855252292
-1782936856155840
-1782936864094548
-1782936862182626
-1782936863781612
-1782940946987879
-1782942832484343
-1782936853831896
-1782936863080938
-1782936862861917
-1782936865963824
-1782936866957325
-1782936867577927
-1782940947098941
-1782942832486253
-1782936860452768
-1782936863170078
-1782936863256377
-1782936866042672
-1782936867057226
-1782936867698868
-1782940947207963
-1782942832488083
-1782936861115408
-1782936864592135
-1782936864635969
-1782936866078044
-1782936867062971
-1782936867790033
-1782940947235603
-1782942832490378
0
0
1782962789415938
0
0
-1782936867838920
-1782940947371531
0
0
0
0
0
0
0
0
0
0
0
0
0
0
0
0
0
0
0
0
0
0
0
0
0
0
0
0
0
0
0
0
0
0
0
0
0
0
0
0
0
0
0
0
0
0
0
0
0
0
0
0
0
0
0
0
0
0
0
0
0
0
0
0
0
0
0
0
0
0
0
0
0
0
0
0
0
0
0
0
0
0
0
0
0
0
0
0
0
0
0
0
0
0
0
0
0
0
0
0
0
0
0
0
0
0
0
0
0
0
0
0
0
0
0
0
0
0
0
0
0
0
0
0
0
0
0
0
0
0
0
0
0
0
0
0
0
-1782937101825019
-1782937104200138
-1782937104800573
-1782937104707000
-1782937105056065
-1782937105502851
-1782941072601279
-1782943089440526
-1782937101854201
-1782937104282494
-1782937104802658
-1782937104832051
-1782937105170111
-1782937105629606
-1782941072672214
-1782943089555564
-1782937103090582
-1782937105645866
-1782937106377921
-1782937107361739
-1782937107900074
-1782937109529663
-1782941072753563
-1782943090896880
-1782937103183542
-1782937105729257
-1782937106574539
-1782937107389096
-1782937107981603
-1782937109623916
-1782941072799118
-1782943091032140
-1782937103270215
-1782937105823210
-1782937106662998
-1782937107421819
-1782937108095756
-1782937109712421
-1782941073807451
-1782943091214131
-1782937103352403
-1782937105894082
-1782937106676862
-1782937107603050
-1782937108170064
-1782937109759826
-1782941073885216
-1782943091344872
0
0
0
0
0
0
0
0
0
0
0
0
0
0
0
0
0
0
0
0
0
0
0
0
0
0
0
0
0
0
0
0
0
0
0
0
0
0
0
0
0
0
-1782937106769860
-1782937107625575
-1782937108231761
-1782937109852712
-1782941073927551
-1782943092157281
-1782937103432287
-1782937105967569
-1782937106849740
-1782937107627698
-1782937108296425
-1782937109933319
-1782941074011134
-1782943092284020
-1782937103701187
-1782937106068449
-1782937106931819
-1782937221825039
-1782937222660563
0
-1782941075624254
-1782943458853308
-1782937220389720
-1782937221900932
-1782937222804522
-1782937222712646
-1782937223780996
-1782937223909121
-1782941075755644
-1782943459997495
-1782937220468789
-1782937221986955
-1782937222891859
-1782937223178260
-1782937224065655
0
0
0
0
0
0
0
0
0
0
0
0
0
0
0
0
0
0
0
0
0
0
0
0
0
0
0
0
0
0
0
0
0
0
0
0
0
0
0
0
0
0
0
0
0
0
0
0
0
0
0
0
0
0
0
0
0
0
0
0
0
0
0
0
0
0
0
-1782937531246508
-1782937224035830
-1782937224623240
-1782937225768789
-1782937224794966
-1782937226922196
-1782941075879768
-1782943460109371
-1782937531428184
-1782937224704756
-1782937407047424
-1782937225846661
-1782937226327445
-1782937537282863
-1782941197420014
-1782943707486384
-1782937531641468
-1782937534112050
-1782937535990389
-1782937535895809
-1782937536316805
-1782937537331294
-1782941197526638
-1782943707880620
-1782937532141416
-1782937534194139
-1782937536060121
-1782937536759215
-1782937536471417
-1782937537333256
-1782941197610875
-1782943707937555
-1782937532182508
-1782937534323135
-1782937536881792
-1782937536809668
-1782937536485108
-1782937537467279
-1782941197699962
-1782943708035192
-1782937649853703
-1782937534556104
-1782937652949347
-1782937653601895
-1782937655217488
-1782937655072064
-1782941200541133
-1782943955644952
-1782937649960042
-1782937652312204
-1782937652984042
-1782937653835660
-1782937655220568
-1782937655224460
-1782941200591805
-1782943955750713
-1782937650603846
-1782937652317548
-1782937653075667
-1782937653930175
-1782937655321725
-1782937655226299
-1782941200594003
-1782943956030818
-1782937651148901
-1782937652611426
-1782937653688848
-1782937655222600
-1782937655323665
-1782937655312428
-1782941200595902
-1782943956132927
-1782937651233947
-1782937652780477
-1782937653821195
-1782937655646345
-1782937655475119
-1782937655707794
-1782941200597847
-1782943956181141
-1782937654448193
-1782937659304378
-1782937659298853
-1782937659296936
-1782937659287709
-1782937659302578
-1782941200599695
-1782943956400588
-1782937654466075
-1782937659306193
-1782937659300702
-1782937659308007
-1782937666612602
-1782937659309943
-1782941200601661
-1782943956403383
0
0
0
0
0
0
0
0
0
0
0
0
0
0
0
0
0
0
0
0
0
0
0
0
-1782937664669887
-1782937666140002
-1782937666717789
-1782937667341623
-1782937668052008
-1782937666994135
-1782941200606818
-1782944076684650
-1782937664792893
-1782937666251618
-1782937666802171
-1782937667481316
-1782937668159060
-1782937668240542
-1782941200750772
-1782944077991382
-1782937664797624
-1782937666288951
-1782937666882684
-1782937667587951
0
0
0
0
0
0
0
0
0
0
0
0
0
0
0
0
0
0
0
0
0
0
0
0
0
0
0
0
0
0
0
0
0
0
0
0
0
0
0
-1782937908769670
-1782937909241783
-1782937909829798
-1782941211198666
-1782944217399204
-1782938024931673
-1782938025574292
-1782938027426222
-1782938028066806
-1782938026239735
-1782938027130014
-1782941218897916
-1782944453009324
-1782938025015358
-1782938026643822
-1782938027440620
-1782938028157115
-1782938029046836
-1782938029716935
-1782941219688662
-1782944453011214
-1782938025088939
-1782938026754858
-1782938027520090
-1782938028311277
-1782938029136904
-1782938029776748
-1782941219871165
-1782944453013175
-1782938025159019
-1782938026759998
-1782938027560707
-1782938145498192
-1782938146905392
-1782938146696909
-1782941276881159
-1782944757984649
-1782938146197208
-1782938146785970
-1782938146484207
-1782938147247110
-1782938147609993
-1782938148146604
-1782941276993462
-1782944758390665
-1782938325467684
-1782938327725859
-1782938328263697
-1782938329177327
-1782938329928567
-1782938331106490
-1782941403913277
-1782944778152638
-1782938325561230
-1782938327819646
-1782938328343376
-1782938329179347
-1782938329935386
-1782938331200078
-1782941403984746
-1782944778187974
-1782938325611633
-1782938327916132
-1782938328452114
-1782938329257587
-1782938330020583
-1782938331394627
-1782941404098265
-1782944778305815
-1782938326472696
-1782938328223163
-1782938329337351
-1782938329465472
-1782938330105185
-1782938331772274
-1782941404133365
-1782944778429369
-1782938327029546
-1782938328621375
-1782938330226772
-1782938329532876
-1782938330924981
-1782938331780049
-1782941404230392
-1782944778534793
-1782938327128873
-1782938329095996
-1782938330239832
-1782938330334585
-1782938331285076
-1782938331843921
-1782941404360018
-1782944778566840
-1782938327158586
-1782938329415106
-1782938330532519
-1782938330389640
-1782938331433037
-1782938332015096
-1782941404365695
-1782944786164604
-1782938570795289
-1782938577560571
-1782938577646919
-1782938578482977
-1782938578356303
-1782938578049415
-1782941777804526
-1782945077148366
-1782938570861928
-1782938577818962
-1782938577710877
-1782938578885778
-1782938578802903
-1782938581654215
-1782941777922144
-1782945077210643
-1782938575723811
-1782938578229106
-1782938578504352
-1782938582083465
-1782938582005912
-1782938581749070
-1782941777973329
-1782945077212780
-1782938576652706
-1782938578673945
-1782938578967104
-1782938582603088
-1782938582461789
-1782938582085493
-1782941778046523
-1782945077214645
-1782938576741025
-1782938579175399
-1782938579049470
-1782938582869839
-1782938582752067
-1782938582136257
-1782941778268905
-1782945077216608
-1782938577254536
-1782938586996320
-1782938587441636
-1782938588296582
-1782938588670449
-1782938589248340
-1782941778278140
-1782945077218510
-1782938579402039
-1782938587188485
-1782938587558327
-1782938588934719
-1782938588895805
-1782938589612055
-1782941778988922
-1782945077220563
-1782938579758881
-1782938587342397
-1782938587841048
-1782938589595072
-1782938589374109
-1782938589750243
-1782941779078274
-1782945077283141
-1782938580128218
-1782938587643197
-1782938587951728
-1782938590053759
-1782938589456056
-1782938589755569
-1782941779123293
-1782945077411308
-1782938580446772
-1782938588098402
-1782938588399239
-1782938590375992
-1782938589867889
-1782938590135712
-1782941779213472
-1782945077441988
-1782938580748074
-1782938588176115
-1782938588501490
-1782938590434696
-1782938589869839
-1782938590217872
-1782941779298451
-1782945077556132
-1782938582713441
-1782938588586463
-1782938589036460
-1782938590436762
-1782938589967324
-1782938590368240
-1782941779381063
-1782945077590195
-1782938583928840
-1782938589329373
-1782938589117850
-1782938590520472
-1782938590051838
-1782938700228496
-1782941780378068
-1782945258971446
-1782938695413276
-1782938697498738
-1782938698446804
-1782938699130712
-1782938700537180
-1782938700803551
-1782941780520922
-1782945259088875
-1782938695427036
-1782938697694231
-1782938698567182
-1782938699214913
-1782938700960336
-1782938700998238
-1782941780609898
-1782945259156530
-1782938695499984
-1782938697698568
-1782938698739758
-1782938699443490
-1782938701553367
-1782938701668117
-1782941780697496
-1782945259158574
-1782938697700466
-1782938700332856
-1782938700575237
-1782938701587352
-1782938701585280
-1782938701764108
-1782941780785036
-1782945259160577
-1782938697980791
-1782938700847773
-1782938700699117
-1782938701908062
-1782938772809897
-1782938773084651
-1782941903117650
-1782945259365105
-1782938765225355
-1782938770473511
-1782938771403887
-1782938772295934
-1782938772955870
-1782938773595736
-1782941903184459
-1782945624332112
-1782938766624467
-1782938770678046
-1782938771523866
-1782938772387581
-1782938773591790
-1782938773678226
-1782941903186744
-1782945624592536
-1782938766716637
-1782938770835209
-1782938771531584
-1782938772525421
-1782938773593840
-1782938773680294
-1782941903192614
-1782945624594851
-1782938887396139
-1782938891111788
-1782938890896144
-1782938891275092
-1782938892137725
-1782938892626804
-1782942451351586
-1782945654260331
-1782938887821705
-1782938891171248
-1782938891003998
-1782938891359529
-1782938892139807
-1782938893022965
-1782942451440254
-1782945654262306
-1782938888515590
-1782938891515783
-1782938891980531
-1782938892141730
-1782938892942802
-1782938893708757
-1782942451498040
-1782945654264212
-1782938888866932
-1782938891606255
-1782938891996788
-1782938892260735
-1782938892944718
-1782938894144854
-1782942451555507
-1782945654269856
-1782938889561977
-1782938892707646
-1782938892511454
-1782938893943106
-1782938893791430
-1782938894325184
-1782942451641938
-1782945654271910
-1782938889826595
-1782938892858857
-1782938892538687
-1782938894159252
-1782938893793362
-1782938894327092
-1782942451884512
-1782945654273887
-1782938890329111
-1782938893036608
-1782938892946563
-1782938894244777
-1782938893846593
-1782938894417040
-1782942451886532
-1782945654399398
-1782939069665709
-1782939070863293
-1782939071677107
-1782939074154515
-1782939075034795
-1782939076983725
-1782942564801502
-1782945667241193
-1782939069758669
-1782939070976143
-1782939071727464
-1782939074239653
-1782939075255843
-1782939077071551
-1782942564933427
-1782945667318271
-1782939071068396
-1782939071729530
-1782939076574475
-1782939076293414
-1782939076123892
-1782939077124954
-1782942565024370
-1782945667443761
-1782939071250137
-1782939074945432
-1782939076576405
-1782939076466919
-1782939076210784
-1782939077234539
-1782942565077954
-1782945667474620
-1782939075320206
-1782939077617183
-1782939078307738
-1782939078892747
-1782939079342874
-1782939080236829
-1782942565399586
-1782945668134647
-1782939075378115
-1782939077705814
-1782939078393538
-1782939078988880
-1782939079432313
-1782939080334346
-1782942565541995
-1782945668244938
-1782939075433515
-1782939077753355
-1782939078395445
-1782939079087374
-1782939079549609
-1782939198863062
-1782942692946672
-1782945723623087
-1782939194486276
-1782939196258644
-1782939196682418
-1782939197305250
-1782939198225646
-1782939198991187
-1782942693196202
-1782945723840018
-1782939194560036
-1782939196338441
-1782939196776535
-1782939197430161
-1782939198315430
-1782939198998784
-1782942693299001
-1782945724095728
-1782939194959590
-1782939196415156
-1782939198604420
-1782939202862834
-1782939200321339
-1782939201222303
-1782942693382784
-1782945724450157
-1782939199442253
-1782939197638136
-1782939198683662
-1782939202876855
-1782939200436246
-1782939201303651
-1782942693384964
-1782945724895101
-1782939199553000
-1782939197757888
-1782939198764092
-1782939202934959
-1782939200515284
-1782939204009434
-1782942693488055
-1782945724948589
-1782939199644060
-1782939202490424
-1782939202335835
-1782939203017730
-1782939203561959
-1782939204023428
-1782942693490372
-1782945725322744
-1782939199795476
-1782939202648606
-1782939202569464
-1782939203188735
-1782939203563962
-1782939204025323
-1782942693637399
-1782945725438948
-1782939200700028
-1782939202783737
-1782939203565879
-1782939203833921
-1782939203754304
-1782939205089162
-1782942693639539
-1782945725847277
-1782939201908166
-1782939203740129
-1782939203912489
-1782939204341794
-1782939204820110
-1782939205141782
-1782942693641744
-1782945726001216
-1782939201982656
-1782939204027171
-1782939328524109
-1782939328433208
-1782939328306513
-1782939328745634
-1782942701604795
-1782945831622802
-1782939321406512
-1782939329409305
-1782939328661000
-1782939329049893
-1782939328961407
-1782939329128324
-1782942701792516
-1782945831698360
-1782939321914713
-1782939329924007
-1782939329916296
-1782939329926068
-1782939331759326
-1782939331851180
-1782942702015952
-1782945831700485
-1782939321949421
-1782939330101804
-1782939329982347
-1782939330243361
-1782939331849208
-1782939331853033
-1782942702182310
-1782945831702425
-1782939322016644
-1782939330361637
-1782939332218815
-1782939332738320
-1782939333066693
-1782939334078929
-1782942702350456
-1782945831704395
-1782939324992030
-1782939332098912
-1782939332308481
0
0
0
0
0
0
0
0
0
0
0
0
0
0
0
0
0
0
0
0
0
0
0
0
0
0
0
0
0
-1782939327627309
-1782939332482924
-1782939332396549
-1782939332889867
-1782939333202854
-1782939334169998
-1782942702603814
-1782945831706358
-1782939336333463
-1782939338851498
-1782939339303542
-1782939339930713
0
0
0
0
0
0
0
0
0
0
0
0
0
0
0
-1782939340298079
-1782939340921267
-1782939340969863
-1782942703146123
-1782945831708320
-1782939337657483
-1782939340096576
-1782939340965882
-1782939340403178
-1782939341608261
-1782939342591623
-1782942703433935
-1782945834302884
-1782939338015712
-1782939340212321
-1782939340967976
-1782939341235175
-1782939341721884
-1782939342635121
-1782942703464030
-1782945834414666
-1782939338333919
-1782939340430236
-1782939341132003
-1782939341450835
-1782939342021932
-1782939342718876
-1782942703631668
-1782945834462392
-1782939699187371
0
0
0
0
0
0
-1782945989135637
0
0
0
0
0
0
0
0
0
0
0
0
0
0
0
0
0
0
0
0
0
0
0
0
0
0
0
0
0
0
0
0
0
0
0
0
0
0
0
0
0
0
0
0
0
0
0
0
-1782940115596745
-1782940126290360
-1782940129456511
0
0
-1782940130868173
-1782943316767038
-1782945992066611
0
0
0
0
0
0
0
0
0
0
0
0
0
0
0
0
0
0
0
0
0
0
0
0
-1782940121333730
-1782940141807222
-1782940143368223
-1782940144621739
-1782940145541954
-1782940146378665
-1782943316981769
-1782945995808522
-1782940123132604
-1782940142006225
-1782940143489503
-1782940144737178
-1782940145647390
-1782940146589593
-1782943316983946
-1782945996170393
-1782940124949605
-1782940142134638
-1782940143694130
-1782940144863985
-1782940145843661
-1782940146774584
-1782943317139472
-1782945996172486
-1782940127199786
-1782940142361848
0
0
0
0
-1782943319964253
-1782946064243442
0
0
0
0
0
0
0
0
0
0
0
0
0
0
0
0
0
0
0
0
0
0
-1782943320063691
-1782946064288241
-1782940238756707
-1782940244051820
-1782940245273722
-1782940246224240
-1782940246927444
-1782940248094210
-1782943320199571
-1782946064290569
-1782940238845174
-1782940244158799
-1782940245471835
-1782940246335714
-1782940247021431
-1782940248100082
-1782943320394675
-1782946064371758
-1782940239334494
-1782940244339316
-1782940245486104
-1782940246426401
-1782940247161173
-1782940248181938
-1782943320583193
-1782946064472663
-1782940239421281
-1782940244451032
-1782940249931363
-1782940250881736
-1782940564939714
-1782940251658460
-1782943320743047
-1782946064833481
-1782940549595294
-1782940556947384
-1782940557411627
-1782940565369661
-1782940565067146
-1782940565630028
-1782943332167917
-1782946071067229
-1782940550094102
-1782940557110248
-1782940557523427
-1782940565472231
-1782940565177943
-1782940565854797
-1782943332293772
-1782946071169161
-1782940550179448
0
0
0
0
0
0
0
0
0
0
0
0
0
0
0
0
0
0
0
0
0
0
0
0
0
0
0
0
0
0
0
0
0
0
0
0
0
0
0
0
0
0
0
0
0
0
0
0
0
0
0
0
0
0
0
0
0
0
0
0
0
0
0
0
0
0
0
0
0
0
0
0
0
0
0
0
0
0
0
0
0
0
0
0
0
0
0
0
0
0
0
0
0
0
0
-1782941229275369
-1782940916885079
-1782940917833955
-1782940919395002
-1782940919087241
-1782940922439100
-1782943519011908
0
-1782941231303136
-1782940921478280
-1782940922150142
-1782941253674237
-1782941252486904
-1782941254622452
-1782943768121905
-1782946086721586
-1782941231396395
-1782941247869656
-1782941248843048
-1782941253899285
-1782941252659714
-1782941254740523
-1782943768334376
-1782946086831638
-1782941231483465
-1782941248126977
-1782941248953081
-1782941254111660
-1782941252873853
-1782941254907347
-1782943770010940
-1782946087030026
-1782941231723605
-1782941248232410
-1782941249119046
-1782941362623334
-1782941253113104
-1782941254958596
-1782943770130660
-1782946087148388
-1782941343336083
-1782941357326685
-1782941361356860
-1782941362765143
-1782941364044688
-1782941255095153
-1782943770132661
-1782946196323893
-1782941343430709
-1782941357721829
-1782941361444321
-1782941363073722
-1782941364051565
-1782941364587026
-1782944261231625
-1782946196495909
-1782941344472241
-1782941357852637
-1782941361564479
-1782941363180815
-1782941364108297
-1782941364688050
-1782944262491195
-1782946196602627
-1782941344526118
-1782941358097573
-1782941361652117
-1782941363289060
-1782941364158637
-1782941364792423
-1782944262498213
-1782946196701183
-1782941347465766
-1782941358263547
-1782941361747470
-1782941363403530
-1782941364244918
-1782941364892824
-1782944262500283
-1782946196832519
-1782941348092029
-1782941358598453
-1782941361749588
-1782941363448761
-1782941364446921
-1782941364984913
-1782944262502347
-1782946196975764
-1782941528163222
-1782941532525957
-1782941535028119
-1782941534779428
-1782941534687022
-1782941532882103
-1782944267268202
-1782946199511671
-1782941529845522
-1782941532608837
-1782941535121541
-1782941534781460
-1782941535976402
-1782941535730135
-1782944267337454
-1782946199694484
-1782941530676049
-1782941532685243
-1782941535616306
-1782941534852507
-1782941535992329
-1782941536110714
-1782944268913057
-1782946199803910
-1782941545338564
-1782941571172340
-1782941572046759
-1782941577419531
-1782941560784149
-1782941553826611
-1782944340381007
-1782946203075606
-1782941546639731
-1782941571506627
-1782941572465790
-1782941577421391
-1782941577426883
-1782941577434110
-1782944406350803
-1782946373145581
-1782941547148900
-1782941571924950
-1782941577415296
-1782941577425030
-1782941577430506
-1782941577435785
-1782944406430141
-1782946373516120
-1782941547739236
-1782941572319556
-1782941577417516
-1782941577428683
-1782941577432309
-1782941577837098
-1782944406546910
-1782946373601186
-1782941549154090
-1782941577423211
-1782941663957340
-1782941666175665
-1782941667635478
-1782941668597758
-1782944406645335
-1782946373915069
-1782941660178521
-1782941663374170
-1782941664127290
-1782941666267384
-1782941667751547
-1782941668859958
-1782944409939427
-1782946551787736
-1782941660290146
-1782941663714912
-1782941666061339
-1782941666351898
-1782941667930470
-1782941668945315
-1782944409989390
-1782946552135599
-1782941661029304
-1782941663831223
-1782941666538597
-1782941666453818
-1782941668048685
-1782941669028044
-1782944409991707
-1782946552174941
-1782941719156624
-1782941724160577
-1782941725074977
-1782941724980378
-1782941669453013
-1782941669704904
-1782944409993645
-1782946552266456
-1782941719602441
-1782941724238723
-1782941725076826
-1782941725072980
-1782941736093247
-1782941736638427
-1782944537585942
-1782946558784314
-1782941720112647
-1782941724506077
-1782941725332291
-1782941725330270
-1782941736634609
-1782941736640262
-1782944537588969
-1782946558923634
-1782941720483741
-1782941725152112
-1782941735879718
0
0
0
0
0
0
0
0
0
0
0
0
0
0
0
0
0
0
0
0
0
0
0
0
0
0
0
0
0
0
0
0
0
0
0
0
-1782946559123551
-1782941720561290
-1782941725154045
-1782941736098079
-1782941736096178
-1782941736636594
-1782941736713581
-1782944539096320
-1782946559174317
-1782941720563428
-1782941725324525
-1782941736130406
-1782941736269302
0
0
0
0
0
0
0
0
0
0
0
0
0
0
0
0
0
0
0
0
0
0
0
0
0
0
0
0
0
0
0
0
0
0
0
0
-1782941847500431
-1782941738982992
-1782941739575326
-1782941740051641
-1782941740568335
-1782941741163053
-1782944539240380
-1782946560169169
-1782941847698954
-1782941849867803
-1782941852526046
-1782941854747028
-1782941854888505
-1782941860483361
-1782944644072261
-1782946571382304
-1782941847709667
-1782941849946507
-1782941853775696
-1782941854749320
-1782941856041231
-1782941860590078
-1782944644283397
-1782946571439225
-1782941848573363
-1782941853230873
-1782941854504640
-1782941855194745
-1782941856137144
-1782941860875608
-1782944644562605
-1782946571441090
-1782941850222349
-1782941854751155
-1782941854895559
-1782941856135092
-1782941856139004
-1782941860919653
-1782944644564865
-1782946571448787
-1782941850565802
-1782941855140552
-1782941855295668
-1782941856144383
-1782941856336448
-1782941861030947
-1782944644712120
-1782946571485099
-1782941850900683
-1782941855189573
-1782941855297703
-1782941856146323
-1782941856665729
-1782941861258462
-1782944644772028
-1782946571528213
-1782941971532992
-1782941979010341
-1782941984921746
-1782941986621761
-1782941987131334
-1782941988172166
-1782945012160723
-1782946686898547
-1782941971898919
-1782941979432856
-1782941985011730
-1782941986653423
-1782941987162588
-1782941988299086
0
0
0
0
0
0
0
0
0
0
0
0
0
0
0
0
0
0
0
0
0
0
0
-1782941988301203
-1782945012417844
-1782946686968685
-1782941972508589
-1782941982013974
-1782941985050958
-1782941986783788
-1782941987384288
-1782941988475902
-1782945012420294
-1782946686970955
0
0
0
0
0
0
0
0
0
0
0
0
0
0
0
0
0
0
0
0
0
0
0
0
0
0
0
0
0
0
0
0
0
0
0
0
0
0
0
0
0
0
0
0
0
0
0
0
0
0
0
0
0
0
0
0
0
0
0
0
0
0
0
0
-1782941991200015
-1782941986154184
-1782941986888503
-1782941987524501
-1782941988082083
-1782941990627574
-1782945012598111
-1782946687643398
-1782941991441808
-1782941996130850
-1782941997076945
-1782941999791444
-1782942000570980
-1782942000561362
-1782945012600209
-1782946687767451
-1782941991630632
-1782941996545300
-1782941997263663
-1782941999896598
-1782942000572835
-1782942000568885
-1782945012871294
-1782946687812849
-1782941992091260
-1782941996623958
-1782941997381256
-1782941999898580
-1782942000574643
-1782942000665914
-1782945012873291
-1782946687814871
-1782941992704538
-1782941997121119
0
0
0
0
0
0
0
0
0
0
0
0
0
0
0
0
0
0
0
0
0
0
-1782941993608383
-1782941997465416
-1782941997582392
-1782942104347892
-1782942104904114
-1782942000785401
-1782945016715676
-1782946823436581
-1782942100161367
-1782942103256730
-1782942103591255
-1782942104393703
-1782942104998024
-1782942108805180
-1782945016766662
-1782946823573791
-1782942101753606
-1782942105383323
-1782942106735746
-1782942106645708
-1782942107159983
-1782942110263978
-1782945016950417
-1782946823576068
-1782942101843442
-1782942105427250
-1782942106833474
0
0
0
0
0
0
0
0
0
0
0
0
0
0
0
0
0
0
0
0
0
0
0
0
0
0
0
0
0
0
0
0
0
0
0
-1782945017150335
-1782946823665403
-1782942230903783
-1782942233012117
-1782942233538966
-1782942233675160
-1782942108395620
-1782942110548822
-1782945118559348
-1782946823667418
-1782942232236171
-1782942233089488
-1782942233833134
-1782942233755982
-1782942236929568
-1782942234532768
-1782945181338701
-1782946985960272
-1782942232337777
-1782942234586678
-1782942235566717
-1782942236273479
-1782942237111363
-1782942237531491
-1782945181386524
-1782946986085424
-1782942232414848
-1782942234635159
-1782942235772854
-1782942236350858
-1782942237116345
-1782942237582270
-1782945181388652
-1782946986160926
-1782942232494864
-1782942234742290
-1782942235854252
-1782942236394134
-1782942237209294
-1782942237660420
-1782945181469572
-1782946986236067
-1782942232536539
-1782942234827981
-1782942235895671
-1782942236443647
-1782942237242670
-1782942237805889
-1782945181541426
-1782946986302658
-1782942232618688
-1782942316817822
-1782942318954776
-1782942318949402
-1782942351295091
-1782942352366439
-1782945431906456
-1782947116406863
-1782942316812557
-1782942316819728
-1782942318956750
-1782942318952599
-1782942351302694
-1782942352371486
-1782945432018652
-1782947116518416
-1782942316815757
-1782942316821567
-1782942318958621
-1782942337522178
-1782942352395636
-1782942372618421
-1782945432070940
-1782947116608989
-1782942334696307
-1782942341658583
-1782942345808156
-1782942372466883
-1782942355055740
-1782942372620361
-1782945432225055
-1782947116630196
-1782942334804081
-1782942341660583
-1782942348372418
-1782942372469926
-1782942355058649
-1782942372624082
-1782945432230610
-1782947116758170
-1782942334808011
-1782942341662567
-1782942348375496
-1782942372472023
-1782942355060725
-1782942372641136
-1782945432379019
-1782947116905542
-1782942334809960
-1782942345810253
-1782942348377499
-1782942372473942
-1782942355062620
-1782942372642972
-1782945432381032
-1782947116998943
-1782942334811969
-1782942345812215
-1782942348379538
-1782942372475905
-1782942355064579
-1782942372644788
-1782945432432899
-1782947117088568
-1782942334817849
-1782942345814190
-1782942348381356
-1782942372477792
-1782942355066542
-1782942372646606
-1782945432559838
-1782947117178850
-1782942334819789
-1782942345816175
-1782942348456035
-1782942372479770
-1782942355068782
-1782942372648448
-1782945432562030
-1782947117235780
-1782942334821684
-1782942345818146
-1782942348571266
-1782942372481762
-1782942355070692
-1782942372650303
-1782945432564015
-1782947117263481
-1782942337517213
-1782942348633128
-1782942351304795
-1782942372483742
-1782942355134271
-1782942372652161
-1782945432620476
-1782947117369043
-1782942337520086
-1782942349514462
-1782942351306666
-1782942372485647
-1782942355167333
-1782942372654023
-1782945432742231
-1782947117396733
-1782942337910830
-1782942372614362
-1782942372631947
-1782942372655866
-1782942372663099
-1782942372672102
-1782945433540056
-1782947117510972
-1782942341655360
-1782942372622186
-1782942372633763
-1782942372657698
-1782942372664939
-1782942372673898
-1782945433831802
-1782947117641477
-1782942341664575
-1782942372626057
-1782942372635567
0
0
0
0
0
0
0
0
0
0
0
0
0
0
0
0
0
0
0
0
0
0
0
0
0
0
0
0
0
0
0
0
0
-1782942372666735
-1782942372675743
0
-1782947117666590
-1782942345804973
-1782942372628064
-1782942372637448
-1782942372659529
-1782942372668567
-1782942372677727
-1782945433837282
-1782947117758709
-1782942345820113
-1782942372630068
-1782942372639279
-1782942372661285
-1782942372670370
-1782942372679547
-1782945433839276
-1782947117798427
-1782942349521892
0
-1782942450451168
-1782942451299376
-1782942457114811
-1782942458414502
-1782945556384642
-1782947183127691
-1782942446293235
-1782942449452077
-1782942457091685
-1782942457232618
-1782942457118667
-1782942458437210
-1782945556493705
-1782947183256229
-1782942448158426
-1782942451095780
-1782942457106774
-1782942457471641
-1782942457120491
-1782942458501482
-1782945556629390
-1782947183418244
-1782942448206231
-1782942451208267
-1782942457108851
-1782942457757323
-1782942457125413
-1782942459040136
0
0
0
0
0
0
0
0
0
0
0
0
0
0
0
0
0
0
0
0
0
0
0
0
0
0
0
0
0
0
0
0
0
0
0
0
0
0
0
0
0
0
0
0
0
0
0
0
0
0
0
0
0
0
0
0
0
0
0
0
0
0
0
0
0
0
0
0
0
0
0
0
0
0
0
0
0
0
0
0
0
0
0
0
0
0
0
0
0
0
0
0
0
0
0
0
0
0
0
0
0
0
0
0
0
0
0
0
0
0
0
0
0
0
0
0
0
0
0
0
0
0
0
0
0
0
0
0
0
0
0
0
0
0
0
0
0
0
-1782942457116752
-1782942468171994
-1782942469697125
-1782942471281060
-1782942471027327
-1782942472232572
-1782945680805897
-1782947185781160
-1782942457582292
-1782942468896252
-1782942470382458
-1782942471658392
-1782942480704339
-1782942486077961
-1782945684721944
-1782947201795320
-1782942461242986
-1782942469056636
-1782942470474144
-1782942471798225
-1782942481238915
-1782942486567149
-1782945684780283
-1782947201921838
-1782942462850675
-1782942469422021
-1782942470577949
-1782942471876247
-1782942481905322
-1782942486738817
-1782945684919579
-1782947202021951
-1782942464102408
-1782942469841716
-1782942490683289
-1782942495513937
-1782942496286597
-1782942496600842
-1782945738856060
-1782947203540955
-1782942475728098
-1782942491078955
-1782942490935695
-1782942495586767
-1782942496382340
-1782942496903875
-1782945738964093
-1782947203637836
-1782942476290810
-1782942491328508
-1782942501449586
-1782942503491676
-1782942504961200
-1782942506520039
-1782945739477166
-1782947428380739
-1782942526232018
-1782942539516364
-1782942543786963
-1782942545177155
-1782942542325287
-1782942547125037
-1782945739583108
-1782947428564216
-1782942526714004
-1782942541297618
-1782942544160400
-1782942545414253
-1782942546132962
-1782942547208093
-1782945923114868
-1782947552392455
-1782942527476797
-1782942541645470
-1782942544239806
-1782942545526671
-1782942546280546
-1782942547356597
-1782945923217977
-1782947552578492
-1782942528414215
-1782942541825622
-1782942544241850
-1782942545668983
-1782942546366437
-1782942547398666
-1782945923368280
-1782947552580562
-1782942529105856
-1782942541988745
-1782942544435023
-1782942545783158
-1782942546450219
-1782942547479966
-1782945923574409
-1782947552582522
-1782942531644413
-1782942542178378
-1782942544540654
-1782942545866723
-1782942546667380
-1782942547570355
-1782945923702208
-1782947552584456
-1782942533060100
-1782942542621695
-1782942544699730
-1782942546022688
-1782942546749952
-1782942547602485
-1782945923776824
-1782947552586431
-1782942534128929
0
0
0
0
0
0
0
0
-1782942542722975
-1782942544908714
-1782942546584861
-1782942546852593
-1782942547714799
-1782945923855347
-1782948039302401
-1782942766428729
-1782942768678326
-1782942769855680
-1782942770372198
-1782942771185224
-1782942771640549
-1782945933875209
-1782948039487476
-1782942828367035
-1782942835019938
-1782942837803559
0
0
0
0
0
0
0
0
0
0
0
0
0
0
0
0
0
0
0
0
0
0
0
0
0
0
0
0
0
0
0
0
0
0
0
0
0
0
0
0
0
0
0
0
0
0
0
0
0
0
0
0
0
0
0
-1782942837979848
-1782942841953529
-1782942845656397
-1782942840771003
-1782946180406426
-1782948043997463
-1782942832499143
-1782942837873295
-1782942838581973
-1782942842937588
-1782942845869412
-1782942840826244
-1782946180518495
-1782948044430503
-1782942832504355
-1782942838148152
-1782942853332188
-1782942843242226
-1782942855876412
-1782942856104597
-1782946180638815
-1782948348983915
-1782942834481711
-1782942851699115
-1782942853549906
-1782942854561874
-1782942856369925
-1782942856214706
-1782946363112832
-1782948349080305
-1782942834587080
-1782942851896064
-1782942853954339
-1782942854839739
-1782942856494784
-1782942856323920
-1782946363239200
-1782948349620898
-1782942835869576
-1782942852277342
-1782942854073006
-1782942855311225
-1782942856528494
-1782942856636950
-1782946363298473
-1782948349811415
-1782942840097250
-1782942852582481
-1782942854247094
-1782942855503703
-1782942856530572
-1782942856715117
-1782946364189295
-1782948350178017
-1782942841219742
-1782942852809519
-1782942854370664
-1782942855990838
-1782942856913046
-1782942856876737
-1782946364275118
-1782948350270933
-1782942855114242
-1782942860928456
-1782942861912796
-1782942972605150
-1782942973298196
-1782942863580755
-1782946364277398
0
-1782942965013500
-1782942969337475
-1782942971947283
-1782942972764647
-1782942973490842
-1782942974189207
-1782946366356760
0
-1782942967048050
-1782942970006587
-1782942972092944
-1782942972797340
-1782942973621248
-1782942974192084
-1782946366428847
0
-1782943087569702
-1782943094898688
-1782943097278001
-1782943099099027
-1782943106944553
-1782943108009506
-1782946387642243
-1782948783151628
-1782943087782691
-1782943095014110
-1782943098056474
-1782943099213117
-1782943107016282
-1782943108011457
-1782946387897047
-1782948783277983
-1782943089603696
-1782943096256862
-1782943098211742
-1782943099251250
-1782943107088992
-1782943108013311
-1782946388268463
-1782948783343932
0
-1782943096324197
-1782943098347189
0
0
-1782943108015174
-1782946388864112
0
-1782943092996600
-1782943097204781
-1782943098465844
-1782943099412465
-1782943107165517
-1782943108108094
-1782946389077183
-1782948783444819
-1782943093455471
-1782943097275913
-1782943098580347
-1782943099560078
-1782943107361189
-1782943108110162
-1782946389249781
-1782948783484746
-1782943095090121
-1782943099215104
-1782943101645100
-1782943101350822
-1782943107363271
-1782943108205061
-1782946391167836
-1782948783613133
-1782943097944781
-1782943102357762
-1782943103641127
-1782943104759647
-1782943107979777
-1782943108605896
-1782946391859931
-1782948783803604
-1782943457478810
-1782943461148980
-1782943463377469
-1782943463254841
-1782943468292750
-1782943477961408
-1782946819028960
-1782948894498735
-1782943458038592
-1782943461776359
-1782943463379556
-1782943463434388
-1782943468350507
-1782943478119192
-1782946819051847
-1782948894597575
-1782943458855750
-1782943462367501
-1782943465566806
-1782943469837892
-1782943470913487
-1782943478341657
-1782946819054077
-1782948894705912
-1782943460167396
-1782943463381525
-1782943465962759
-1782943469947690
-1782943471028948
-1782943478460344
-1782946819309302
-1782948894827271
-1782943472942586
-1782943477756640
25032535884
-1782943483865595
-1782943484412280
-1782943485876263
-1782946819998833
-1782948895239502
-1782943474131173
-1782943480634332
-1782943483852458
-1782943483867425
-1782943484492906
-1782943486036700
-1782946820131200
-1782948895354519
-1782943474663316
-1782943480668496
-1782943483854681
-1782943483869273
-1782943484583797
-1782943486226254
-1782946820164377
-1782948895466316
-1782943475142221
-1782943480888617
-1782943483860098
-1782943483871092
-1782943484698539
-1782943486814565
-1782946820239703
-1782948895576107
-1782943475715321
-1782943481112663
-1782943483861978
-1782943483872925
-1782943484700424
-1782943486917900
-1782946820311461
-1782948895684273
-1782943476056604
-1782943481241529
-1782943483863792
-1782943483874790
-1782943484855894
-1782943489137789
-1782946820378272
-1782948895743423
-1782943478974285
-1782943485475757
-1782943486915650
-1782943487390817
-1782943488580800
-1782943594212884
-1782947549059368
-1782948951425445
-1782943584943783
-1782943587491259
-1782943588159486
-1782943588804647
-1782943593536958
-1782943594386520
-1782947549241680
-1782948951428358
-1782943585022922
-1782943587498332
-1782943588272564
-1782943588910206
-1782943594021136
0
0
0
0
-1782943587500532
-1782943588390744
-1782943589055160
-1782943594023131
-1782943594551764
-1782947549336638
-1782948951605111
-1782943646630986
-1782943649116641
-1782943649757018
-1782943650398784
-1782943651812792
-1782943651877440
-1782947549389952
0
-1782943647048179
-1782943649223123
-1782943649978831
-1782943650631339
-1782943651814654
-1782943651955533
-1782947550598980
0
-1782943647750785
-1782943649489332
-1782943650095401
-1782943651810630
-1782943651816466
-1782943652135862
-1782947552649315
-1782948952707538
0
0
0
0
0
0
0
0
0
0
0
0
0
0
0
0
0
0
0
0
0
0
0
0
-1782943708065407
-1782943709935184
-1782943711243891
-1782943711700392
-1782943712688219
-1782943714551532
-1782947552651314
-1782948952929804
-1782943950860695
-1782943957615208
-1782943960250286
-1782943960266545
-1782943961150683
-1782943961965329
-1782947667662122
-1782948960122117
-1782943950967453
-1782943957771611
-1782943960252265
-1782943960445529
-1782943961278143
-1782943961968147
-1782947667762730
-1782948960124125
-1782943953568029
-1782943958560866
-1782943960254153
-1782943960447439
-1782943961373038
-1782943962473840
-1782947667929223
-1782948960126040
-1782943953771258
-1782943958691462
-1782943960572785
-1782943961484116
-1782943962479825
-1782943962891306
-1782947668045164
-1782948960128000
-1782943955231844
-1782943959927608
-1782943960789929
-1782943961611720
-1782943962481733
-1782943963150522
0
0
0
0
0
0
0
0
0
0
0
-1782943960245737
-1782943960976232
-1782943961700194
-1782943962483559
-1782943963675355
-1782947668047388
-1782948960129952
-1782944077999450
-1782944083907396
-1782944101007931
-1782944100261242
-1782944100244197
-1782944100266939
-1782947772953638
-1782948975063816
-1782944078001556
-1782944083910851
-1782944101009774
-1782944100263104
-1782944100247243
-1782944100994197
-1782947773115644
-1782948975174646
-1782944078003452
-1782944090806958
-1782944101011601
-1782944100264951
-1782944100249239
-1782944100996527
-1782947773311693
-1782948975336120
-1782944083912929
-1782944095064681
-1782944101013416
-1782944100268802
-1782944100251263
-1782944100998586
-1782947773313873
-1782948975452044
-1782944083914885
-1782944095066684
-1782944101086170
-1782944100270921
-1782944100253149
-1782944101000494
-1782947773315922
-1782948975541678
-1782944083921549
-1782944095068706
-1782944101088168
-1782944100272844
-1782944100255397
-1782944101002340
-1782947773560222
-1782948975706554
-1782944084039547
-1782944095070856
-1782944101563287
-1782944100840345
-1782944100257297
-1782944101004201
-1782947773563146
-1782948975708929
-1782944088123136
-1782944095072798
-1782944101565306
-1782944100977039
-1782944100259292
-1782944101006021
-1782947773565189
-1782948975815646
-1782944095056470
-1782944109339732
-1782944109342829
-1782944109344818
-1782944114362007
-1782944114365360
-1782947773701273
-1782948975836964
-1782944198373229
-1782944209257610
-1782944209260839
-1782944211738452
-1782944224670338
-1782944224673370
-1782947843319224
-1782948989803249
-1782944198376593
-1782944210615344
-1782944209508517
-1782944213174377
-1782944224775526
-1782944224675330
-1782947843373755
-1782948989890584
-1782944205328353
-1782944211741335
-1782944212511356
-1782944216494801
-1782944224777503
-1782944224771962
-1782947843376157
-1782948989948256
-1782944205331520
-1782944212509040
-1782944217396125
-1782944225788098
-1782944225785861
-1782944237500004
-1782947843378267
-1782949114371339
-1782944216497466
-1782944234214838
-1782944236964021
-1782944237497797
-1782944236970862
-1782944237501905
-1782947845419193
-1782949114474130
-1782944217567887
-1782944235568240
-1782944236966997
-1782944238144192
-1782944236972692
-1782944237503745
-1782947845590746
-1782949114576705
-1782944221006860
-1782944235576272
-1782944236968946
-1782944238146264
-1782944237524392
-1782944238148095
-1782947974294229
-1782949240765737
-1782944446349268
-1782944449085850
-1782944452885160
-1782944454716560
-1782944461478152
-1782944460110698
-1782947974301862
-1782949240938723
-1782944446478166
-1782944449143884
-1782944453005220
-1782944454837268
-1782944461596015
-1782944460317824
-1782947974322396
-1782949240940952
-1782944447688385
-1782944449145911
-1782944453007200
-1782944466253940
-1782944468032667
-1782944468876895
-1782948077886420
-1782949241048706
-1782944450143613
-1782944460712745
-1782944465450161
-1782944466316128
-1782944468034734
-1782944469212276
-1782948078174551
-1782949241090220
-1782944450312497
-1782944460870208
-1782944465544776
-1782944466384457
-1782944468036609
-1782944469219371
-1782948078176698
-1782949241200742
-1782944453015120
-1782944460899295
-1782944465547478
-1782944466461742
-1782944468042377
-1782944469221336
-1782948078182073
-1782949241258865
-1782944453017053
-1782944461063176
-1782944465609771
-1782944466521432
-1782944468445564
-1782944469225615
-1782948078184208
-1782949241442030
-1782944453472452
-1782944461187526
-1782944465611760
-1782944466643813
-1782944704550035
-1782944705791486
-1782948143426967
-1782949242990612
-1782944694056909
-1782944696381685
-1782944699836354
-1782944703716669
-1782944704663637
-1782944705847162
-1782948143434340
-1782949243096273
-1782944694484381
-1782944696395435
-1782944699889104
-1782944703775250
-1782944704785070
-1782944705907478
-1782948143598155
-1782949243182954
-1782944695517032
-1782944767703470
-1782944772079987
-1782944771330745
-1782944771597622
-1782944773528218
-1782948149503981
-1782949324951650
-1782944758447816
-1782944767828821
-1782944772437172
-1782944771493636
-1782944771697658
-1782944773650495
-1782948149617784
-1782949325061127
-1782944759170366
-1782944767945566
-1782944773201962
-1782944771856248
-1782944771744298
-1782944773652529
-1782948149747039
-1782949325159317
-1782944759241404
-1782944768150769
-1782944773470738
-1782944772325419
-1782944772213776
24565252446
21149023949
20036239478
24599362607
24584495976
-1782944781724027
-1782944791108450
-1782944798329801
-1782944798307267
-1782948214593017
-1782949327454584
-1782944769160938
-1782944779366311
-1782944781840933
-1782944793347149
-1782944799565745
-1782944798630518
-1782948214645388
-1782949327548516
0
0
0
0
0
0
0
0
0
0
0
0
0
0
0
0
0
0
0
0
0
0
0
0
0
0
0
0
0
0
0
0
0
0
0
0
0
0
0
0
0
0
0
0
0
0
0
-1782949327640850
-1782944779714136
-1782944810148821
-1782944809415394
-1782944812054980
-1782944813653673
-1782944814405416
-1782948216378624
-1782949338973707
24645918006
24616336074
24617644480
-1782944812188015
-1782944813758891
-1782944814743090
-1782948216467663
-1782949339089108
-1782944782580618
-1782944810794206
-1782944810313987
-1782944812737102
-1782944814295118
-1782944814854835
-1782948216564978
-1782949339226891
-1782944783467586
-1782944810932954
-1782944810421508
-1782944817788628
-1782944818996547
-1782944819869245
-1782948216855389
-1782949339328384
-1782944784457323
0
0
0
0
0
0
0
0
0
0
0
0
0
0
0
0
0
0
0
0
0
-1782948216877548
-1782949339419728
-1782944786526321
-1782944812570504
-1782944815560836
-1782944817900246
-1782944819106746
-1782944820018843
-1782948217001826
-1782949339421791
-1782944788912179
-1782944812842170
-1782944815673812
-1782944818005285
-1782944819222370
-1782944820026647
-1782948217193641
-1782949340102250
-1782945075784343
-1782945081399101
-1782945082129033
-1782945082892984
-1782945083546005
-1782945084513624
-1782948285278744
-1782949341395351
-1782945076244552
-1782945081530320
-1782945082248632
-1782945083013551
0
0
0
0
0
0
0
0
0
0
0
0
0
0
0
0
0
0
0
0
0
0
0
0
0
0
-1782948285286507
-1782949341546985
-1782945077743923
-1782945081567935
-1782945082325453
-1782945083056941
-1782945083827326
-1782945084596983
-1782948285414888
-1782949341638700
-1782945077765417
-1782945081723283
-1782945082778138
-1782945083829496
-1782945083860830
-1782945204996101
-1782948292350787
0
-1782945197139277
-1782945201986851
-1782945202643601
-1782945203109152
-1782945204241514
-1782945205113626
-1782948292604822
0
-1782945197530013
-1782945202101138
-1782945202972545
-1782945203218733
-1782945204320562
-1782945205243106
-1782948292622115
0
-1782945198088725
-1782945263563829
-1782945263233292
-1782945269544258
-1782945268780322
-1782945270449531
-1782948297163481
-1782949343293310
-1782945258127661
-1782945263726998
-1782945263427115
-1782945269769683
-1782945268954843
-1782945270571280
-1782948297542954
-1782949343299375
-1782945259367175
-1782945264182326
-1782945265741269
-1782945269771706
-1782945268957078
-1782945270577137
-1782948297545320
-1782949343301482
-1782945259372247
-1782945264184316
-1782945265812666
-1782945269886636
-1782945269131452
-1782945270579062
-1782948297549998
-1782949343303459
-1782945622748371
-1782945626899433
-1782945627645301
-1782945628284670
-1782945629373085
-1782945629802833
-1782948307141869
-1782949349737414
-1782945622888089
-1782945627154971
-1782945627744641
-1782945628286708
-1782945629375032
-1782945635760834
-1782948307144968
-1782949349744013
-1782945623879170
-1782945628722682
-1782945629795110
-1782945633259618
-1782945634247600
-1782945635775476
-1782948320417598
-1782949465577181
-1782945624938700
-1782945628907475
-1782945629797170
-1782945633489290
-1782945634366250
-1782945635928547
-1782948320540637
-1782949465670857
-1782945645698058
-1782945649738416
-1782945652973422
-1782945649907469
-1782945665904003
-1782945694840994
-1782948329037002
-1782949674824345
-1782945646304438
-1782945649905385
-1782945652975292
-1782945650246067
-1782945665975957
-1782945749258333
-1782948398445166
-1782949869265713
-1782945647579531
-1782945720269787
-1782945734070363
-1782945749659257
-1782945745729057
-1782945749446087
-1782948398575686
-1782949869326403
-1782945650448905
-1782945720499173
-1782945734208488
-1782945749735873
-1782945745845448
-1782945749523750
-1782948398749378
-1782949869394699
-1782945651631466
-1782945721018118
-1782945734321666
-1782945750026196
-1782945746005099
-1782945749569868
-1782948398751514
-1782949869466838
-1782945652971390
-1782945721135598
-1782945734494726
-1782945750126923
-1782945746007137
-1782945749827104
-1782948398753462
-1782949869507495
-1782945654561220
-1782945721531197
-1782945734655049
-1782945750164638
-1782945746166765
-1782945749902669
-1782948398920628
-1782949869611649
-1782945655242643
-1782945721721077
-1782945734657119
-1782945750280475
-1782945746234185
-1782945750024160
-1782948398922580
-1782949869730718
-1782945656228780
-1782945721848856
-1782945734800088
-1782945750657941
-1782945746403587
-1782945750312410
-1782948398924655
-1782949869917745
-1782945658176449
-1782945722130618
-1782945734981759
-1782945750660169
-1782945746587522
-1782945750345755
-1782948399087434
-1782949869953466
-1782945662166127
-1782945722521927
-1782945734984787
-1782945750666351
-1782945746829935
-1782945750486678
-1782948399093048
-1782949870127613
0
0
0
0
0
0
0
0
0
0
0
0
0
0
0
0
0
0
0
0
0
0
0
0
0
0
0
0
0
0
0
0
0
0
0
0
0
0
0
0
0
-1782945722708609
-1782945735115261
-1782945750769543
-1782945747026389
-1782945750773399
-1782948399228374
-1782949870173479
-1782945668717128
-1782945722884208
-1782945735258473
-1782945750771542
-1782945747131665
-1782945750803166
-1782948399234471
-1782949870330813
0
0
0
0
0
0
-1782948399397332
-1782949997796834
0
0
0
0
0
0
0
0
0
0
0
0
0
0
0
0
0
0
0
0
0
0
0
0
0
0
0
0
0
0
0
0
0
0
0
-1782945766215474
-1782945766885525
-1782945768200683
-1782948403429792
-1782949997940309
-1782945726264310
-1782945758121852
-1782945763541698
-1782945766503387
-1782945767073246
-1782945768495734
-1782948403746262
-1782949998014602
-1782945732703489
-1782945761520961
-1782945763837415
-1782945766711652
-1782945767193998
-1782945768662825
-1782948403748312
-1782949998622496
-1782945830262281
-1782945833876038
-1782945837184340
-1782945842400534
-1782945841621047
-1782945839074502
-1782948406419325
-1782950123992360
-1782945830491828
-1782945833929567
-1782945837315732
0
0
0
0
0
0
0
0
0
0
0
0
0
0
0
0
0
0
0
0
0
0
0
0
0
0
-1782945839184864
-1782948406578665
-1782950124392238
-1782945834578891
-1782945837658044
-1782945837532000
-1782945842516780
-1782945841852383
-1782945840965748
-1782948406942552
-1782950243493125
-1782945834756653
-1782945840172366
-1782945840286667
-1782945842671148
-1782945841963875
-1782945841204918
-1782948407055594
-1782950243589516
-1782945835236164
-1782945840535372
-1782945840378872
-1782945842780171
-1782945842075514
-1782945841325564
-1782948407166190
-1782950243720177
-1782945835349399
-1782945840581971
-1782945840786726
-1782945842882012
-1782945842183880
-1782945841385436
-1782948407230877
-1782950243839661
-1782945835533933
-1782945841117457
-1782945840931390
-1782945847633902
-1782945847746430
-1782945848190532
-1782948592404470
-1782950435398401
-1782945954199776
-1782945965188273
-1782945964519617
-1782945966697289
-1782945972761480
-1782945973109936
-1782948592541838
-1782950435517039
-1782945954568679
-1782945965300260
-1782945964635670
-1782945966773018
-1782945972883153
-1782945978030602
-1782948592544598
-1782950435678219
-1782945956513806
-1782945974114110
-1782945975039569
-1782945976417483
-1782945977493529
-1782945978136983
-1782948592604916
-1782950435754861
-1782945961715467
-1782946026265513
-1782946030304450
-1782946034122720
-1782946037255935
-1782946039124785
-1782948847163377
-1782950621862988
-1782945984549987
-1782946026484128
-1782946030433915
-1782946034242881
-1782946037415868
-1782946039164559
-1782948847268633
-1782950622130271
-1782945985238068
-1782946026601584
-1782946030553763
-1782946034546773
-1782946037577502
-1782946039288798
-1782948847345309
-1782950622132544
-1782945986054296
-1782946026828325
-1782946030787199
-1782946034825114
-1782946037610080
-1782946039395474
-1782948847680881
-1782950622134607
-1782945986222407
-1782946026855195
-1782946030921481
-1782946034949530
-1782946037893019
-1782946039491821
-1782948847747878
-1782950622140084
-1782945986854983
-1782946026999011
-1782946030981717
-1782946035208483
-1782946038072104
-1782946039563697
-1782948847749962
-1782950622418694
-1782945987305922
-1782946027072990
-1782946031121877
-1782946035490174
-1782946038074157
-1782946039695520
-1782948847842712
0
0
0
0
0
0
0
0
0
0
0
0
0
0
0
0
0
0
0
0
0
0
0
0
0
0
0
0
0
0
0
0
0
0
0
0
0
0
0
0
0
0
0
0
0
0
0
0
0
0
0
0
0
0
0
0
0
0
0
0
0
0
0
0
0
0
0
0
0
0
0
0
0
0
0
0
0
0
0
0
0
0
0
0
0
0
0
0
0
0
0
0
0
0
0
0
0
0
0
0
0
0
0
-1782948847923974
-1782950622420761
-1782945989419567
-1782946027246009
-1782946031342610
-1782946035567073
-1782946038209592
-1782946039697460
-1782948847925916
-1782950622422642
-1782945989684606
-1782946027491466
-1782946031344742
-1782946035691211
-1782946038328745
-1782946039730575
-1782948848006224
-1782950622424599
-1782945990425649
-1782946027500441
-1782946031477201
-1782946035989887
-1782946038453290
-1782946039870560
-1782948848131291
-1782950622426491
-1782945991562162
-1782946027677631
-1782946031599651
-1782946036111596
-1782946038455496
-1782946039901519
0
0
0
0
0
0
0
0
0
0
0
0
0
0
0
0
0
0
0
0
0
0
0
0
0
0
0
0
0
0
0
0
0
0
0
0
0
0
0
0
0
0
0
0
0
0
0
0
0
0
0
0
0
0
0
0
0
0
0
0
0
0
0
0
0
0
0
0
0
0
0
0
0
0
0
0
0
0
0
0
0
0
0
0
0
0
0
0
0
0
0
0
0
0
0
0
0
0
0
0
0
0
0
0
0
0
-1782945996174718
-1782946027889146
-1782946031667110
-1782946036173163
-1782946038549013
-1782946040038905
-1782948848182512
-1782950622941037
-1782945996180686
-1782946028034614
-1782946031755684
-1782946036376078
-1782946038550963
-1782946040231784
-1782948848344006
-1782950623105377
-1782945996182635
-1782946028156583
-1782946031796443
-1782946036587541
-1782946038735446
-1782946040233733
-1782948848346056
-1782950623263375
-1782945996184581
-1782946028526207
-1782946032003212
-1782946036618125
-1782946038995596
-1782946040307882
-1782948848389095
-1782950623318681
-1782945996828836
-1782946028743539
-1782946032005214
-1782946036854895
-1782946038997525
-1782946040350561
-1782948849713696
-1782950623412000
-1782945998346603
-1782946028873632
-1782946032007159
-1782946037014236
0
0
0
0
0
0
0
0
0
0
0
0
-1782946064975532
-1782946116539326
-1782946140201841
-1782946149708452
-1782946152871582
-1782946154779470
-1782949589294255
-1782951567961869
-1782946065596011
-1782946116808439
-1782946140642640
-1782946149869850
-1782946152986242
-1782946154978229
-1782949589377664
-1782951568076303
-1782946066077004
-1782946117133959
-1782946141461857
-1782946150243837
-1782946153122768
-1782946155011531
-1782949589379844
-1782951568184764
-1782946066802968
-1782946117413003
-1782946142090635
-1782946150359010
-1782946153198517
-1782946155203664
-1782949589381932
-1782951568243198
-1782946067081934
-1782946117597189
-1782946142238247
-1782946150474055
-1782946153274649
-1782946155261287
-1782949589387599
-1782951568245435
-1782946067634185
-1782946117865395
-1782946142382793
-1782946150591431
-1782946153342416
-1782946155263209
-1782949589389572
-1782951568366859
-1782946068072521
-1782946118007339
-1782946142557299
-1782946150868060
-1782946153464335
-1782946155265064
-1782949589391496
-1782951568404941
-1782946068989191
-1782946118151495
-1782946143033553
-1782946150980733
-1782946153711858
-1782946155399716
-1782949589393581
-1782951568524315
-1782946069261837
-1782946118286107
-1782946143113227
0
0
0
0
0
0
0
0
0
0
0
0
0
0
0
0
0
0
0
0
0
0
0
0
0
-1782946153714730
-1782946155401711
0
0
0
0
0
0
0
0
0
0
0
0
0
0
0
0
0
0
0
0
0
0
0
0
0
0
0
0
0
0
0
0
0
0
0
0
0
0
0
0
0
0
0
0
0
0
-1782946153716993
-1782946155428960
-1782949589788918
-1782951568766673
-1782946071736452
-1782946118485563
-1782946143218313
-1782946151093335
-1782946153825490
-1782946155590174
-1782949589882418
-1782951569136002
-1782946072044089
-1782946118610957
-1782946143316542
-1782946151206824
-1782946154492737
-1782946155592092
-1782949589977594
-1782951569211282
-1782946073033939
-1782946118736136
-1782946143422127
-1782946151317060
-1782946154513815
-1782946155711910
-1782949590069306
-1782951569367843
-1782946073995720
-1782946118898626
-1782946143583036
-1782946151428062
-1782946154515861
-1782946155734719
-1782949590071288
-1782951569617867
-1782946074593784
0
0
0
0
0
0
0
0
0
0
0
0
0
0
0
0
0
0
0
0
-1782946156097870
-1782949590159843
-1782951569619964
-1782946076954826
-1782946119187722
-1782946143879813
-1782946151546477
-1782946154522214
-1782946156127014
-1782949590256707
-1782951569723278
-1782946078169157
-1782946119346900
-1782946144009747
-1782946151662910
-1782946154524271
-1782946156128896
-1782949590349233
-1782951569768990
-1782946079419850
-1782946119626979
0
0
0
0
0
0
0
0
0
0
0
0
0
0
0
0
0
0
0
0
0
0
0
0
0
0
0
0
0
0
0
0
0
0
0
0
0
0
0
0
0
0
0
0
0
0
0
0
0
0
0
0
0
0
0
0
0
0
0
0
0
0
0
0
0
0
0
0
0
0
0
0
0
0
0
0
0
0
0
0
0
0
0
0
0
0
0
0
0
0
0
0
0
0
0
0
0
0
0
0
0
0
0
0
0
0
0
0
0
0
0
0
0
0
0
0
0
0
0
0
0
0
0
0
0
0
0
0
0
0
0
0
0
0
0
0
0
0
0
0
0
0
0
0
0
0
0
0
0
0
0
0
0
0
0
0
0
0
0
0
0
-1782946151783401
-1782946154526154
-1782946156130757
-1782949590696147
-1782951569889780
-1782946081260173
-1782946119871329
-1782946144125741
-1782946151863388
-1782946154527981
-1782946156132602
-1782949590701449
-1782951569948319
-1782946081875526
-1782946119990023
-1782946144281519
-1782946151987279
-1782946154530039
-1782946156163743
-1782949590813062
-1782951570105732
0
0
0
0
0
0
0
0
0
0
0
0
0
0
0
0
0
0
0
0
0
0
0
0
0
0
0
0
0
0
0
0
0
0
0
0
0
0
0
0
-1782946087703297
-1782946120180731
-1782946144411853
-1782946152134344
-1782946154531909
-1782946156165664
-1782949590815334
-1782951570212782
-1782946087909207
-1782946120287051
-1782946144413924
-1782946152194537
-1782946154533784
-1782946156197700
-1782949590997318
-1782951570353167
-1782946088056125
-1782946120416296
-1782946144553083
-1782946152349319
-1782946154535588
-1782946156344318
-1782949591004487
-1782951570355194
-1782946089749119
-1782946120561290
-1782946144705651
-1782946152527748
-1782946154537432
-1782946156346219
-1782949591094247
-1782951626345500
-1782946093682245
-1782946120860534
-1782946144736839
-1782946152654814
-1782946154629972
-1782946156348280
-1782949591108222
-1782951626515759
-1782946122376372
-1782946131186280
-1782946145440791
-1782946152684564
-1782946154631911
-1782946156376317
-1782949591110172
-1782951626631476
-1782946123382951
-1782946131386513
0
0
0
0
0
0
0
0
0
0
0
0
0
0
-1782946197169857
-1782946207938275
-1782946210145107
-1782946210929960
-1782946195290685
-1782946195927511
-1782949668813447
-1782952053156795
-1782946197291910
-1782946208068916
-1782946210253221
-1782946211156963
-1782946211807845
-1782946212616896
-1782949668935432
-1782952053602206
-1782946197902997
-1782946208182289
-1782946210358258
-1782946211446504
-1782946211914200
-1782946212662463
-1782949669001942
-1782952053617680
-1782946198507790
-1782946208631061
-1782946210579060
-1782946212358350
-1782946212064517
-1782946214236127
0
-1782952053647319
0
0
0
0
0
0
0
0
0
0
0
0
0
0
0
0
0
0
0
0
0
0
0
0
0
0
0
0
0
0
0
0
0
0
0
0
0
0
0
0
0
0
0
0
0
0
0
0
0
0
-1782946210765694
-1782946214228069
-1782946212311864
-1782946214237999
-1782949669101090
-1782952053695461
-1782946374216980
-1782946208868135
-1782946211448646
-1782946214230396
-1782946213828529
-1782946390723337
-1782950225738846
-1782952605954661
-1782946374443022
-1782946389980811
-1782946392752113
-1782946393277561
-1782946393758910
-1782946392361407
-1782950225836733
-1782952606197738
-1782946375000361
-1782946390143409
-1782946393058831
-1782946393404821
-1782946393896976
-1782946394795643
-1782950225946031
-1782952606385674
-1782946375568548
-1782946390589272
-1782946394116849
-1782946393540291
-1782946394290335
-1782946394797563
-1782950226007945
-1782952606789451
-1782946376426640
-1782946390598927
-1782946394288327
-1782946393958436
0
0
0
0
0
0
0
0
0
0
0
0
0
0
-1782946394622937
-1782946394621012
-1782946394453349
-1782946394931343
-1782950226357193
0
-1782946552440961
-1782946554427044
-1782946554778321
-1782946555003993
-1782946555680427
-1782946556428847
-1782950290872736
0
-1782946552443860
-1782946554487652
-1782946561619563
-1782946561793279
-1782946563433048
-1782946563321103
-1782950291201954
-1782952733506980
-1782946556519729
-1782946559864288
-1782946561751837
-1782946561881618
-1782946563601472
-1782946563323078
-1782950291294515
-1782952733603160
-1782946557015381
-1782946560166937
-1782946562060170
0
-1782946563768970
-1782946571435407
-1782950412375117
-1782952733691503
-1782946560171099
-1782946563352265
-1782946564293211
-1782946563202716
-1782946571431570
-1782946571437255
-1782950412395519
-1782952733872175
-1782946560318533
-1782946563765216
-1782946564404278
-1782946571433530
-1782946571442962
-1782946571444781
-1782950412455038
-1782952733894102
-1782946560697467
-1782946563767126
-1782946564437160
0
0
0
0
0
0
0
0
0
0
0
0
0
0
0
0
0
0
0
0
0
0
0
0
0
0
0
0
0
0
0
0
0
0
-1782946571446816
-1782950412471923
-1782952733997768
-1782946571623064
-1782946576870739
-1782946577675734
-1782946578450822
-1782946578979398
-1782946579558781
-1782950412818329
-1782952736072958
-1782946572339368
-1782946576992006
-1782946577845457
-1782946578565761
-1782946579029568
-1782946579882935
-1782950412876160
-1782952736182178
-1782946573529439
-1782946577253931
-1782946578044673
-1782946578977425
-1782946579033157
-1782946694437750
-1782950665664315
-1782953101941925
-1782946686083211
-1782946688516984
-1782946688380465
0
0
0
0
0
0
0
0
0
0
0
0
0
0
0
0
0
0
0
0
0
0
0
0
0
0
0
0
0
-1782946687964129
-1782946688823740
-1782946690734271
-1782946690732080
-1782946690955668
-1782946694557241
-1782950665721716
-1782953102181496
-1782946688031288
-1782946689322189
-1782946690736176
-1782946690738070
-1782946691160886
-1782946694842596
-1782950665822462
-1782953102340841
-1782946690744128
-1782946691696361
-1782946692699751
-1782946693006259
-1782946693790483
-1782946694966038
-1782950665905684
-1782953102442906
-1782946695395792
-1782946697105117
-1782946697590516
-1782946698316854
-1782946698789881
-1782946699222021
-1782950667256785
-1782953108956843
-1782946695462174
-1782946697119028
-1782946760837320
-1782946761297701
-1782946761943035
-1782946762242310
-1782950790046524
-1782953345666788
-1782946756712980
-1782946759764246
-1782946760923541
-1782946761417009
-1782946761984848
-1782946834354652
-1782950796029014
-1782953407448219
-1782946822926373
-1782946831998095
-1782946829866768
-1782946833265733
-1782946832328776
-1782946834378840
-1782950796209871
-1782953407535660
-1782946823239624
-1782946832061728
-1782946829982079
-1782946833635016
-1782946832342998
-1782946834380810
-1782950796212037
-1782953407588050
-1782946823879731
-1782946832155583
-1782946830179751
-1782946833646188
-1782946832763718
-1782946834382614
-1782950796315136
-1782953407707839
-1782946824293794
-1782946832511882
-1782946830280323
-1782946833648073
-1782946832894589
-1782946834384457
-1782950796317131
-1782953408067199
-1782946825028948
-1782946832535273
-1782946830462980
-1782946833649906
-1782946833072245
25061642263
21099975947
18488399751
-1782946825126055
-1782946832734336
-1782946830468465
-1782946833684170
-1782946833119630
-1782946834391317
-1782950796321263
-1782953408337069
-1782946825800735
-1782946832736238
-1782946830890093
-1782946833824564
-1782946833191499
-1782946834483637
-1782950796397732
-1782953408367745
-1782946984429989
-1782946987283829
-1782946987384409
-1782946989198499
-1782946989149628
-1782946988805531
-1782951297588953
-1782953479194399
-1782946984672968
-1782946988922368
-1782946989598470
-1782946990389674
-1782946990686899
-1782946991259164
-1782951297764783
-1782953479345293
-1782946986445782
-1782946989051130
-1782946989866891
-1782946990443798
-1782946990777737
-1782946991587324
-1782951297767084
-1782953479441616
-1782946987386563
-1782946989683365
-1782946990445785
-1782946990877636
-1782946991827929
-1782946993036570
-1782951297772226
-1782953479614222
-1782946987698576
-1782946989787473
-1782946990447638
-1782946990943684
-1782946991833427
-1782946993128478
-1782951297774257
-1782953479862435
-1782947117800640
-1782947119970511
-1782947121529508
-1782947122398381
-1782947123263179
-1782947123061623
-1782951297913361
-1782953657107931
-1782947117926104
-1782947120066024
-1782947121531496
-1782947122515493
-1782947123265093
-1782947123171496
-1782951422494933
-1782953840501170
-1782947118019476
-1782947120115671
-1782947121533443
-1782947122517433
-1782947123355664
-1782947123533295
-1782951422554373
-1782953840685950
-1782947118045903
-1782947121303969
-1782947121535278
-1782947122519298
-1782947123412300
-1782947210031234
-1782951549220618
-1782953969088133
-1782947181246544
-1782947192689309
-1782947206437018
-1782947207816977
-1782947209159896
-1782947210226934
-1782951549328707
-1782953969388851
-1782947183485738
-1782947194067188
-1782947207098436
-1782947207951441
-1782947209267629
-1782947210374261
-1782951549436836
-1782953969391683
-1782947429238285
-1782947204294922
-1782947207390987
-1782947208111464
-1782947209440381
-1782947210683054
-1782951549483785
18974788898
25514913531
25504198367
25503340924
25501202710
25735074622
25734009744
21395172924
18975380433
-1782947429491820
-1782947440193562
-1782947442081437
-1782947443339985
-1782947459663225
-1782947467982988
-1782951725875129
0
-1782947429497039
-1782947440399623
-1782947442083664
-1782947443448165
-1782947561409725
-1782947563172221
-1782951727837611
-1782954282267609
-1782947552732960
-1782947559355194
-1782947560487176
-1782947560830056
-1782947561512236
-1782947563286375
-1782951727933927
-1782954282450621
-1782947552900284
-1782947559924012
-1782947560490216
-1782947560959330
-1782947741212397
-1782947563399652
-1782951728022647
-1782954282452846
-1782947732545259
-1782947736901692
-1782947739150204
-1782947741052541
-1782947741214299
-1782947741808413
-1782951733381997
-1782954286583827
-1782947732645943
-1782947737012653
-1782947739258292
-1782947741057721
-1782947741216126
-1782947741810437
-1782951733435236
-1782954286694874
-1782947733463564
-1782947737438077
-1782947739311003
-1782947741059695
-1782947741218000
-1782947741960354
-1782951733545531
-1782954286721746
-1782947733576603
-1782947737495029
-1782947739389086
-1782947741061576
-1782947741222961
-1782947742066258
-1782951733688417
-1782954286902138
-1782947733645575
-1782947737614950
-1782947739443987
-1782947741063405
-1782947741354174
-1782947742130263
-1782951733690565
-1782954286909698
-1782947733754818
-1782947737629927
-1782947739535651
-1782947741065255
-1782947741496538
-1782947742132202
-1782951733719207
-1782954287012077
-1782947734454771
-1782947737736186
-1782947739785319
-1782947741067062
-1782947741498447
-1782947742185416
-1782951747350519
0
-1782947854817176
-1782947857341162
-1782947857570578
-1782947857495185
-1782947867756806
-1782947867188100
-1782951747510936
0
-1782947855151366
-1782947857433704
-1782947857833825
-1782947858130746
-1782947867769099
-1782947867247394
-1782951747851649
0
-1782947856187301
-1782947859241002
-1782947863430302
-1782947868358270
-1782947867889701
-1782947867538153
-1782951748200297
0
-1782947856636655
-1782947859299723
-1782947863664886
-1782947918826311
-1782947867950672
-1782947867752307
-1782951748435660
0
-1782948039613658
-1782948058648206
-1782948067111447
-1782948071082642
-1782948072336810
-1782948073543112
-1782952353074544
0
-1782948039708498
-1782948059330470
-1782948067504896
-1782948071178487
-1782948072499571
-1782948073663884
-1782952353152825
0
-1782948040975648
-1782948059824843
-1782948067906343
-1782948071408122
-1782948072845437
-1782948073774857
-1782952353317899
0
-1782948041108941
-1782948060016841
-1782948068069517
-1782948071617933
-1782948073108750
-1782948073884122
-1782952353320086
0
-1782948350397107
-1782948060697421
-1782948352632684
-1782948353200233
-1782948353665542
-1782948354549262
-1782952604381203
0
-1782948354839768
-1782948359500461
-1782948358963998
-1782948360028649
-1782948361050903
-1782948361199149
-1782952605502956
-1782954727887285
-1782948354844777
-1782948359674494
-1782948359072978
-1782948360200813
-1782948361143080
-1782948361301077
-1782952605614308
-1782954727996760
-1782948355435691
-1782948359860638
-1782948359222746
-1782948360356104
-1782948361145067
-1782948361430536
-1782952606077828
-1782954728077598
-1782948597581603
-1782948601201877
-1782948601682409
-1782948602935530
0
0
0
0
0
0
0
0
0
0
0
0
0
0
0
0
0
0
0
0
-1782948657976705
-1782948659210214
-1782948659874649
-1782948663665469
-1782948664130688
-1782948664824478
-1782953151438774
-1782954847172083
0
0
0
0
0
0
0
0
0
0
0
0
0
0
0
0
0
0
0
0
0
0
0
0
0
0
0
0
0
0
0
0
0
0
0
0
0
0
0
0
0
0
0
0
0
0
0
0
-1782948659981981
-1782948661827391
-1782948662096476
-1782948794539834
-1782948665186256
-1782948666013293
-1782953151494241
-1782954847268077
-1782948783806820
-1782948786046308
-1782948794675762
-1782948794669865
-1782948795151066
-1782948795093329
-1782953156546590
-1782954909690169
-1782948783908371
-1782948786137875
-1782948794799717
-1782948794671962
-1782948795231678
-1782948795448251
-1782953156702615
-1782954909756871
0
0
0
0
0
0
0
0
0
0
0
0
0
0
0
0
0
0
0
0
0
0
0
0
0
0
0
0
0
0
0
0
0
0
0
0
0
0
0
0
0
0
0
0
0
0
0
0
0
0
0
0
0
0
0
0
0
0
0
0
0
0
0
0
0
0
0
0
0
0
0
0
0
0
0
-1782948794673901
-1782948795300937
-1782948795488132
-1782953156708071
-1782954909877051
-1782948783967989
-1782948786310495
-1782948794803616
-1782948794677591
-1782948795387982
0
0
0
0
0
0
0
0
0
0
0
0
0
0
0
0
0
0
0
0
0
0
0
0
0
0
0
0
0
0
0
0
0
0
0
0
0
0
0
0
0
0
0
0
0
0
0
0
0
0
0
0
0
0
0
0
0
0
0
0
0
0
0
0
-1782948795648864
-1782953156808605
-1782954909950800
-1782948895902397
-1782948898316223
-1782948905795301
-1782948905670557
-1782948906206892
-1782948907017277
-1782953223874649
-1782955579357089
-1782948896044296
-1782948898461794
-1782948906195992
-1782948906319569
-1782948906608939
-1782948907193164
-1782953224025999
-1782955579477181
-1782948896300966
-1782948898594767
-1782948906712080
-1782948907750502
-1782948907536014
-1782948907291213
-1782953224155325
-1782955579492927
-1782948898802492
-1782948906493662
-1782948906807019
-1782948907871403
-1782948907655625
-1782948907404252
-1782953224297079
-1782955591958004
-1782948951607226
-1782948953580218
-1782948953465483
-1782948953960177
-1782948954709647
-1782948958144560
-1782953225367898
-1782955592052177
0
0
0
0
0
0
0
0
0
0
0
0
0
0
0
0
-1782948951797519
-1782948953822381
-1782948953578233
-1782948954055848
-1782948954898095
-1782948958271632
-1782953225443227
-1782955592145368
-1782948952095399
-1782948954317294
-1782948954170583
-1782948955161269
-1782948956058204
-1782948958369889
-1782953225576712
-1782955592324545
-1782948952188801
-1782948954346536
-1782948954172523
-1782948955163284
-1782948956186336
-1782948958752943
-1782953225680527
-1782955592606956
0
0
0
0
0
0
0
0
0
0
0
0
0
0
0
0
0
0
0
0
0
0
0
0
0
0
0
0
0
0
0
0
-1782948952932771
-1782948954603175
-1782948955393949
-1782948956277681
-1782948957080470
-1782948960113687
-1782953225685584
-1782955592722600
-1782948953824315
-1782948954767060
-1782948956433974
-1782948956435960
-1782948957169228
-1782948960120066
-1782953225783514
-1782955593172751
-1782948958767753
-1782948960133770
-1782948964100898
-1782948964099021
-1782948964110309
-1782948964115843
-1782953225879388
-1782955593621100
-1782948958824277
-1782948960135575
0
0
0
0
0
0
0
0
0
0
0
0
0
0
0
0
0
0
0
0
0
0
0
0
0
0
0
0
0
0
0
0
0
0
0
0
0
0
0
0
0
0
0
0
0
0
0
0
0
0
0
0
0
0
0
0
0
0
0
0
0
0
0
0
0
0
0
0
0
0
0
0
0
0
0
0
0
0
0
0
0
0
0
0
0
0
-1782948960131897
-1782948964102739
-1782948964104724
-1782948964114031
-1782948964117565
-1782948964499697
-1782953226002340
-1782955593702708
-1782948964090177
-1782948964106574
-1782948964119360
-1782948964122965
-1782948964501567
-1782948964505304
-1782953226088493
-1782955593781205
-1782948964096915
-1782948964108429
-1782948964121151
-1782948964124793
-1782948964503447
-1782948964508940
-1782953226175744
-1782955593859972
-1782948964112121
-1782948964126602
-1782948964497542
-1782948964507132
0
0
0
0
0
0
0
0
0
0
0
0
0
0
0
0
0
0
0
0
0
0
0
0
0
-1782948971484916
-1782953226277624
-1782955594096460
-1782948976365107
-1782948977428698
-1782948977768324
-1782948978238498
-1782948979075980
-1782948979338588
-1782953227328732
-1782955594750204
-1782948978630448
-1782948980003786
-1782948980325919
-1782948981873156
-1782948981688161
-1782948982427216
-1782953227330947
-1782955594843902
-1782948982516646
-1782948984805769
-1782948984745882
-1782948984648606
-1782948985374707
-1782948986174601
-1782953227908620
-1782955595115888
-1782948989467955
-1782948990450969
-1782948990914853
-1782948988862212
-1782948990061903
-1782948992497552
-1782953228028013
-1782955595844626
-1782949114668174
-1782949116693282
-1782949117200028
-1782949118175035
-1782949118928729
-1782949119606903
-1782953900811205
-1782956374350543
-1782949114919657
-1782949116818035
-1782949117410159
-1782949118277382
-1782949119060364
-1782949119750852
-1782953900913580
-1782956374438479
-1782949115665192
-1782949117054160
0
0
0
0
0
-1782956374440822
0
0
0
0
0
0
0
0
0
0
0
0
0
0
0
0
0
0
0
0
0
0
0
0
0
0
0
0
0
0
0
0
0
0
0
0
0
0
0
0
0
0
0
0
0
0
0
0
0
0
0
0
0
0
0
0
0
0
0
0
0
0
-1782953901025181
-1782956501633022
-1782949241445023
-1782949242929835
-1782949243628537
-1782949244304150
-1782949244693674
-1782949245791504
-1782954145433959
-1782956501769931
-1782949241674641
-1782949242948237
-1782949243763053
-1782949244336352
-1782949244701081
-1782949245822780
-1782954145614968
-1782956501772157
-1782949243270767
-1782949244500956
-1782949246310006
-1782949246931707
-1782949247303464
-1782949247728566
-1782954145617225
-1782956502602164
0
0
0
0
0
0
0
0
0
0
0
0
0
0
0
0
0
0
0
0
0
0
0
0
0
0
0
0
0
0
0
0
0
0
0
0
0
0
0
0
0
0
0
0
0
0
0
0
0
0
0
0
0
0
0
0
0
0
0
0
0
0
0
0
0
0
0
0
0
0
0
0
0
0
0
0
0
0
0
0
0
0
0
0
0
0
0
0
-1782949243357570
-1782949244870169
-1782949249550805
-1782949250095650
-1782949251118283
-1782949251224801
-1782954145747986
-1782956502771775
-1782949247417968
-1782949249798612
-1782949249796577
-1782949250097669
-1782949251288730
0
0
0
0
0
0
0
0
0
0
0
0
0
0
0
0
-1782949329235086
-1782954151829098
-1782956502773768
-1782949340124950
-1782949328913933
-1782949330743995
-1782949332651682
-1782949333851065
-1782949334618579
-1782954152086168
-1782956567921126
0
-1782949343590444
-1782949343679434
-1782949343905490
-1782949343818722
-1782949345124060
-1782954152209856
-1782956567948730
0
0
0
0
-1782949343820738
-1782949345126062
-1782954152438245
-1782956568033766
0
0
0
0
0
0
0
0
0
0
0
0
0
0
0
0
0
0
0
0
0
0
0
0
0
0
0
0
0
0
0
0
0
0
0
0
0
0
0
0
0
0
0
0
0
0
0
0
0
0
0
0
0
0
0
0
0
0
0
0
0
0
0
0
0
0
0
0
0
0
0
-1782956568157299
-1782949340262483
-1782949343685388
-1782949343907355
-1782949344153487
-1782949345131952
-1782949345503349
-1782954152440468
-1782956568346485
-1782949340645257
-1782949343687378
-1782949343997253
-1782949344404851
-1782949345133872
-1782949345652670
-1782954152634938
-1782956568388885
-1782949341089669
-1782949346751203
0
0
0
0
0
0
0
0
0
0
0
0
0
0
0
0
0
0
0
0
0
0
0
0
0
0
0
0
0
-1782956568515151
-1782949341688884
-1782949346753143
-1782949346619588
-1782949348156473
-1782949348525554
-1782949348204277
-1782954152745443
-1782956568517222
-1782949341947228
-1782949346762368
-1782949346755013
-1782949348829562
-1782949348844265
-1782949348311216
-1782954152866375
-1782956569046532
-1782949341967490
-1782949346764231
-1782949346756878
-1782949348846246
0
0
0
0
0
0
0
0
0
0
0
0
0
0
0
0
0
0
0
0
0
0
0
0
0
0
0
0
0
0
0
0
0
0
0
0
0
0
0
0
0
0
0
0
0
0
0
0
0
0
0
0
0
0
0
0
0
0
0
0
-1782949343291054
-1782949346767934
-1782949346766071
-1782949349735474
-1782949349733614
-1782949348389268
-1782954152935187
-1782956749825815
-1782949343305334
-1782949352503792
-1782949353516655
-1782949355132046
-1782949354485704
-1782949355895757
-1782954153091598
-1782956749871710
-1782949347438544
-1782949352575583
-1782949353608760
-1782949355243417
-1782949354577422
-1782949355910184
-1782954153258036
-1782956750024656
-1782949347555821
-1782949352662947
-1782949353610655
-1782949355245537
-1782949354631384
-1782949355912029
-1782954153260059
-1782956750054869
-1782949347904943
-1782949352768731
-1782949353699102
-1782949355247402
-1782949354687685
-1782949355913876
-1782954153427990
-1782956750207345
-1782949349731079
-1782949352894221
-1782949353700965
-1782949355249252
-1782949354771507
-1782949355986867
-1782954153429999
-1782956750230462
0
0
0
0
0
0
0
0
0
0
0
0
0
0
0
0
0
0
0
0
0
0
0
0
0
0
0
0
0
0
0
0
0
0
0
0
0
0
0
0
0
0
0
0
0
0
0
0
0
0
0
0
0
0
0
0
0
0
0
0
0
0
0
0
0
0
0
0
0
0
0
0
0
0
0
0
0
0
0
0
0
0
0
0
0
0
0
0
0
0
0
0
0
0
0
0
0
0
0
0
0
0
0
0
0
0
0
0
0
0
0
0
0
0
0
0
0
0
0
0
-1782949465762138
-1782949352896268
-1782949353790385
-1782949355787806
-1782949355908139
-1782949356272207
-1782954153542259
-1782956758664598
-1782949870356635
-1782949467306489
-1782949468325624
-1782949473116066
-1782949478924335
-1782949480415021
-1782954524998587
-1782957247114997
-1782949998771802
-1782949873448431
-1782949873994104
-1782949874820867
-1782949875011408
-1782949749587447
-1782954525105142
-1782957247477397
-1782949998774215
-1782949873578841
-1782949874134696
-1782949874826721
-1782949875152350
-1782949752325412
-1782954525107952
-1782957247567044
-1782949998886940
-1782949873617596
-1782949874212919
-1782949874828756
-1782949875221553
-1782949752439427
-1782954525304553
-1782957247653913
-1782949999000540
-1782949873766677
-1782949874401685
-1782949874830612
-1782949875334175
-1782949752489535
-1782954888703283
-1782957433145396
-1782949999051704
-1782949999955570
-1782950001989201
-1782950000340268
-1782950001765307
-1782950002158349
-1782954888861876
-1782957681199805
-1782949999208215
-1782950001318751
-1782950002033020
-1782950000392948
-1782950001877311
-1782950002535019
-1782954888963224
-1782957681692657
-1782949999335376
-1782950001376792
-1782950002203163
-1782950003732129
-1782950003538177
-1782950004020052
-1782954889860771
-1782957681730228
-1782949999467026
-1782950001456046
-1782950002327750
-1782950003733968
-1782950003729896
-1782950004086572
-1782954889920792
-1782957681846375
-1782949999468976
-1782950001546522
-1782950124400301
-1782950124404233
-1782950124938467
-1782950126278594
-1782954891527843
-1782958047273170
-1782950121474120
-1782950124394543
-1782950124402308
-1782950124406031
-1782950125148996
-1782950126312354
-1782954891662599
-1782958047375996
-1782950243897854
-1782950125250162
-1782950245722808
-1782950246286660
-1782950246789804
-1782950247521412
-1782955018415659
-1782958065154706
-1782950244080638
-1782950244715712
-1782950245769801
-1782950246414734
-1782950246795044
-1782950247676325
-1782955018504451
-1782958065357436
-1782950244389101
-1782950245844165
-1782950246202762
-1782950246642620
-1782950247398184
-1782950248139824
-1782955018604958
-1782958065447174
-1782950305524182
-1782950308420854
-1782950309565849
-1782950309422364
-1782950321350350
-1782950322054232
-1782955018686171
-1782958120186712
-1782950306008996
-1782950308590313
-1782950309656356
-1782950309474008
-1782950321425970
-1782950322102251
-1782955018688339
-1782958120396482
-1782950306899655
-1782950308760286
0
0
0
0
0
0
0
0
0
0
0
0
0
0
-1782950435316274
-1782950310236786
-1782950438628515
-1782950440180485
-1782950440112686
-1782950440997863
-1782955141914305
-1782958545345205
-1782950623427416
-1782950438280591
-1782950438746224
-1782950440492838
-1782950440324992
-1782950560913330
-1782955384971330
-1782958545596536
-1782950623575704
-1782950628016199
-1782950628570481
-1782950629239115
-1782950630252119
-1782950561017629
-1782955385119071
-1782958671782303
-1782950623577631
-1782950628067512
-1782950628626379
-1782950629377520
-1782950630350825
-1782950630760545
-1782955387434372
-1782958796862557
-1782951563229506
-1782950628154310
-1782950628696733
-1782950629919329
-1782950630417577
-1782950630857943
-1782955387517936
-1782958797400012
-1782951568660726
-1782950628250906
-1782950928465642
-1782950928831299
-1782950929349830
-1782950930054515
-1782955678869683
0
-1782951626753514
-1782951513520165
-1782951515956546
-1782951527490101
-1782951527718211
-1782951569058798
-1782956616760779
-1782959479130478
-1782951626792926
-1782951573008566
-1782951574379010
-1782951575217747
-1782951575941658
-1782951569073693
-1782956617829328
-1782959484193137
-1782951626881112
-1782951573252918
-1782951638279513
-1782951575443175
-1782951576177922
-1782951569512911
-1782956617947555
-1782959484592686
-1782951627015012
-1782951637615090
-1782951638392404
-1782951575593209
-1782951576234934
-1782951576383170
-1782956617977445
-1782959484694515
-1782951627046873
-1782951637773550
-1782951638419244
-1782951638825245
-1782951576310283
-1782951576504957
-1782956618100429
-1782959486193114
-1782951627296993
-1782951638137774
-1782951638579136
-1782951638934298
-1782951640189692
-1782951640350470
-1782956929466439
-1782959487222558
-1782951627510948
-1782951638164439
-1782951638690794
-1782951638995507
-1782951640727008
-1782951640532954
-1782956929473872
-1782959487332614
-1782952053739860
-1782952055192668
-1782952055522044
-1782951780121746
-1782951780267160
-1782951782066918
-1782957475391658
0
-1782952053742047
-1782952060165416
-1782952060446356
-1782952059537971
-1782952060076371
-1782952060856431
-1782958098638148
-1782959660226801
-1782952054017713
-1782952060263446
-1782952060559052
-1782952060959067
-1782952061399363
-1782952061946118
-1782958098809225
-1782959660485897
-1782952054019721
-1782952182897964
-1782952184173380
-1782952185857678
-1782952371755622
-1782952372664188
-1782958104864457
-1782959666668837
-1782952359997727
-1782952369891754
-1782952370275844
-1782952370632435
-1782952376327567
-1782952377239789
-1782958773394034
-1782959790494486
-1782952364409203
-1782952374035257
-1782952374663087
-1782952375352469
-1782952376421799
-1782952377477570
-1782958773536494
-1782959790581612
-1782952364568680
-1782952374168376
-1782952374774677
-1782952375494420
-1782952376423859
-1782952377573373
-1782958836634897
-1782959797831718
-1782952479022245
-1782952485451738
-1782952490335434
-1782952488614552
-1782952489728887
-1782952489997120
-1782958837031909
-1782959797982331
-1782952479399769
-1782952485542610
-1782952490451930
-1782952488785844
-1782952496255567
-1782952490184970
-1782958837034182
0
-1782952483305549
-1782952494715576
-1782952495191856
-1782952495560852
-1782952496709250
-1782952497060497
-1782958837036115
0
-1782952485810444
-1782952495013032
-1782952495357547
-1782952495665154
-1782952496723311
-1782952497257129
-1782958837038067
-1782959918934945
-1782952609651708
-1782952622696455
-1782952625758408
-1782952626202263
-1782952626774669
-1782952627411848
-1782959004771341
-1782959919056465
-1782952609876789
-1782952623080322
-1782952625760326
-1782952626394065
-1782952627104994
-1782952628033461
-1782959004925809
-1782959919207286
-1782952610257830
-1782952623570105
-1782952625762178
-1782952626395980
-1782952627567377
-1782952628151719
-1782959005009021
-1782959919558709
-1782952611118011
-1782952623752189
-1782952625767562
-1782952626397803
-1782952627908515
-1782952628301308
-1782959005091959
-1782959919645026
-1782952613877348
-1782952623892563
-1782952625769526
-1782952626399650
-1782952628349840
-1782952628936287
-1782959005174668
-1782959919647084
-1782952613931689
-1782952625278830
-1782952625771371
-1782952626562897
-1782952628514497
-1782952629046625
-1782959005894529
-1782959919649084
-1782952614436227
-1782952625756255
-1782952625773176
-1782952627155220
-1782952628700329
-1782952629079478
-1782959006020345
-1782959919690927
-1782952728469845
-1782952734664603
-1782952736487226
-1782952736648513
-1782952735313913
-1782952736862946
-1782959129784646
-1782960039930904
-1782952728560147
-1782952734911789
-1782952736525093
-1782952736772847
-1782952735452285
-1782952737022604
-1782959129864164
-1782960040019772
-1782952730204133
-1782952738616540
-1782952738151155
-1782952738067590
0
0
0
0
0
0
0
0
0
0
-1782959129953934
-1782960040021903
-1782952736184471
-1782952739561111
-1782952740361217
-1782952741070411
-1782952741600289
-1782952742288740
-1782959130762986
-1782960040066030
-1782952969967778
-1782952971514141
-1782952982821483
-1782952983480657
-1782952984449524
-1782952986183322
-1782959136638708
-1782960047779640
-1782952970038128
-1782952971521778
-1782952982933030
-1782952983581633
-1782952984538560
-1782952986267358
-1782959137074103
-1782960047885189
0
0
0
0
0
0
-1782959263051964
-1782960072746516
0
0
0
0
0
0
0
0
0
0
0
0
0
0
0
0
0
0
0
0
0
0
0
0
-1782953100966992
-1782953111858397
-1782953113719090
-1782953114028692
-1782953114684608
-1782953115443859
-1782959263642887
-1782960072985771
-1782953108992278
-1782953115316648
-1782953116646374
-1782953117171059
-1782953117955412
-1782953118513599
-1782959263755798
-1782960073339055
-1782953109381951
-1782953115400796
-1782953116747899
-1782953117401252
-1782953118105270
-1782953118598289
-1782959263788568
-1782960073432280
-1782953110166807
-1782953115717434
-1782953116925505
-1782953117403350
-1782953118107211
-1782953118682528
-1782959263865236
-1782960073578594
-1782953345776523
-1782953363680705
-1782953364703932
-1782953365980408
-1782953367375993
-1782953367552122
-1782959456036247
-1782960285957859
-1782953345798402
-1782953364022643
-1782953365937871
-1782953366636465
-1782953367378048
-1782953367553991
-1782959456191831
-1782960292075714
-1782953347048739
-1782953364969476
-1782953366234308
-1782953366740004
-1782953367462268
-1782953367733323
-1782959456275161
-1782960292194360
-1782953347091698
-1782953365240841
-1782953366239707
-1782953366854457
-1782953367464373
-1782953367737000
-1782959456403244
-1782960292340204
-1782953408369904
-1782953414112704
-1782953426873727
-1782953428773087
-1782953429678435
-1782953430447991
-1782959562359877
-1782960371381476
-1782953408471663
-1782953414637537
-1782953427195789
-1782953428866013
-1782953429765172
-1782953430524613
-1782959562434450
-1782960371538499
-1782953410366831
-1782953414787315
-1782953427453542
-1782953428958188
-1782953429865225
-1782953430598333
-1782959562522337
-1782960371712025
-1782953473366063
-1782953486390191
-1782953487465954
-1782953488071262
-1782953488438994
-1782953489476665
-1782959565502584
-1782960495892717
-1782953476004529
-1782953486538475
-1782953487468073
-1782953488145021
-1782953488683323
-1782953489578848
0
0
0
0
0
0
0
0
0
0
0
0
0
0
0
0
0
0
0
0
0
0
0
0
0
0
0
0
0
0
0
0
0
0
0
-1782953486747985
-1782953487551730
-1782953488221909
-1782953488689561
-1782953489655166
-1782959565600865
-1782960506021730
-1782953657111580
-1782953661011449
-1782953661208451
-1782953667821305
-1782953667476119
-1782953668700416
-1782959854263808
-1782960506116468
-1782953657117712
-1782953661204575
-1782953661210401
-1782953667823350
-1782953667565295
-1782953668777930
-1782959854401559
-1782960506258378
-1782953658331351
-1782953661506481
-1782953661596471
-1782953667964816
-1782953667648355
-1782953668855911
-1782959854492587
-1782960506411205
-1782953658453929
-1782953662531182
-1782953662433254
-1782953784439114
-1782953668208731
-1782953669022566
-1782959854589508
-1782960506737070
-1782953780742101
-1782953783066150
-1782953783793800
-1782953784698541
-1782953787846277
-1782953788471528
-1782959915830617
-1782960515516387
-1782953781120215
-1782953783136941
-1782953783795861
-1782953784827637
-1782953787860469
-1782953788584568
-1782959915860598
-1782960515603865
-1782953781771544
-1782953783516532
-1782953784521393
-1782953784947305
-1782953787911661
-1782953846085754
-1782959915954339
-1782960516354960
-1782953840863114
-1782953842356873
-1782953843038164
-1782953843832264
-1782953843962455
-1782953846189699
-1782959916046829
-1782960516443631
-1782953843088503
-1782953845517921
-1782953845876669
-1782953846629709
-1782953847174758
-1782953847839799
-1782959916280509
-1782960516546369
-1782953843207882
-1782953845589220
-1782953845979053
-1782953846814849
-1782953847443486
-1782953847860590
-1782959916317145
-1782960516629992
-1782953844523644
-1782953847862663
-1782953968391634
-1782953987129192
-1782953989074040
-1782953991650408
0
-1782960990698126
-1782953969519145
-1782953976120573
-1782953976782823
-1782953990964815
-1782953989166198
-1782953991958248
0
-1782960990776339
-1782953969521102
-1782953976174328
-1782953976987782
-1782953991081559
-1782953989331415
-1782953992198179
0
-1782960990862935
-1782953969596116
-1782953976251388
-1782953977040148
-1782953991347620
-1782953989465079
-1782953992515511
0
-1782960990993318
-1782953971040940
-1782953976446671
-1782953977380529
-1782953991403106
-1782953989643820
-1782953992640074
0
-1782960991101311
-1782953971229096
-1782953976563421
-1782953978514796
-1782953991520791
-1782953989734088
-1782953992841724
0
-1782960991188322
-1782953972911988
-1782953978240363
-1782953978564025
-1782953991803860
-1782953989990014
-1782953993330045
0
-1782960991190408
-1782953986653372
-1782953992977056
-1782953993241246
-1782953995034701
-1782954004382684
-1782954003904215
0
-1782960991294952
-1782953986762835
-1782953993357177
-1782953993448389
-1782953995149791
-1782954044492125
-1782954004016807
-1782959989466351
-1782961113179220
-1782954037683461
-1782954042753402
-1782954044938249
-1782954044763053
-1782954044602598
-1782954046277077
-1782959989547905
-1782961113301455
-1782954037967657
-1782954042868192
0
0
0
0
0
0
0
0
0
0
0
0
0
0
0
0
0
0
0
0
0
-1782961113391156
-1782954038910983
-1782954043036818
-1782954044940116
-1782954044936219
-1782954044637379
-1782954046323872
-1782959989704258
-1782961113489488
0
0
0
-1782954287759418
0
0
-1782960363980638
-1782961176299427
0
0
0
0
0
0
0
0
0
0
0
0
0
0
0
0
0
0
0
0
0
0
0
0
0
0
0
0
0
0
0
0
0
0
0
0
0
0
0
0
0
0
0
0
0
0
0
0
0
0
0
0
0
-1782954288164298
-1782960364055712
-1782961178189991
-1782954282455143
-1782954285445042
-1782954287761541
-1782954287774667
-1782954287984726
-1782954293577636
-1782960364153634
-1782961178232827
-1782954283114448
-1782954287642485
-1782954290863415
-1782954291617621
-1782954292558454
-1782954293627216
-1782960364307035
-1782961178487671
-1782954285836754
-1782954288689301
-1782954291286956
-1782954291893205
-1782954292826651
-1782954293774135
-1782960364321307
-1782961178574990
0
0
0
-1782954292047577
-1782954292828649
0
0
0
0
0
0
0
0
0
0
0
0
0
0
0
0
0
0
0
0
0
0
0
0
0
0
0
0
0
0
0
0
0
0
0
0
0
0
0
0
0
0
0
0
0
0
0
0
0
0
0
-1782954286416756
-1782954288797400
-1782954291402016
-1782954292206040
-1782954292870532
-1782954293911421
-1782960364783789
-1782961307190869
-1782954529239179
-1782954553985040
-1782954553834731
-1782954553559360
-1782954557468868
-1782954557361022
-1782960490207338
-1782961307635398
-1782954529483475
-1782954554067998
-1782954553836984
-1782954554151329
-1782954557575379
-1782954557815866
-1782960490311615
-1782961307737014
-1782954530250183
-1782954554804876
-1782954554259853
-1782954555003835
-1782954557677853
-1782954557905816
-1782960490400019
-1782961307776559
-1782954530964066
-1782954555412221
-1782954554398200
-1782954555515403
-1782954558132496
-1782954557991557
-1782960490485694
-1782961307844082
-1782954532312553
-1782954555763533
-1782954555116488
-1782954555910816
-1782954558213515
-1782954558384363
-1782960490571891
-1782961307902498
-1782954535090754
-1782954556067579
-1782954555249035
-1782954556288887
0
0
0
0
0
0
0
0
0
0
0
0
0
0
0
0
0
0
0
0
0
0
0
0
0
0
0
0
0
0
0
0
0
0
0
0
0
0
0
0
0
0
0
0
0
0
0
0
0
0
0
0
0
0
0
0
0
0
0
0
0
0
0
0
0
0
0
0
0
0
0
0
0
0
0
0
0
0
0
0
0
0
0
0
0
0
0
-1782954556477820
-1782954679455491
-1782954684038994
-1782960490657126
-1782961308005656
0
0
0
-1782954679871139
-1782954680365958
-1782954684145334
-1782960517190466
-1782961611619447
0
0
0
0
0
0
0
0
0
0
0
0
0
0
0
0
0
0
0
0
0
0
0
0
0
0
0
0
0
0
0
0
0
0
0
0
0
0
0
0
0
0
0
0
0
0
0
0
0
0
0
0
0
0
0
0
0
0
0
0
0
0
0
0
0
0
0
0
0
0
0
0
0
0
0
0
0
0
0
0
-1782954674872631
-1782954678072826
-1782954679138979
-1782954680026438
-1782954680454399
-1782954684392035
-1782960517240415
-1782961611623041
-1782954675716128
-1782954678290236
-1782954730874415
-1782954731134198
0
0
0
0
0
0
0
0
0
0
0
0
0
0
0
0
0
0
0
0
0
0
0
0
0
0
0
0
0
0
0
0
0
0
0
0
-1782954727654438
0
0
0
0
0
-1782960746719091
-1782961612960034
-1782954728216899
-1782954730571387
-1782954731364289
-1782954731250302
-1782954731924832
-1782954732707476
-1782960746807489
-1782961613056284
-1782954729375032
-1782954731818444
-1782954732172892
-1782954732814747
-1782954733225589
-1782954733419795
-1782960747051038
-1782961613209701
-1782954729851857
-1782954731820486
-1782954732705539
-1782954732869207
-1782954733320239
-1782954733508097
-1782960747117880
-1782961613236861
0
0
0
0
0
0
0
0
0
0
0
0
0
0
0
0
0
0
0
0
0
0
0
0
0
0
0
0
0
0
0
0
0
0
0
0
0
0
0
0
0
0
0
0
0
0
0
0
0
0
0
0
0
0
0
0
0
0
0
0
0
0
0
0
0
0
0
0
0
0
0
0
0
0
0
0
0
0
0
0
0
0
0
0
0
0
0
0
0
0
0
0
0
0
0
0
0
0
0
0
0
0
0
0
0
0
0
0
0
0
0
0
-1782954847434633
-1782954848569402
-1782954849175485
-1782954849488000
-1782954850112567
-1782954850592180
-1782960868199009
0
-1782954908985828
-1782954910860861
-1782954911023781
-1782954911731877
-1782954913409086
-1782954913370153
-1782960868361516
-1782961618851758
-1782954909051709
-1782954910953621
-1782954911078402
-1782954912005286
-1782954913639639
-1782954913631919
-1782960868450480
-1782961618982973
-1782954910081605
-1782954912588393
-1782954913411012
-1782954914055382
-1782954915062391
-1782954914981688
-1782960868537007
-1782961619337602
0
0
0
0
0
0
0
0
0
0
0
0
0
0
0
0
0
0
0
0
0
0
0
0
-1782954910205028
-1782954912676789
-1782954913412906
-1782954914176998
-1782954915288849
-1782954915060424
-1782960868622992
-1782961624556169
-1782954910280924
-1782954912764662
-1782954913508046
-1782954914435950
-1782954915364482
-1782954915130605
-1782960868667663
-1782961624862264
-1782954910283131
-1782954913145800
-1782954913718221
-1782954914516251
-1782954915465192
-1782954915684676
-1782960868758789
-1782961625013714
-1782954912007326
-1782954913372209
-1782954914295742
-1782954915064289
-1782954915467085
-1782954915761873
-1782960868856491
-1782961625345038
0
0
0
0
0
0
-1782961016021788
-1782961936903227
0
0
0
0
0
0
0
0
-1782955579074332
0
0
-1782955590163915
-1782955599118308
-1782955598997157
-1782961016102172
-1782961936979748
-1782955579725737
-1782955583097131
-1782955589462270
-1782955590251672
-1782955599840822
-1782955599116237
-1782961016108365
-1782961937081348
-1782955581490684
-1782955588228176
-1782955590403935
-1782955591058106
-1782955600140710
-1782955599311862
-1782961016110364
-1782961950796142
-1782955584139573
-1782955588480788
-1782955590696152
-1782955591150994
-1782955600340459
-1782955599487680
-1782961016112425
-1782961950929672
-1782955593344898
-1782955605830394
-1782955608057392
-1782955619609802
-1782955617294257
-1782955618119031
-1782961136639995
-1782961951826311
-1782955594611658
-1782955606429381
-1782955608369917
-1782955619908133
-1782955617449416
-1782955618388924
-1782961136733542
-1782961951850454
-1782955599123849
-1782955606625933
-1782955608372221
-1782955949509321
-1782955949428368
-1782955950023880
-1782961446365103
0
-1782956007331622
-1782956009666897
-1782956009949867
-1782956010764185
-1782956011269438
-1782956284594460
-1782962177542465
-1782962923940652
-1782956255341489
-1782956271413345
-1782956273643760
-1782956275872086
-1782956285665255
-1782956284723514
-1782962177697716
-1782962924082352
-1782956255826287
-1782956271513734
-1782956273767760
-1782956276268547
-1782956285785068
-1782956284820675
-1782962177810769
-1782962924144716
-1782956256231457
-1782956271691647
-1782956273922009
-1782956276513071
-1782956285921535
-1782956285020578
-1782962177896194
-1782962924214891
-1782956265158732
-1782956272758350
-1782956274038513
-1782956382948246
-1782956383732183
-1782956384539918
-1782962177936088
-1782962924525151
-1782956374442848
-1782956380351307
-1782956382849589
-1782956383042597
-1782956383900339
-1782956384592066
-1782962601552293
-1782962925662768
-1782956375223215
-1782956380357106
-1782956383232550
-1782956383093925
-1782956384011685
-1782956384694584
-1782962601640243
-1782962925847373
-1782956375445440
-1782956382707847
-1782956383276456
-1782956383426441
-1782956384121715
-1782956384696569
-1782962601718961
-1782962925862221
-1782956389666336
-1782956391260015
-1782956391679476
-1782956392718382
-1782956392985336
-1782956393338403
-1782962602717643
-1782962926006530
-1782956501945650
-1782956503882824
-1782956504504683
-1782956505206452
-1782956393034639
-1782956393343915
-1782962602794564
-1782962926086627
-1782956502100089
-1782956503989558
-1782956504674543
-1782956505208336
-1782956505896206
-1782956506735692
-1782962725179544
-1782963231121055
-1782956502102099
0
0
0
0
0
0
0
0
0
0
0
0
0
0
0
0
0
-1782956504676484
-1782956505319143
-1782956506008322
-1782956507292487
-1782962725266563
-1782963231208681
-1782956502878283
-1782956504801382
-1782956505789701
-1782956506063079
-1782956506847402
-1782956507404127
-1782962725352181
-1782963231230997
-1782956502984317
-1782956506845397
-1782956507167789
-1782956508446187
-1782956508913737
-1782956509066651
-1782962725410015
-1782963231378115
-1782956567270813
-1782956568841306
-1782956569522868
-1782956569951744
-1782956570354478
-1782956571289803
-1782962726986946
-1782963235564307
-1782956567386855
-1782956569151401
-1782956569582372
-1782956570070159
-1782956571615519
-1782956572072417
-1782962727025754
-1782963235655229
-1782956568519238
-1782956569584275
-1782956570442673
-1782956570738846
-1782956571729241
-1782956572181316
-1782962727027952
-1782963235745207
-1782956750371908
-1782956569663707
-1782956571103206
-1782956571755032
-1782956754811628
-1782956755730197
-1782962915710557
-1782963305614455
-1782956750521598
-1782956752674777
-1782956753716008
-1782956754163413
-1782956754918041
-1782956755732126
-1782962916885664
-1782963305700792
-1782956751156023
-1782956752813864
-1782956753718011
-1782956754291004
-1782956755026813
-1782956755763534
-1782962916959426
-1782963305902305
-1782956751170491
-1782956752913435
-1782956753751654
-1782956755589453
-1782956755481775
-1782956756400484
-1782962917000223
-1782963305904494
-1782956752065805
-1782956753558004
-1782956754037577
-1782956755621089
-1782956755504707
-1782956756620097
-1782962917053010
-1782963305910109
-1782956752175386
-1782956753626242
-1782956754390265
-1782956756398549
-1782956756234974
-1782956756802584
-1782962917225086
-1782963306114665
-1782956753020941
-1782956754675620
-1782956755623043
-1782956756628512
-1782956756350725
-1782956756974053
-1782962917262056
-1782963306116819
-1782956758184723
-1782956761081913
-1782956761763179
-1782956762334654
-1782956762771326
-1782956763252629
-1782962917351320
-1782963306459079
-1782956760068776
-1782956761870443
-1782956762646379
-1782956762363094
-1782956764143897
-1782956763640479
-1782962917394402
-1782963306577037
-1782956760177121
-1782956761925011
-1782956762769319
-1782956763397589
-1782956764171501
-1782956764435713
-1782962917654890
-1782963307862989
-1782956760225893
-1782956762042476
-1782956762891112
-1782956763615096
-1782956764173427
-1782956764481739
-1782962917685879
-1782963308038536
-1782956815822458
-1782956817466454
-1782956819011999
-1782956941584320
-1782956942295637
-1782956943011361
-1782963026196517
-1782963371205831
-1782956938386207
-1782956940440659
-1782956941097609
-1782956941671394
-1782956942344446
-1782956943103640
-1782963026448140
-1782963371284927
-1782956938468880
-1782956940609568
-1782956941119612
-1782956941771061
-1782956942495915
-1782957067683781
-1782963028366809
-1782963438049537
-1782957058967643
-1782957060225382
-1782957061059052
-1782957065491280
-1782957066195815
-1782957067772608
-1782963028376067
-1782963438188249
-1782957120400089
-1782957122645640
-1782957123250183
-1782957124911239
-1782957124461023
-1782957125838801
-1782963131045086
-1782963496679889
-1782957120516643
-1782957122728672
-1782957123255180
-1782957124920192
-1782957126641101
-1782957126637210
-1782963131116489
-1782963496755303
-1782957120997490
-1782957123226096
-1782957123696132
-1782957125752501
-1782957126715030
-1782957126639233
-1782963131236446
-1782963496842534
-1782957121111265
-1782957124298650
-1782957124914954
-1782957125836846
-1782957126849731
-1782957126753260
-1782963131291528
-1782963496985294
-1782957125050664
-1782957124916908
-1782957127107444
-1782957127982872
-1782957128772069
-1782957129236518
-1782963131384804
-1782963497073342
-1782957125917926
-1782957127765955
-1782957128585580
-1782957129147658
-1782957129492999
-1782957129839557
-1782963131502816
-1782963497161244
-1782957126630031
-1782957127819034
-1782957128674578
-1782957129234446
-1782957129582302
-1782957129921827
-1782963131591201
-1782963497255096
-1782957126632035
-1782957127980957
-1782957128867210
-1782957252587566
-1782957255582917
-1782957260335220
-1782963263566489
-1782963622723069
-1782957247881210
-1782957250114501
-1782957250735466
-1782957252589529
-1782957255687238
-1782957260422328
-1782963263824205
-1782963622845856
-1782957248457049
-1782957250649189
-1782957251284411
-1782957252591403
-1782957256732452
-1782957260424348
-1782963263826237
-1782963623009060
-1782957249132400
-1782957251077840
-1782957252498919
-1782957255439403
-1782957257031227
-1782957260508064
-1782963263828212
-1782963623161632
-1782957249223589
-1782957251197319
-1782957259402507
-1782957259141407
-1782957259047845
-1782957260656641
17315926358
16956972859
23327133616
23321591013
23320961597
23321384274
23321160800
23320124489
17377817231
17019529437
23389464296
23384152042
23383464705
-1782957373892952
-1782957374578428
-1782957375449251
-1782963320988855
-1782963632202382
-1782957369991272
-1782957372885375
-1782957373776969
-1782957373992742
-1782957374644445
-1782957375660326
-1782963321070551
-1782963632467544
-1782957433653964
-1782957440873935
-1782957441668712
-1782957442147823
-1782957443452185
-1782957443867732
-1782963385259070
-1782963633252103
-1782957434392137
-1782957440959358
-1782957441783211
-1782957442232429
-1782957443575673
-1782957443882973
-1782963385379990
-1782963692724801
-1782957434578580
-1782957441045429
-1782957441785358
-1782957442314764
-1782957443715200
-1782957444033903
-1782963385479673
-1782963692814965
-1782957434580672
-1782957441129621
-1782957441865033
-1782957443747945
-1782957443738977
-1782957444918526
-1782963385592726
-1782963692919274
-1782957448288551
-1782957452564815
-1782957451725009
-1782957453255042
-1782957452874961
-1782957453660348
-1782963385662218
-1782963695859219
-1782957448467548
-1782957452684161
-1782957453557476
-1782957454851311
-1782957455329903
-1782957456199920
-1782963385764617
-1782963695874485
-1782957450210467
-1782957453057435
-1782957453657594
-1782957455041146
-1782957455423082
-1782957456287002
-1782963385770571
-1782963695955204
-1782957682051626
-1782957684030530
-1782957684289777
-1782957684792628
-1782957685354438
-1782957686302573
-1782963390461555
0
-1782957682053833
-1782957684144033
-1782957684368604
-1782957684897975
-1782957685544052
-1782957686304486
-1782963390543358
0
-1782957682627640
-1782957684676549
-1782957684899946
-1782957685726546
-1782957686250617
-1782957686574336
-1782963585819719
-1782963923054962
-1782958045956547
-1782958056739987
-1782958070120590
-1782958070852173
-1782958071895543
-1782958074185204
-1782963585823067
-1782963923307148
-1782958046050508
-1782958056966108
-1782958070174268
-1782958070952663
-1782958071999845
-1782958074560130
-1782963585825147
-1782963923356262
-1782958047438602
-1782958057157776
-1782958070261897
-1782958071095777
-1782958072229503
-1782958074617133
-1782963585827062
-1782963923413823
-1782958047813003
-1782958057290937
-1782958070419998
-1782958071175608
-1782958072336034
23071595769
17561208453
17223900537
23168025233
23158450540
23145613755
23445412417
23444571230
23441639730
17931236273
17593409729
23468245809
23459821827
23446863676
-1782958071355457
-1782958072494617
-1782958076024391
-1782963585833355
-1782963923735734
-1782958049051322
-1782958057701479
-1782958070679678
-1782958071661807
-1782958072597820
-1782958076480063
-1782963585835211
-1782963923831198
-1782958049053385
-1782958057803481
-1782958075556367
-1782958077981042
-1782958072678162
23441082083
17934132615
17596968975
23468408959
23449669605
23445491220
23442889662
23442812304
23441779553
17934727507
17597765598
23466894363
23449700806
23446062330
23442878559
23443027677
23442121731
18049155394
17712263408
23580824307
23564341518
23559448485
23556504483
23557205216
23556438458
18049976550
17713255454
23573619617
23560642676
23560165781
23557298203
-1782958079891260
-1782958080659210
-1782963587212636
-1782963924535440
-1782958065767228
-1782958076869267
-1782958078095659
-1782958080521700
-1782958080066478
-1782958080779782
-1782963587343105
-1782964105287683
-1782958118253430
-1782958129266289
-1782958130090327
-1782958131276967
-1782958132461392
-1782958132801042
-1782963589360660
-1782964105462132
-1782958118640045
-1782958129468603
-1782958130249040
-1782958131388719
-1782958133142636
-1782958133020744
-1782963589408339
-1782964105549143
-1782958120030579
-1782958129586735
-1782958130606918
-1782958131390774
-1782958133249564
-1782958133036198
-1782963589474342
-1782964105595826
-1782958120398587
-1782958129720830
-1782958130742531
-1782958131407637
-1782958133384468
-1782958133432585
-1782963597580768
0
-1782958298751005
-1782958303786806
-1782958304169073
-1782958304875111
-1782958306025898
-1782958306296799
-1782963597583665
0
-1782958540740925
-1782958544639308
-1782958547890527
-1782958551232500
-1782958549170356
-1782958549848179
0
0
-1782958541200829
-1782958544714108
-1782958548154145
-1782958551336853
-1782958549531090
-1782958550321533
0
0
-1782958542646895
-1782958548948493
-1782958549065086
-1782958551381925
-1782958549637136
-1782958550872253
0
0
-1782958542689345
-1782958549067253
-1782958549203045
-1782958551615315
-1782958550059682
-1782958550975589
0
0
-1782958544995698
-1782958549955293
-1782958549721073
-1782958551630122
-1782958552882430
-1782958552768186
0
0
-1782958545778161
-1782958550476108
-1782958550206356
-1782958551733899
-1782958552884235
-1782958552880420
0
0
-1782958546159642
-1782958550660022
-1782958550767829
-1782958551757337
-1782958552926249
-1782958553004086
0
-1782964653420638
-1782958667046209
-1782958675530652
-1782958677493124
-1782958677958167
-1782958681127181
-1782958688827451
0
-1782964653485074
-1782958667120492
-1782958675537766
-1782958677578315
-1782958678047249
-1782958681155427
-1782958689193785
0
-1782964653563500
-1782958667122973
-1782958675909961
-1782958677580310
-1782958678155931
-1782958681238640
-1782958689278559
0
-1782964653657213
-1782958670447842
-1782958679348303
-1782958680108502
-1782958678244184
-1782958686201823
-1782958690308079
0
-1782964653826149
-1782958671118499
-1782958679470558
-1782958680199159
-1782958681772174
-1782958687726566
-1782958690396195
0
-1782964653855296
-1782958671929377
-1782958679472513
-1782958680287732
-1782958681876529
-1782958687980713
-1782958690550061
0
-1782964654119163
-1782958680776194
-1782958688216718
-1782958689087058
-1782958690074752
-1782958691338273
-1782958692667288
0
-1782964717609362
-1782958682963571
-1782958688535218
-1782958689540936
-1782958690260438
-1782958691457565
-1782958692756426
0
-1782964718672643
-1782958795375231
-1782958803455386
-1782958805015877
-1782958808725130
-1782958809302313
-1782958810213153
0
-1782964840866532
-1782958797402345
-1782958803621749
-1782958805101654
-1782958808802313
-1782958809388211
-1782958810285503
0
-1782964840937365
-1782958799248289
-1782958804286187
-1782958805176764
-1782958808904308
-1782958809468307
-1782958810365594
0
-1782964841016495
-1782958800381939
-1782958806754900
-1782958807291785
-1782958808997488
-1782958809566188
-1782958810439167
0
-1782964841245711
-1782958800831466
-1782958806860313
-1782958807410881
-1782958809122673
-1782958809645125
-1782958810527365
0
-1782964841701437
-1782958801521657
-1782958927225977
-1782958930817207
-1782958931024347
-1782958931020305
-1782958931015047
0
-1782964851951932
-1782958920115253
-1782958927332491
-1782958931012905
-1782958931090319
-1782958931022501
-1782958931086560
0
-1782964851997425
-1782958921318472
-1782958931190545
-1782958934997675
-1782958935856961
-1782958936731269
-1782958937663278
0
0
0
0
0
0
0
0
0
0
0
0
0
0
0
0
0
0
0
0
0
0
0
0
0
0
0
0
0
0
0
0
0
0
0
0
0
0
0
0
0
0
0
0
0
0
0
0
0
0
0
0
0
0
0
0
0
0
0
0
0
0
0
0
0
0
0
0
0
0
0
0
0
0
0
0
0
0
0
0
0
0
0
0
-1782958935085372
-1782958935946198
-1782958936819065
-1782958937708338
0
-1782964851999467
-1782958925320338
-1782958933289715
-1782958935087350
-1782958936057055
-1782958936906166
-1782958937710305
0
-1782964852005011
-1782958926252662
-1782958933365612
-1782958935137344
-1782958936212464
-1782958936999311
-1782958937712153
0
-1782964852109786
-1782958926796596
-1782958933613651
-1782958935255937
-1782958936381028
-1782958937087259
-1782958937713995
0
-1782964852115217
-1782959045833896
-1782959051191896
0
0
0
0
0
0
0
0
0
0
0
0
0
0
0
0
0
0
0
0
0
0
0
0
0
0
0
0
0
0
-1782959046226101
-1782959051338695
-1782959053385113
-1782959053842927
-1782959053739697
-1782959055022312
-1782964213795787
0
-1782959046352113
-1782959051377365
-1782959053430877
-1782959054302849
-1782959054181171
-1782959055151630
-1782964213866803
0
-1782959047169431
-1782959053517727
-1782959053926505
-1782959054646779
-1782959054541891
-1782959055282957
-1782964213951930
0
-1782959047350356
-1782959053600010
-1782959054343709
-1782959056526812
-1782959056196047
-1782959056778955
-1782964214055169
-1782964852690834
0
0
0
0
0
0
0
0
0
0
0
0
0
0
0
0
0
0
0
0
0
0
0
0
-1782959479210498
-1782959054014680
-1782959054879887
-1782959057042163
-1782959056279199
-1782959056789359
-1782964214194566
-1782964852815948
-1782959479309871
-1782959054158908
-1782959054881885
-1782959057213118
-1782959056442747
-1782959056870829
-1782964214404995
-1782964852895069
-1782959479598749
-1782959054498080
-1782959054928911
-1782959057300104
-1782959056960428
-1782959057124219
-1782964214419084
-1782964852897014
-1782959479938657
-1782959354219962
-1782959357728584
-1782959360356523
-1782959366543684
-1782959364598918
-1782964227145607
-1782965154503581
-1782959479984600
-1782959354455336
-1782959357859404
-1782959360456267
-1782959366632600
-1782959364717036
-1782964227229320
-1782965154573979
-1782959479999760
-1782959355805921
-1782959360505013
-1782959360462384
-1782959366717850
-1782959364868865
-1782964227379844
-1782965154663538
-1782959480776948
-1782959356992936
-1782959360564514
-1782959360719447
-1782959366803436
-1782959365177864
-1782964227558126
-1782965154751042
-1782959480826791
-1782959360458396
-1782959361142649
-1782959360833311
-1782959366946120
-1782959365265911
-1782964227647508
-1782965154833964
-1782959480841006
-1782959360460459
-1782959361557824
-1782959361498420
-1782959366953212
-1782959365351712
-1782964227930666
-1782965154916274
-1782959480902666
-1782959361231617
-1782959361559802
-1782959361658250
-1782959367048479
-1782959365446916
-1782964228015402
0
-1782959480973348
0
0
0
-1782959367132798
0
0
0
-1782959481045944
-1782959361389555
-1782959361749950
-1782959362168290
-1782959367220576
-1782959365497214
-1782964228139595
-1782965155009331
-1782959484850789
-1782959362305801
-1782959363505695
-1782959364506064
-1782959367338229
-1782959366235759
-1782964228180363
-1782965155323628
-1782959485136012
-1782959362487136
-1782959363681726
-1782959364860663
-1782959367389978
-1782959366319132
-1782964228333663
-1782965155352723
-1782959485320930
-1782959483329036
-1782959483564989
-1782959484308212
-1782959484942172
-1782959485882207
-1782964588173537
-1782965156824970
-1782959485414882
-1782959483479116
-1782959483726551
-1782959484410031
-1782959485496164
-1782959485955845
-1782964588294775
-1782965156943912
-1782959485623416
-1782959496117604
-1782959497223262
-1782959498090539
-1782959498750006
-1782959499349755
-1782964588423292
-1782965157817832
-1782959485718101
-1782959496321630
-1782959497464245
-1782959498188207
-1782959498860218
0
0
0
-1782959485800076
-1782959496657432
-1782959497566487
-1782959498963709
-1782959499770234
-1782959500298183
-1782964588910546
-1782965157930260
-1782959486278634
-1782959496942212
-1782959497689245
-1782959499947135
-1782959499861710
-1782959500658483
-1782964589012590
-1782965158012686
-1782959486366821
-1782959497000487
-1782959497880119
-1782959500576848
-1782959500409598
-1782959500704737
-1782964589094621
-1782965158115422
-1782959486449145
-1782959497773141
-1782959498280605
-1782959500939330
-1782959500495861
-1782959501425433
-1782964589170697
-1782965158231194
-1782959486476516
-1782959498494468
-1782959498364865
-1782959501354933
-1782959500787996
-1782959501478080
-1782964589246536
-1782965158387628
-1782959486878594
-1782959498597531
-1782959499081425
-1782959501593333
-1782959500830683
0
0
0
0
0
0
0
0
0
0
0
-1782959487467366
-1782959499441898
-1782959499171797
-1782959501702344
-1782959501027952
-1782959501543080
-1782964589347078
-1782965158411168
-1782959487616125
-1782959499683345
-1782959500079668
-1782959501786211
-1782959501110594
-1782959501869773
-1782964589542154
-1782965158505046
-1782959488032648
-1782959500380451
-1782959500163679
-1782959501788234
-1782959501112586
-1782959501995127
-1782964589544393
-1782965158545423
-1782959488243583
-1782959500382611
-1782959500578813
-1782959501867852
-1782959501140364
-1782959502078123
0
0
0
0
0
0
0
0
0
0
0
0
0
0
0
0
0
0
0
0
0
0
0
0
0
0
0
0
0
0
0
0
0
0
0
0
0
0
0
0
0
0
0
0
0
0
0
0
0
0
0
0
0
0
0
0
0
0
0
0
0
-1782959502155777
-1782959501225629
-1782959602822796
-1782964711318708
-1782965180804392
-1782959596560143
-1782959600415336
0
0
0
0
0
0
0
0
0
0
0
0
0
0
0
0
0
0
0
0
0
0
0
0
0
0
0
0
0
0
0
0
0
0
0
0
0
0
0
0
0
0
0
0
0
0
0
0
0
0
0
0
0
0
0
0
0
0
0
0
0
0
0
0
0
0
0
0
0
0
0
0
0
0
0
0
0
0
0
0
0
0
0
0
0
0
0
0
0
0
0
0
0
0
0
-1782959665614268
-1782959665578521
-1782959668380187
-1782959668281671
-1782959671464703
-1782964714995779
-1782965180891260
-1782959660573531
-1782959665782022
-1782959667814225
-1782959668758160
-1782959668583037
-1782959671586686
-1782964715001648
-1782965181031487
-1782959661293007
-1782959665918756
-1782959670326808
-1782959669173849
-1782959668668970
-1782959671681139
-1782964715003865
-1782965181065813
-1782959662588665
-1782959668132037
-1782959670763000
-1782959669373568
-1782959668865781
-1782959671890048
-1782964715071461
-1782965181186441
-1782959662782151
-1782959670165041
-1782959670996374
-1782959669499413
-1782959669083118
-1782959672209649
-1782964715183939
-1782965181192881
0
0
0
0
0
0
0
0
0
0
0
0
0
0
0
0
0
0
-1782959671165206
-1782959675671872
-1782959675443079
-1782959675770707
-1782964715483226
-1782965181347667
-1782959785828006
-1782959670456827
-1782959671369949
-1782959791215582
-1782959791175235
-1782959791670065
-1782964722723420
-1782965183136221
-1782959786290282
-1782959789659998
-1782959789829342
-1782959791447584
-1782959791327465
-1782959791671999
-1782964722812438
-1782965183217584
-1782959786374536
-1782959789745126
-1782959789952163
-1782959791449507
-1782959791838260
-1782959791845970
-1782964960333843
-1782965183349806
-1782959787167021
-1782959790210175
-1782959791217669
-1782959791529961
-1782959791950695
-1782959791948795
-1782964960691295
-1782965183351767
0
0
0
0
0
0
0
0
0
0
0
0
0
0
0
0
0
0
0
0
0
0
0
0
0
0
0
0
0
0
0
0
0
0
0
0
0
0
0
0
0
0
0
-1782959791673946
-1782959793462935
-1782959794422523
-1782964960706408
-1782965183434442
-1782959796077832
-1782959792490075
-1782959793556118
-1782959793554171
-1782959793652893
-1782959794503964
-1782964960788696
-1782965183436456
-1782959796236029
-1782959797710022
-1782959798574485
-1782959798950153
-1782959799667190
-1782959800109205
-1782964960866766
-1782965183438341
-1782959796327095
-1782959797757631
-1782959798664216
-1782959799058494
0
0
0
0
0
0
0
0
0
0
0
0
0
0
0
0
0
0
0
0
0
0
0
0
0
0
0
0
0
0
0
0
-1782959801731704
-1782959802327397
-1782964960947030
-1782965183537230
0
0
0
0
0
0
0
0
0
0
0
0
0
0
0
0
0
0
0
0
0
0
0
0
0
0
0
0
0
0
0
0
0
0
0
0
0
0
0
0
0
0
0
0
0
0
0
0
0
0
0
-1782959800855783
-1782959922728474
-1782959923553466
-1782964962011990
-1782965236096535
-1782959919693115
-1782959921070611
-1782959921816155
-1782959922214653
-1782959922815170
-1782959923680818
-1782964962116424
-1782965236197163
-1782960039215326
-1782960041315515
-1782960042192157
-1782959922356538
-1782960043196741
-1782960043702310
-1782964965706010
-1782965477818923
-1782960039446781
-1782960041413072
-1782960042283359
-1782960042672412
-1782960043211225
-1782960043824153
-1782964965829849
-1782965478034160
0
0
0
0
0
0
0
0
0
0
0
0
0
0
0
0
0
0
0
0
0
0
0
0
0
0
0
0
0
0
-1782964965914553
-1782965478210715
-1782960040167823
-1782960041875444
-1782960042371857
-1782960042785008
-1782960043934704
-1782960044576276
-1782964966169475
-1782965478345789
-1782960040816727
-1782960042083370
-1782960043340420
-1782960044024922
-1782960044530879
-1782960044759287
-1782964966243805
-1782965478454274
-1782960040926761
-1782960042467733
-1782960043365153
-1782960044073753
-1782960044574327
-1782960044876274
-1782964966299759
-1782965478513223
-1782960046781378
0
0
0
-1782960058092303
0
0
0
0
0
0
0
0
0
0
0
0
0
0
0
0
0
0
0
0
0
0
0
0
0
0
0
0
0
0
0
0
0
0
0
0
0
0
0
0
0
0
0
0
0
0
0
0
0
0
0
0
0
0
0
0
0
0
0
0
-1782960053061778
-1782960057076857
-1782960059132031
-1782960058258441
-1782960058387537
-1782965090226220
-1782965540376531
-1782960046873577
-1782960053147442
-1782960057115264
-1782960059173337
0
0
0
0
0
0
0
0
-1782960058433403
-1782960060414042
-1782965090335920
-1782965540476736
-1782960048009719
-1782960056530313
-1782960058871505
-1782960059175296
-1782960058614252
-1782960060494133
-1782965090427441
-1782965540676932
-1782960048094261
-1782960056683598
-1782960058873554
-1782960059292109
-1782960058707174
-1782960060630510
-1782965090512846
-1782965540757973
-1782960049908890
-1782960056788905
-1782960059316818
-1782960059294005
-1782960058991920
-1782960060716035
-1782965090645070
-1782965540760247
-1782960050766601
-1782960058001948
-1782960059466721
-1782960059482611
0
-1782960060944495
-1782965090672120
0
0
0
0
0
0
0
0
0
0
0
0
0
0
0
0
0
0
0
0
0
0
0
0
0
-1782960073235876
-1782960293125803
-1782960293542547
-1782960059712892
-1782960060331089
-1782960295693220
-1782965214026835
-1782965787051122
-1782960073753199
-1782960293187302
-1782960293692934
-1782960294437394
-1782960294879648
-1782960296016402
-1782965214129356
-1782965787140042
-1782960074398286
-1782960293318836
-1782960293694976
-1782960294447851
-1782960295289416
-1782960296108294
-1782965214283310
-1782965787243267
-1782960075612104
-1782960293323167
-1782960293773629
-1782960294453103
-1782960295299396
-1782960296110224
-1782965214378303
-1782965787453830
-1782960076152529
-1782960293325100
-1782960293775826
-1782960294455058
-1782960295336943
-1782960296152301
-1782965214453021
-1782965787588823
-1782960076955399
-1782960293338559
-1782960293819473
-1782960294559980
-1782960295351035
-1782960296202170
-1782965214537506
-1782965787722491
0
0
0
0
0
0
0
0
0
0
0
0
0
0
0
0
0
0
0
0
0
0
0
0
0
0
0
0
0
0
0
0
0
0
0
0
0
0
0
0
0
0
0
0
0
0
-1782965214622380
-1782965787724698
-1782960079069825
-1782960293340554
-1782960294077619
-1782960294718844
-1782960295383828
-1782960296308561
-1782965214705077
-1782965787786857
-1782960080391565
-1782960293427874
-1782960294353548
-1782960294724003
-1782960295434271
-1782960296474322
-1782965214816537
-1782965787887259
-1782960299953722
-1782960300831613
-1782960301082013
-1782960300955041
-1782960301017337
-1782960301377859
-1782965214899215
-1782965787889377
-1782960300446219
-1782960300940289
-1782960301083922
-1782960301015358
-1782960301076797
-1782960301392006
-1782965214940827
-1782965788004779
-1782960300448424
-1782960300950370
0
0
0
0
0
0
0
0
-1782960301297986
-1782960380224226
-1782960380978458
-1782960381660598
16843320568
16132220206
21923960700
21917803483
21916951548
21915905632
21915291469
-1782960381780804
-1782965452466541
-1782966163536116
-1782960372015005
-1782960378566063
-1782960379367273
-1782960380441834
-1782960381169251
-1782960381914401
-1782965452585293
-1782966223452067
0
0
0
0
0
0
0
0
-1782960495898519
-1782960540463471
-1782960541287734
-1782960541206421
-1782960541974145
-1782960546119472
-1782965525637289
-1782967012139453
-1782960495937929
-1782960540756981
-1782960553491614
-1782960569759579
-1782960571615156
-1782960574701584
-1782965525769851
-1782967016069950
-1782960497002289
-1782960549186683
-1782960553718919
-1782960569932708
-1782960574845384
-1782960575052952
-1782965525862939
-1782967016187286
-1782960501048688
-1782960549412674
-1782960554042649
0
0
0
0
-1782967016763954
0
0
0
0
0
0
0
0
0
0
0
0
0
0
0
0
0
0
0
0
0
0
0
0
0
0
0
0
0
0
0
0
0
0
0
0
0
0
0
0
0
0
0
0
0
0
0
0
0
0
0
0
0
0
-1782965525946928
-1782967016868281
-1782960507467377
-1782960549622804
-1782960554139129
-1782960570058747
-1782960574963477
-1782960575175103
-1782965526058908
-1782967017045392
-1782960508202420
-1782960550115171
-1782960554452658
-1782960570427287
-1782960575439308
-1782960575331370
-1782965526141612
-1782967017093951
-1782960509811813
-1782960550241253
-1782960554618739
-1782960571077248
-1782960575517111
-1782960575814223
-1782965526184058
-1782967017404622
-1782960510528622
-1782960550643641
-1782960554987539
-1782960571230123
-1782960575602695
-1782960578530917
-1782965649684518
-1782967017406754
-1782960511610562
-1782960550816303
-1782960555084624
-1782960571505096
-1782960575935885
-1782960578635473
-1782965649856156
-1782967017669574
-1782960512380695
-1782960550962667
-1782960555304137
-1782960571810421
-1782960576034752
-1782960578779257
-1782965649950896
-1782967017671563
-1782960513374347
-1782960551112277
-1782960555404672
-1782960572065214
0
0
0
0
-1782960515788502
-1782960551244315
-1782960555528176
-1782960572153091
-1782960576153834
-1782960579143759
0
0
0
0
0
0
0
0
0
0
0
0
0
0
0
0
0
0
0
0
0
0
0
-1782960579290627
-1782965650045049
-1782967017673487
-1782960517242578
-1782960551419543
-1782960555619938
-1782960572348399
-1782960576318071
-1782960579389685
-1782965650138170
-1782967076668102
-1782960517955262
-1782960551723770
-1782960555758592
-1782960572580936
-1782960576413599
-1782960579602214
-1782965650232835
-1782967076788039
-1782960519386513
-1782960551739172
-1782960555870778
-1782960572805210
-1782960765064039
-1782960765293565
-1782965650324126
-1782967078172393
-1782960749478052
-1782960762626195
-1782960763471583
-1782960764349467
-1782960765149579
-1782960765376966
-1782965650509944
-1782967078279483
-1782960749739151
-1782960762873471
-1782960763800687
-1782960765478120
-1782960765912796
-1782960766414339
-1782965655980854
-1782967078386320
-1782960749783153
-1782960762959645
-1782960763931880
-1782960765617811
-1782960766062036
-1782960766495878
-1782965655983068
-1782967078491555
0
0
0
-1782960888914810
-1782960889295844
-1782960766601723
-1782965661133764
-1782967263008636
-1782960991425867
-1782960993649626
-1782960994280638
-1782960994899053
-1782960994902875
-1782960995439426
-1782965965193161
-1782967263315259
-1782960991593029
-1782960994265728
-1782960994463127
-1782960994958904
-1782960994957000
-1782960996641495
-1782965965266177
-1782967268188634
-1782960992744439
-1782960994895632
-1782960995249064
-1782960995842183
-1782960996164443
-1782960996690974
-1782965965306456
-1782967268237080
-1782960993044283
-1782960994901046
-1782960995359631
-1782960995844946
-1782960996281677
-1782960996778268
-1782965968977486
-1782967392598323
-1782961113607999
-1782961117908528
-1782961119118198
-1782961123643182
-1782961124093402
-1782961125033892
-1782965969065995
-1782967392911400
-1782961114413347
-1782961117993346
-1782961119209771
-1782961123728928
-1782961124205446
-1782961125117508
-1782965969068206
-1782967392963374
-1782961114509580
-1782961118031285
-1782961119298753
-1782961123867524
-1782961124211006
-1782961125198400
-1782965969073721
-1782967393092911
-1782961115065365
-1782961118120996
-1782961119345631
-1782961178090362
-1782961179542605
-1782961180144378
-1782965970017100
-1782967696345164
-1782961175512957
-1782961177541663
0
0
0
0
0
0
0
0
0
0
0
0
0
0
-1782961176382321
0
-1782961179860460
-1782961181136663
-1782961180748083
-1782961182903705
-1782966154418691
-1782967696433364
-1782961176518074
-1782961180249162
-1782961179947232
-1782961181234687
-1782961180946807
-1782961183029204
-1782966154516994
-1782967701572521
-1782961176604187
-1782961180251224
-1782961179995617
-1782961181262389
-1782961181000368
-1782961183113344
-1782966154592997
-1782967701761801
0
0
0
0
0
0
0
0
0
0
0
0
0
0
0
0
0
0
0
0
0
0
0
0
0
0
0
0
0
0
0
0
0
0
0
0
-1782961181071028
-1782961183224337
-1782966155375935
-1782967701871417
-1782961178657720
-1782961180332266
-1782961180839043
-1782961183191536
-1782961188607549
-1782961195993114
-1782966155464037
-1782967701995889
-1782961181825499
-1782961188137356
-1782961190655517
-1782961199724071
-1782961198408385
-1782961199210585
-1782966155552251
-1782967702161588
-1782961181961311
-1782961188231465
-1782961191503387
-1782961199967828
-1782961198588269
-1782961199224560
-1782966155717659
-1782967702331007
-1782961184274211
-1782961196787168
-1782961199831424
-1782961203149456
-1782961202987043
-1782961203646308
-1782966276846471
-1782967702653001
-1782961184311627
-1782961196990615
-1782961199833473
-1782961203548100
-1782961203455129
-1782961203727608
-1782966276985170
-1782967702769557
-1782961184399149
-1782961197076541
-1782961200060342
-1782961203894652
-1782961203811386
0
-1782966277075026
-1782967703802433
0
0
0
0
0
0
0
0
0
0
0
0
0
0
0
0
0
0
0
0
0
0
0
0
0
0
0
0
0
0
0
0
0
0
0
0
0
0
0
0
0
0
0
0
0
0
0
0
0
0
0
0
0
0
0
0
0
0
0
0
-1782961204018683
-1782961203935596
-1782966277942892
-1782967704065616
-1782961488011953
-1782961309197795
-1782961309894769
-1782961491815015
-1782961314649841
-1782961315277509
-1782966278883590
-1782967885404133
-1782961488133614
-1782961490464946
-1782961491134438
-1782961491890725
-1782961492574507
-1782961493008235
-1782966404686983
-1782968128767562
-1782961488308026
-1782961490544339
-1782961491219086
-1782961491944450
-1782961492659467
-1782961493094053
-1782966405009670
-1782968128918695
-1782961488322122
-1782961490571874
-1782961491319364
-1782961492042712
-1782961492702607
-1782961493177835
-1782966405211607
-1782968129018220
-1782961488352997
-1782961490665879
-1782961491401121
-1782961492210964
0
0
0
0
0
0
0
0
0
0
0
0
0
0
0
0
0
0
0
0
-1782961611708072
-1782961617800300
-1782961619546648
-1782961627147120
-1782961623929522
-1782961627297050
-1782966525110758
-1782968129118129
-1782961611882159
-1782961617847278
-1782961620485021
-1782961627520191
-1782961624018117
-1782961627377715
-1782966525137146
-1782968254477935
-1782961611976276
-1782961617849446
-1782961620645144
-1782961627633457
-1782961624422572
-1782961627657407
-1782966525246215
-1782968254524294
-1782961613401911
-1782961620034016
-1782961620818723
-1782961628212245
-1782961624730485
-1782961627828016
-1782966525412099
0
0
0
-1782961620902856
-1782961628297929
-1782961625130462
-1782961627944556
-1782966525440859
-1782968254656308
-1782961614448942
-1782961622869013
-1782961622761531
-1782961628615218
-1782961625722525
-1782961628351965
-1782966525524225
-1782968254778768
-1782961614607413
-1782961622954007
-1782961623095640
-1782961628699073
-1782961626025380
-1782961628438030
-1782966525526324
-1782968254918690
-1782961616047528
-1782961623316098
-1782961623201017
-1782961629116393
-1782961626342631
-1782961628518790
-1782966525690500
-1782968254972098
-1782961616333183
-1782961623713848
21439802449
21434226885
21437026811
21434856813
-1782966525767691
-1782968255141115
-1782961616770406
-1782961624165596
-1782961623616728
-1782961629279130
-1782961626875841
-1782961628864259
-1782966526050191
-1782968259363018
-1782961618280511
-1782961626784010
-1782961625753887
-1782961629323216
0
-1782961629026753
-1782966526064788
0
0
0
0
0
0
0
0
0
0
0
0
0
0
0
0
0
0
0
0
0
0
0
0
0
0
0
0
0
0
-1782961629411300
-1782966526070882
-1782968259478422
-1782961625885878
-1782961632524030
-1782961633226484
-1782961633519652
-1782961634389275
-1782961634953612
-1782966526173752
-1782968260484276
-1782961801941825
-1782961812191139
-1782961814272172
-1782961813835461
-1782961813828474
-1782961816926472
-1782966652148728
-1782968325743522
-1782961802244705
-1782961812205614
-1782961814394804
-1782961814165111
-1782961814079699
-1782961817102945
-1782966652248146
-1782968325751115
-1782961803601826
-1782961818909830
-1782961821065433
-1782961822669894
-1782961823757827
-1782961824832932
-1782966652329649
-1782968329603311
-1782961803646022
-1782961819156748
-1782961821192201
-1782961822941173
-1782961823804958
-1782961824846664
-1782966652439701
-1782968329722201
-1782961804968377
-1782961819445166
21245273849
21243778202
21242974805
21242189668
16414605056
14737452173
21261212106
21247695101
21246125595
21244666973
21243783121
21308586191
16480477819
14803778903
21327562967
21313974516
21312527295
21311132486
21310161646
21309538616
16481363498
14804721747
21327317132
21314824973
21313365535
21312004476
21311077970
21310387049
16482277510
14805322364
21326551218
21315655270
21313685861
21312703019
21311803096
21311003678
16482981329
-1782968330430605
0
0
0
0
0
0
0
0
-1782961809858789
21316156319
21314175189
21313161512
21312264438
-1782961961965713
-1782967137591383
-1782968523142940
0
0
0
0
0
0
0
0
0
0
0
0
0
0
0
0
0
0
0
0
0
0
0
0
0
0
0
0
0
0
0
0
0
0
0
0
0
0
0
0
0
0
0
0
0
0
0
0
0
0
0
0
0
0
0
0
0
0
0
0
0
0
0
0
0
0
0
0
0
0
0
0
0
0
0
0
0
0
0
0
0
0
0
0
0
0
0
0
0
0
0
0
0
0
0
0
0
0
0
0
0
0
0
0
0
0
0
0
0
0
0
0
0
0
0
0
0
0
0
0
0
0
0
0
0
0
0
0
0
0
0
0
0
0
0
0
0
0
0
0
0
0
0
0
0
0
0
0
0
0
0
0
0
0
0
0
0
0
0
0
0
0
0
0
0
0
0
0
0
0
0
0
0
0
0
0
0
0
0
0
0
0
0
0
0
0
0
0
0
0
0
0
0
0
0
0
0
0
0
0
0
0
0
0
0
0
0
0
-1782961951855397
-1782961960511780
-1782961961872946
-1782961965482687
-1782961963403255
-1782961964309977
-1782967137695403
-1782968523857038
-1782961951997100
-1782961960666915
-1782961962191409
-1782961965606407
-1782961963512712
-1782961964395408
-1782967137870296
-1782968523900404
-1782961952119703
-1782961960773966
-1782961962307296
-1782961965702278
-1782961963651844
-1782961964489552
-1782967137872536
-1782968523904170
-1782961952632563
-1782961961130939
-1782961962412700
-1782961965785112
-1782961963738172
-1782961964583028
-1782967138060256
-1782968524119593
-1782961952967513
-1782961961230806
-1782961962518121
-1782961965977959
-1782961963913566
-1782961964673960
-1782967365363775
-1782968578763870
-1782962001805132
-1782962003517770
0
0
0
0
0
0
0
0
0
0
0
0
0
0
0
0
0
0
0
0
0
0
0
0
0
0
0
0
0
0
0
0
0
0
0
0
0
0
0
0
0
0
0
0
0
0
0
0
0
0
0
-1782962006590207
-1782967365508237
-1782968578861670
-1782962001873813
-1782962003558800
-1782962004222659
-1782962005431537
-1782962692838174
-1782962693866824
-1782967625304871
-1782968599572352
0
0
0
0
0
0
0
0
0
0
0
0
0
0
0
0
0
0
0
0
0
0
0
0
0
0
0
0
0
0
0
0
0
0
0
0
0
0
0
0
0
0
0
0
0
0
0
0
0
0
0
0
0
0
0
0
0
0
0
0
0
0
0
0
0
0
0
0
0
0
0
0
0
0
0
0
0
0
0
0
0
0
-1782962690589733
-1782962691661032
-1782962692982021
-1782962693969830
-1782967625379002
-1782968599691970
-1782962669418201
-1782962687635089
-1782962690715536
-1782962691763396
-1782962693112880
-1782962694069468
15520849915
14546652558
20476986499
20458891187
20455858328
20454954095
20455738960
20454889243
0
0
0
0
0
0
0
0
0
0
0
0
0
0
0
0
0
0
0
0
0
0
0
0
0
0
0
0
0
0
0
0
0
0
0
0
0
0
0
0
0
0
0
0
0
0
0
0
0
0
0
0
0
0
0
0
0
0
0
0
0
0
0
0
0
0
0
0
0
0
0
0
0
0
0
0
0
0
0
0
0
0
0
0
0
0
0
0
0
0
0
0
0
0
0
0
0
0
-1782962671922780
-1782962688444618
-1782962690984776
-1782962691921739
-1782962693329228
-1782962694218686
-1782967737412227
-1782968600016257
-1782962924741114
-1782962931008104
20320789052
20322184118
20321270455
20320240993
15517732316
14589132873
20330673153
20324497952
1782983256968279
1782983257197097
0
-1782962935163431
-1782967737727187
0
0
0
0
0
0
0
0
0
0
0
0
0
0
0
0
0
0
0
0
0
0
0
0
0
0
0
0
0
0
0
0
0
0
0
-1782962934573062
-1782962933057540
-1782962933965463
-1782962935245236
-1782967737735054
-1782968666399545
-1782962926163502
-1782962931399619
-1782962934655073
-1782962933067722
-1782962934189779
-1782962935423420
-1782967737740829
-1782968666467456
-1782962926968040
-1782962931693949
-1782962934770907
-1782962933206260
-1782962934318679
-1782962935622563
-1782967737841658
-1782968666593559
-1782962927352554
-1782962931843126
-1782962935031953
-1782962933984406
-1782962934527641
-1782962935638030
-1782967737874054
-1782968666817542
-1782962927822915
-1782962932006712
-1782963228752495
-1782963239304634
-1782963243608685
-1782963242110622
-1782967930832795
-1782968677915575
-1782963226530128
-1782963228189321
-1782963228880650
-1782963239653946
-1782963243745932
-1782963242196608
-1782967930986424
-1782968683336319
-1782963229391825
-1782963236205939
-1782963237156839
-1782963254713341
-1782963253811928
-1782963252045387
-1782967931090653
-1782968683471940
-1782963229439176
-1782963236295697
-1782963237185537
-1782963254831602
-1782963253914764
-1782963252145036
-1782967931121075
-1782968683604990
-1782963232024337
-1782963238085128
-1782963239404987
-1782963254965902
-1782963254011827
-1782963252192984
-1782967931195001
-1782968683727095
-1782963232730425
-1782963238216556
-1782963239495550
-1782963255080655
-1782963254106300
-1782963252412289
15327508708
14579336757
20029327355
20018059060
20018234232
20008583480
20009514536
20011524444
15350167070
14601862151
20050792192
20040491243
-1782963245599020
-1782963255320428
-1782963254370171
-1782963252617898
-1782967935478898
-1782968684130260
-1782963236674591
-1782963245776990
-1782963246110233
-1782963255405599
-1782963254376228
-1782963252719589
-1782967935480813
-1782968684241138
-1782963238892027
-1782963245893802
-1782963246196619
-1782963261170047
-1782963261765293
-1782963262577637
-1782967935482995
-1782968688014824
-1782963249516868
-1782963259057586
-1782963260586237
-1782963261415178
-1782963261955976
-1782963262674397
-1782967935484891
-1782968688119043
-1782963251117905
-1782963259300901
-1782963260975777
-1782963308145958
-1782963308141042
-1782963262918872
-1782967935486856
-1782968688405062
-1782963301305105
-1782963304791164
-1782963304692839
-1782963308464808
-1782963308384572
-1782963308148015
-1782967937422555
-1782968734076006
-1782963301789351
-1782963305012078
-1782963304905015
-1782963308757071
-1782963308681610
-1782963308149917
-1782967937482129
-1782968734113637
-1782963303049481
-1782963309673935
-1782963309812287
-1782963310855661
-1782963311662596
-1782963311523770
-1782967937653731
-1782968734951376
-1782963304079064
-1782963309958580
-1782963309814226
-1782963311143251
-1782963312133271
-1782963311943285
-1782967937764624
-1782968735077878
-1782963304374850
-1782963309960654
-1782963310038301
-1782963311269634
-1782963312488087
-1782963311945208
-1782967937868566
-1782968735162409
-1782963305326761
-1782963310343642
-1782963310267394
-1782963311792813
-1782963313052560
-1782963312069888
-1782967937913953
-1782968735246351
-1782963306354771
-1782963310348692
-1782963310341715
-1782963312240964
-1782963313210596
-1782963312297006
-1782967938043234
-1782968735330679
-1782963308549172
-1782963310983078
-1782963311367426
-1782963313126606
-1782963313393572
-1782963312768010
-1782967938072938
-1782968735439006
-1782963309071387
-1782963311141301
-1782963311446288
-1782963313303673
-1782963313537181
-1782963317917268
-1782967938275579
-1782968735624032
-1782963310734184
-1782963315460640
-1782963316258388
-1782963316393164
-1782963317083073
-1782963317924085
-1782967938387968
-1782968735628322
-1782963312858971
-1782963315545143
-1782963316558707
-1782963316662889
-1782963317234014
-1782963373999179
-1782967943014819
-1782968735640525
-1782963369256648
-1782963371872841
-1782963371963053
-1782963372886612
-1782963373782692
-1782963374126656
-1782967943404258
-1782968735693926
-1782963369342251
-1782963372100407
-1782963372008592
-1782963372980220
-1782963374157088
-1782963374839030
-1782967943682894
-1782968735906431
-1782963370146238
-1782963372195687
-1782963372733266
-1782963373896228
-1782963374953304
-1782963374844393
-1782967943796441
-1782968735944493
-1782963370190830
-1782963372314233
-1782963373078283
19917020578
19916492182
19916850042
15347745607
14555875935
19921855488
19919900737
19919225816
19918274365
19917665460
-1782963375182677
-1782967944232939
-1782968736153905
-1782963370987836
-1782963372770043
-1782963373310078
-1782963374470440
-1782963375087059
-1782963375339858
-1782967944516604
-1782968736155877
-1782963371344331
-1782963372828421
-1782963373335059
-1782963374472410
-1782963375445480
-1782963375341821
-1782967944843404
-1782968736205270
-1782963434685210
-1782963436910346
-1782963437846502
-1782963438934719
-1782963439164577
-1782963440324068
-1782967948047951
-1782968736296914
-1782963434857526
-1782963437096576
-1782963437894439
-1782963439230541
-1782963439404684
-1782963440826756
-1782967948153333
-1782968737910545
-1782963434996238
-1782963437179828
-1782963437954652
-1782963439505457
-1782963439560041
-1782963440851779
-1782967948183246
-1782968738019345
-1782963435086639
-1782963437352404
-1782963440243342
-1782963440515708
-1782963441105702
-1782963441569929
-1782967948356802
-1782968738107426
-1782963437470653
-1782963439088464
-1782963440269043
-1782963441513032
-1782963441231740
-1782963441657547
-1782967948467633
-1782968738196289
-1782963438276427
-1782963440326140
-1782963440659589
-1782963441794134
-1782963441330519
-1782963442301835
-1782967948571225
-1782968738198296
-1782963438313746
-1782963440500874
-1782963440686199
-1782963441881182
-1782963441703676
-1782963442303756
-1782967948614895
-1782968738309888
-1782963439660368
-1782963442305616
-1782963442249997
-1782963442564374
-1782963443127971
-1782963443886566
-1782967948774122
-1782968738385731
-1782963439712137
-1782963442307419
-1782963442299795
-1782963442654987
-1782963443226236
-1782963443974354
-1782967948882605
-1782968738484982
-1782963439824896
-1782963498680490
-1782963499293640
-1782963499714526
-1782963500128933
-1782963500873430
-1782967950486807
-1782968738487017
-1782963497293287
-1782963498782902
-1782963499387221
-1782963499801264
-1782963500250644
-1782963501066425
-1782967950543378
-1782968738488932
-1782963498891243
-1782963501016234
-1782963501868209
-1782963501752581
-1782963502464832
-1782963503023455
-1782967950673883
-1782968740205940
-1782963498979872
-1782963502933850
-1782963503405803
-1782963504600386
-1782963504355749
-1782963505583461
-1782967950854839
-1782968740210682
-1782963501156295
-1782963503112448
-1782963503497381
-1782963504833001
-1782963504737765
-1782963505585616
-1782967950989965
-1782968740212797
-1782963501244303
-1782963503607647
-1782963503954568
-1782963504969761
-1782963505451434
-1782963505933256
-1782967951045258
-1782968740214674
-1782963501955249
-1782963503741723
-1782963504052059
-1782963504974740
-1782963505587478
-1782963505941395
-1782967951210688
-1782968740216644
-1782963502002293
-1782963504735735
-1782963505532086
-1782963625733827
-1782963626735238
-1782963627478499
15228813298
14555403177
19671967015
19669674592
19669010069
19668175728
19668009254
19667602576
15229902947
14556434180
19672595590
-1782963626497452
-1782963627249329
-1782963627967968
-1782963628391794
-1782963629043596
-1782968066637810
-1782968740300894
-1782963624563077
-1782963626621992
-1782963627387277
-1782963628035842
-1782963628541336
-1782963629072458
-1782968066639918
-1782968741308227
-1782963629235847
-1782963631768610
-1782963632294565
-1782963632759708
-1782963633909345
-1782963634108212
-1782968066645045
-1782968741427584
-1782963629687849
-1782963631949273
-1782963632384228
-1782963632829731
-1782963633924741
-1782963637351823
-1782968066647131
-1782968741429587
-1782963630378216
-1782963635228732
-1782963635633986
-1782963636271542
-1782963636880348
-1782963637400124
-1782968066649043
-1782968741434871
-1782963631592166
-1782963635319531
-1782963635718266
-1782963636315668
-1782963637103189
-1782963637483037
-1782968066651002
-1782968741511290
0
0
0
0
0
0
0
0
0
0
0
0
0
0
0
0
0
0
0
0
0
0
-1782968066652940
-1782968741513295
-1782963695505163
-1782963695159591
-1782963696713819
-1782963698875992
-1782963698797353
-1782963700767048
-1782968191871008
-1782968800895905
-1782963696068653
-1782963700623030
-1782963700596683
-1782963700694619
-1782963700696900
-1782963701025129
-1782968191893730
-1782968800981998
-1782963696443741
-1782963701527305
-1782963701172818
-1782963703471784
-1782963702735091
-1782963704017773
-1782968191895959
-1782968801115366
-1782963697221818
-1782963701631622
-1782963701314162
-1782963703473803
-1782963702998253
-1782963704125343
-1782968191897881
-1782968914853525
-1782963697573656
-1782963701833868
-1782963701383596
-1782963703475662
-1782963703289965
-1782963704624009
-1782968191900047
-1782968914951203
-1782963698000524
-1782963701848316
-1782963701633608
-1782963703480472
-1782963703341164
-1782963704698345
-1782968191901924
-1782968915082846
-1782963699014130
-1782963702667826
-1782963702609926
-1782963703967895
-1782963704167317
-1782963704777303
-1782968191903909
-1782968915178799
-1782963699374912
-1782963702669689
-1782963702665857
-1782963704436383
-1782963704277882
-1782963704808750
-1782968191905837
-1782968915291620
-1782963699684681
-1782963702879462
-1782963702806961
-1782963704513129
-1782963704321704
-1782963704979114
-1782968191907797
0
0
0
0
0
0
0
0
0
0
0
0
0
0
0
0
0
0
0
0
0
0
0
0
0
-1782963699932870
-1782963703798969
-1782963705395996
-1782963705426326
-1782963705398126
-1782963706169858
-1782968191909747
-1782968915338671
0
0
0
0
0
0
0
0
0
0
0
0
0
0
0
0
0
0
0
0
0
0
0
0
0
0
0
0
0
0
0
0
0
0
0
0
0
0
0
0
0
0
0
0
0
0
0
0
0
0
0
0
0
0
0
0
0
0
0
0
0
0
0
0
0
0
0
0
0
0
0
0
0
0
0
0
0
0
0
0
0
0
-1782963705527756
-1782963705428231
20136257928
20135753199
15461855392
14926682810
20040760874
20039032857
20038368481
20037841015
20037193248
20036550849
15463950076
14926328320
20042899966
20040948343
20040143352
-1782963805877549
-1782963806676548
-1782963807737469
-1782968380583698
-1782968918274313
0
0
0
0
0
0
0
0
0
0
0
0
0
0
0
0
0
0
0
0
0
0
0
0
0
0
0
0
0
0
0
0
0
0
0
0
0
0
0
0
0
0
0
0
0
0
0
0
0
0
0
0
0
0
0
0
0
0
0
0
0
0
0
0
0
0
0
0
0
0
0
-1782968918366521
20221711932
-1782963925525493
-1782963925913482
-1782963926619820
-1782963926922200
-1782963924579284
-1782968503232795
-1782968933557517
-1782963924669409
-1782963926066295
-1782963926405492
-1782963926741584
-1782963927181185
-1782963927734736
-1782968503356328
-1782968933643867
-1782963924671485
-1782963926153212
-1782963926521915
0
0
0
0
0
-1782963925014394
-1782963926155112
-1782963926743652
-1782963927208431
-1782963927711578
0
0
0
-1782964105652829
-1782964107670825
-1782964108081699
-1782964108546039
-1782964108827468
-1782964109541741
-1782968753213917
-1782969238988253
-1782964105710397
-1782964169186292
-1782964169068276
-1782964169476086
19978818207
19978004968
15208473030
14908478604
19982162753
19980166423
19979910510
19980164367
19979735664
19979423625
15210318774
14910227419
19983957792
19980765046
19980679369
19979903285
20162231272
20161258020
15393526181
15093250631
20166266287
20163619317
20163514009
20162547631
20163005764
20162032627
0
0
0
0
0
0
0
0
0
0
0
0
0
0
0
0
0
0
0
0
0
0
0
0
0
0
0
0
0
0
0
0
0
0
0
0
0
0
0
0
0
0
0
0
0
0
0
0
0
0
0
0
-1782964171217314
-1782964172351904
20162814244
20162074999
15394426704
15082447635
20045381666
20043870297
20042000752
20041403317
20038685175
1782984335632100
0
0
0
0
0
0
0
0
0
0
0
0
0
0
0
0
0
0
0
0
0
0
0
0
0
0
0
0
0
0
0
0
0
0
0
0
0
0
0
0
0
0
0
0
0
0
0
0
0
0
0
0
0
0
0
0
0
0
0
0
0
0
0
0
0
0
0
0
0
0
0
0
0
0
0
0
0
0
0
0
0
0
0
0
0
0
0
0
0
0
-1782964592994836
-1782964594302914
0
0
0
0
0
0
0
0
0
0
0
0
0
0
0
0
0
0
0
0
0
0
0
0
0
0
0
0
0
0
0
0
0
0
0
0
0
0
0
0
0
0
0
0
0
0
0
0
0
0
0
0
0
0
0
-1782964595166836
-1782964654860880
-1782964656728434
-1782964657043977
-1782964659352079
-1782969684800610
-1782969426278655
-1782964718765171
-1782964727506635
-1782964727389695
-1782964727094360
-1782964729620692
-1782964731138379
-1782969692830475
-1782969488891338
-1782964719059220
-1782964727679977
-1782964728081407
-1782964729713497
-1782964729880486
-1782964731336417
-1782969692947271
-1782969488977817
-1782964719569974
-1782964728264654
-1782964728170365
-1782964730394576
-1782964730041602
-1782964731448665
-1782969693094089
-1782969489022129
-1782964720130024
-1782964728430180
-1782964728624910
-1782964730582603
-1782964730211046
-1782964731559512
-1782969693231365
-1782969489111654
-1782964720544820
-1782964728951480
-1782964728766069
-1782964730677560
-1782964730302917
-1782964731676086
-1782969693397223
-1782969489196004
-1782964720964725
-1782964729068672
-1782964729254420
0
0
-1782964731770933
-1782969693507021
0
0
0
0
0
0
0
-1782969872525169
-1782969551280138
-1782964841842831
-1782964843713891
-1782964845445163
-1782964845886946
-1782964846789812
-1782964847272524
-1782969872572155
-1782969551366056
-1782964841961887
-1782964843967648
-1782964845495548
-1782964846009735
-1782964846791656
-1782964847387736
-1782969872574486
-1782969551500289
-1782964841964189
-1782964844008927
-1782964845576291
-1782964846148197
-1782964846811422
-1782964847483842
-1782969872576541
-1782969551650989
-1782964844596150
-1782964846666413
-1782964851439990
-1782964854120224
-1782964854897811
-1782964854982822
-1782969872918191
-1782969552278795
-1782964844676686
-1782964846787751
-1782964851522385
-1782964854224173
-1782964854980724
-1782964855066797
-1782969873412133
-1782969552362433
0
0
0
0
0
0
0
0
0
0
0
0
0
0
0
-1782969552406881
-1782964852117208
-1782964854856291
-1782964859986091
-1782964862054950
-1782964864561813
-1782964865316398
-1782969937424478
-1782969556217209
-1782964852983774
-1782964854895860
-1782964860069181
-1782964862075252
-1782964864653852
-1782964865351833
-1782969937538023
-1782969556340522
-1782964853105345
-1782964855564536
-1782964860148440
-1782964862259796
-1782964864732466
-1782964865441226
-1782969937657790
-1782969556353834
0
0
0
0
0
0
0
0
0
0
0
0
0
0
0
0
0
0
0
0
0
0
0
0
0
0
0
0
0
0
0
0
-1782964853284198
-1782964855604208
-1782964860454793
-1782964862262072
-1782964865005516
-1782964865443390
-1782969937802508
-1782969556396472
-1782964853310236
-1782964855687695
-1782964860534875
-1782964862267841
-1782964865020728
-1782964865512119
-1782969937896382
-1782969556526857
-1782964854304113
-1782964855940256
-1782964860536851
-1782964862421065
-1782964865022653
-1782964865514095
-1782969938037536
-1782969556637825
-1782964854306105
-1782964855981649
-1782964860564020
-1782964912577974
-1782964913140716
-1782964913529744
-1782969938967843
-1782969557357308
-1782964909703242
-1782964911241481
-1782964914071413
-1782964915207374
-1782964915630295
-1782964916125484
-1782969939073187
-1782969557413997
0
-1782964914353417
-1782964914219046
-1782964915236074
0
0
0
0
0
0
0
0
0
0
0
0
0
0
0
0
0
0
0
0
0
0
0
0
0
0
0
0
0
0
0
0
0
0
0
0
0
0
0
0
0
0
0
0
0
0
0
-1782964915238107
-1782964915716319
-1782964916332494
-1782969939155700
-1782969557487620
-1782964911876874
-1782964914586922
-1782964915252481
-1782964915368419
-1782964915799247
-1782964916415012
-1782969941667157
-1782969557646509
-1782964912661493
-1782964914601872
-1782964915366473
-1782964915373229
-1782964915801146
-1782964916506839
-1782969941748463
-1782969557797563
0
0
0
0
0
0
0
0
0
0
0
0
0
0
0
0
0
0
0
0
0
0
0
0
0
-1782964914646754
-1782965159412917
-1782965161604452
-1782965162221553
-1782965161908478
-1782970196619480
-1782970041604695
-1782965155501341
-1782965157678781
-1782965159494723
-1782965161606252
-1782965162257674
-1782965162129593
-1782970196622652
-1782970041678293
-1782965156071960
-1782965159261191
-1782965161592322
-1782965161608060
-1782965162308828
-1782965162397189
-1782970196624730
-1782970041818156
-1782965156157448
-1782965159263421
-1782965161598482
-1782965161609882
-1782965162693274
-1782965162529957
-1782970196626743
-1782970041825526
-1782965157073956
-1782965161070114
-1782965161600624
-1782965161611690
-1782965162776460
-1782965162613277
-1782970196628932
-1782970041967922
0
0
0
0
0
0
0
0
0
0
0
0
0
0
0
0
0
0
-1782965161602604
-1782965161613497
-1782965162778521
-1782965173566962
-1782970206206781
-1782970042117350
-1782965158627870
-1782965161615332
-1782965167082898
-1782965172603948
-1782965173285825
-1782965173583972
-1782970206670982
-1782970045465351
-1782965158670792
-1782965161617149
-1782965167173350
-1782965172748960
-1782965173287836
-1782965173756590
-1782970206935087
-1782970045509866
-1782965158779192
-1782965161618982
-1782965167258635
-1782965172903221
-1782965173369945
-1782965173880660
-1782970207148932
-1782970045511933
-1782965158910186
-1782965161620820
-1782965167364259
-1782965184685416
-1782965184771581
-1782965185211296
-1782970210411234
-1782970045553308
-1782965180000337
-1782965183051461
-1782965184769664
-1782965184878200
-1782965189385970
-1782965190389735
-1782970210884197
-1782970045604788
-1782965181419603
-1782965185129048
-1782965186205072
-1782965188346239
-1782965189429917
-1782965190572405
-1782970211054255
-1782970046355988
-1782965181493746
-1782965185254890
-1782965186217889
-1782965188464768
-1782965189542222
-1782965190708273
-1782970211143743
-1782970046442724
-1782965181495762
-1782965185306707
-1782965186219821
-1782965188549945
-1782965189544152
-1782965190763051
-1782970211303351
-1782970046608205
-1782965181601101
-1782965185423448
-1782965186537329
-1782965188641629
-1782965189623240
-1782965190845959
-1782970211401380
-1782970046694461
0
0
0
0
0
0
0
0
-1782965181828769
-1782965185467747
-1782965186551843
-1782965188643544
-1782965189625137
-1782965190892003
-1782970211514662
-1782970046696500
-1782965182244424
-1782965185555943
-1782965186920461
-1782965188768654
-1782965189903896
-1782965190897030
-1782970211602735
-1782970046904878
-1782965182329523
-1782965185657796
-1782965186922372
-1782965188770557
-1782965189911814
-1782965191019058
-1782970211779938
-1782970046906770
-1782965183764544
-1782965185952513
-1782965186954956
-1782965188772446
-1782965189913859
-1782965191021110
-1782970211873854
-1782970046908777
-1782965183766555
0
0
0
0
0
0
0
0
0
0
0
0
0
0
0
0
0
0
0
0
0
0
0
0
0
-1782965187040756
-1782965188887064
-1782965189915735
-1782965191022952
-1782970211984097
-1782970046913915
-1782965183768547
-1782965186089770
-1782965187129889
-1782965188888914
-1782965189917585
-1782965191041804
-1782970212118836
-1782970046985189
-1782965184066100
-1782965186284949
-1782965187131759
-1782965188983209
-1782965189922549
-1782965191043684
-1782970212215039
-1782970047055777
-1782965184172292
-1782965186454013
-1782965187273141
-1782965189373215
-1782965190110730
-1782965191569155
-1782970212327878
-1782970047154278
-1782965235151091
-1782965237019909
-1782965237645596
-1782965238236181
-1782965239138673
-1782965239895876
-1782970214211165
-1782970048439963
-1782965235187828
-1782965237106134
-1782965237730438
-1782965238427431
-1782965239365695
-1782965239980874
-1782970214251008
-1782970048541060
-1782965235359882
-1782965237188043
-1782965237840960
-1782965238652433
-1782965239373268
-1782965240023084
-1782970214454916
-1782970048624078
-1782965235373960
-1782965237409182
-1782965237955727
-1782965238749378
-1782965239480367
-1782965240197529
-1782970214644555
-1782970048626158
-1782965236281879
-1782965238509468
-1782965239146213
-1782965239723247
-1782965240397001
-1782965240916639
-1782970214685999
-1782970048636946
-1782965236385807
-1782965238540574
-1782965239233551
-1782965239810409
-1782965240493589
-1782965240996150
-1782970214850495
-1782970048638903
19230919137
19105495075
19105193894
19104391326
19103522536
19103382224
14130548033
14314707897
19111631511
19106955051
19106689959
19162127038
19161323292
19161057711
14188247191
14372606513
19167678796
19163918877
19163442048
19162663706
19161182060
19161463050
14188626512
14373015253
19048618789
19046750069
19046027011
19045687301
19045455485
19044616992
14068524457
14187391167
19049365246
19047551283
19046856138
19046574741
19045919116
19045153478
14068863840
14187878832
-1782965540845236
-1782965541304745
-1782965542897111
-1782965543567321
-1782965543861421
-1782965544785502
-1782970458964496
-1782970397683983
-1782965788083127
-1782965785693648
-1782965788757154
-1782965788831105
-1782965788829137
-1782965789044693
-1782970823608438
-1782970768380372
-1782965788226387
-1782965789799763
-1782965790383198
-1782965791206633
-1782965791587485
-1782965792165440
-1782970823737118
-1782970768424952
-1782966158103709
-1782966160469542
-1782965790461227
-1782965791287571
-1782965791728916
-1782965792277141
-1782971454426265
-1782970768510335
-1782966158783527
-1782966160581747
-1782966162621638
-1782966160839091
-1782966160690090
-1782966156581880
-1782971454529284
-1782970768650855
-1782966158875026
-1782966161294948
-1782966162701050
-1782966162515210
-1782966161342407
-1782966160427503
-1782971454618954
-1782970768771678
-1782966158963349
-1782966161308322
-1782966162840294
-1782966162838345
-1782966161696302
-1782966160923329
-1782971454719080
-1782970962760158
-1782966159015951
-1782966161562397
-1782966162954717
-1782966163088762
-1782966161917882
-1782966161012032
-1782971454796385
-1782970962866818
-1782966159105072
-1782966164165056
-1782966163110721
-1782966163207074
-1782966162063073
-1782966161101628
-1782971454922305
-1782970963061361
-1782966159191914
-1782966164166864
-1782966163205137
-1782966163223963
-1782966162065413
-1782966161429683
-1782971455038149
-1782970963153035
-1782966159351245
-1782966164177844
-1782966163289306
-1782966163292986
-1782966162067345
-1782966161431590
-1782971455120350
-1782970963279199
-1782966159353856
-1782966164186444
-1782966163291199
-1782966163421379
-1782966164168727
-1782966161457261
-1782971455305645
-1782970963329393
-1782966159432882
-1782966164283418
-1782966163344086
-1782966163527111
-1782966164233628
-1782966161486709
-1782971455310769
-1782970963414076
-1782966159457651
-1782966164430622
-1782966163412092
-1782966163529040
-1782966164235554
-1782966161790514
-1782971455312770
-1782970963640135
-1782966159516472
-1782966164464982
-1782966164161384
-1782966164159265
-1782966164462943
-1782966164176042
-1782971455443487
-1782970963742416
-1782966159750689
-1782966164466899
-1782966164163209
-1782966164170549
-1782966165270948
-1782966164281503
-1782971455479080
-1782970963919749
-1782966159840644
-1782966164566025
-1782966164172404
-1782966164237644
-1782966165305308
-1782966165040575
-1782971455481066
-1782971079911736
-1782966159930067
18558391468
18558825867
18558394127
18557755548
18558018924
13267805813
13643376256
18563461429
18558978176
18559465884
18559073283
18620674305
18620349539
-1782971455616006
-1782971080048377
-1782966223545503
-1782966225192518
-1782966225545605
-1782966226312253
-1782966227321448
-1782966227882225
-1782971580723054
-1782971204648653
-1782966223628703
-1782966225274015
-1782966225635742
-1782966226359128
-1782966227341992
-1782966228027532
-1782971580886550
-1782971204736290
-1782966224030144
-1782966225714471
-1782966225991469
-1782966226793192
-1782966227381325
-1782966228335847
-1782971580968948
-1782971204765742
-1782966224519427
-1782966226512556
-1782966227740717
-1782966228178589
-1782966228730056
-1782966229403871
-1782971581011927
-1782971204823308
-1782966224617898
-1782966226689897
-1782966227757972
-1782966228286845
-1782966228902727
-1782966229441198
-1782971581099013
-1782971204931234
-1782966225276167
-1782966226769719
-1782966227880068
-1782966228440768
-1782966228990350
-1782966229443130
-1782971581232966
-1782971333252924
-1782966344689947
-1782966346310924
-1782966347414569
-1782966349480843
-1782966349469537
-1782966351635044
-1782971889827227
-1782971513091813
-1782967076894790
-1782967018614382
-1782967023864232
-1782967024523725
-1782967025171657
-1782967023162695
-1782972279320928
0
-1782967076897065
-1782967018919425
-1782967079959790
-1782967024630590
-1782967025287337
-1782967023289484
-1782972279324068
-1782971515626597
-1782967077007742
-1782967079385792
-1782967080375061
-1782967024747273
-1782967025373460
-1782967023343414
-1782972279326152
-1782971515714411
-1782967077049118
-1782967079486380
-1782967080431749
-1782967080117996
-1782967025506071
-1782967025955075
-1782972279328065
-1782971516768649
-1782967077172390
0
0
0
0
-1782967083115215
0
0
0
0
0
0
0
0
0
0
0
0
0
0
0
0
0
0
0
0
0
0
0
0
0
0
0
0
0
0
0
0
0
0
0
0
0
0
0
0
0
0
0
0
0
0
0
0
0
0
0
0
0
0
0
0
0
0
-1782967077373586
-1782967079555664
-1782967080505086
-1782967080261464
-1782967081106238
-1782967083167262
-1782972279330082
-1782971519020612
-1782967078539282
-1782967080939266
-1782967081595016
-1782967083235563
-1782967083540191
-1782967084234681
-1782972279332077
-1782971519102799
-1782967078721885
-1782967081102133
-1782967081900759
-1782967083237746
-1782967083646617
-1782967084341342
-1782972279338998
-1782971519195013
-1782967078729487
-1782967081104138
-1782967082011234
-1782967083321689
-1782967083648554
-1782967084411171
-1782972279404882
-1782971519279946
-1782967079670667
-1782967081469288
-1782967082189629
-1782967083428734
-1782967083766934
-1782967084681307
-1782972279487244
-1782971519388000
-1782967081609538
-1782967084184829
-1782967085121048
-1782967085358336
-1782967086058316
0
0
0
0
0
0
0
0
0
0
0
0
0
0
0
0
0
0
0
0
0
0
0
0
0
0
0
0
0
-1782967085171211
-1782967085594609
-1782967086165106
-1782967086422688
-1782972279552965
-1782971519519725
-1782967263429111
-1782967271783531
-1782967273187572
-1782967275874710
-1782967275181666
-1782967275981855
-1782972410558260
-1782971827029630
-1782967263450743
-1782967271786596
-1782967273189474
-1782967276091679
-1782967275256739
-1782967276219927
-1782972410570117
-1782971827126625
-1782967264136127
-1782967273183160
-1782967273191324
-1782967276559049
-1782967275364230
-1782967276451156
-1782972410572360
-1782971827267088
-1782967265026162
-1782967273185652
-1782967273193177
-1782967276955504
-1782967275555591
-1782967276661684
-1782972410578485
-1782971827394492
0
0
0
0
0
0
0
0
0
0
0
0
0
0
0
0
-1782967268316829
-1782967276320983
-1782967277254712
-1782967278559153
-1782967278436821
-1782967278181630
-1782972410580485
-1782971827411999
-1782967268430113
-1782967276941460
-1782967278178922
-1782967278659584
-1782967278557230
-1782967278183645
-1782972410651510
-1782971827529509
-1782967269712533
-1782967278266437
-1782967279172652
-1782967280042406
-1782967281047820
-1782967280921060
-1782972412266596
-1782971827678533
-1782967269859872
-1782967278434755
-1782967279178878
-1782967280044538
-1782967281184192
-1782967281050360
-1782972412494280
-1782971827719914
-1782967393385444
-1782967394973431
-1782967396109120
-1782967280050885
-1782967281186259
-1782967397921737
-1782972416023754
0
0
0
0
0
0
0
0
0
0
0
0
0
0
0
0
0
-1782967393387564
-1782967395084418
-1782967396111130
-1782967396732131
-1782967397286386
-1782967397984172
-1782972416108216
0
-1782967393511059
-1782967395233020
-1782967396116680
-1782967396829924
-1782967397409494
-1782967398016699
-1782972416154098
0
-1782967575802697
-1782967578059234
-1782967589342545
-1782967587541287
-1782967588040167
-1782967589234322
-1782972422675532
0
-1782967576103427
-1782967578169377
-1782967589397926
-1782967711639712
-1782967710804973
-1782967711323635
-1782972483279306
-1782972135852880
-1782967704070276
-1782967708802844
-1782967725273465
-1782967725921368
-1782967726485765
-1782967726913603
-1782972484986031
-1782972137802505
-1782967704083084
-1782967708976914
-1782967726192160
-1782967726032246
-1782967726594391
-1782967727133085
-1782972485081046
-1782972137949664
-1782967704260462
-1782967709220260
-1782967727847889
-1782967726301200
-1782967726724625
-1782967727443237
-1782972485202664
-1782972138249022
-1782967705891621
-1782967713676587
-1782967778465467
-1782967778395291
17398065874
17398382157
12688107338
13038080980
17412228891
17404136557
17399235900
17398712184
17399209815
17397799722
12689015584
13038984712
17411728754
17404609122
17398598387
17398947816
17400835835
17399647736
12691023965
13040918085
17409949469
17406453322
17400589990
17400768922
17402215550
17400816201
12692632228
13042503698
17296478402
-1782967888247995
-1782967888627265
-1782967889290178
-1782967889643472
-1782967890448656
-1782972492672032
0
-1782967885881317
-1782967888591352
-1782967888977880
-1782967889397593
-1782967889797401
-1782967891795806
-1782972492757718
0
-1782967886707188
-1782967888946348
-1782967889767435
-1782967890127873
-1782967890959520
-1782968154058945
-1782972622917396
-1782972749867697
-1782968126598601
-1782968134753693
0
0
0
0
0
0
0
0
0
0
0
-1782968154166211
-1782972623014670
-1782972749919451
-1782968127055235
-1782968135812109
-1782968134022669
-1782968134443999
-1782968143589355
-1782968154192182
-1782972623117622
-1782972750030656
-1782968128125645
-1782968135977864
-1782968134150499
-1782968134606885
-1782968143713902
17190566770
12721663439
12594779211
1782985344982981
0
0
0
0
0
0
0
0
0
0
0
0
0
0
0
0
0
0
0
0
0
0
0
0
0
0
0
0
0
12721817176
12595042078
17216123821
17209223995
17211282282
17210463293
17202730110
17192469741
12723497828
12596712855
17216901899
17211211129
17211037260
17211160809
17203852681
17193118882
12724457730
12598553024
17211293810
17200906600
17207354122
17206203324
17205392478
17203899100
12735579399
12609494295
17221167937
17211030076
17209515530
17208373537
17207353427
17205610417
12737260612
12611008583
17110968673
17103121875
17101673805
17209878889
17208947724
17207238648
12738948168
12606701267
17112544437
17104684076
17102862388
17097154700
17210249578
17208182892
-1782972624177743
-1782973057296883
-1782968251102329
-1782968258998192
-1782968261176768
-1782968267193304
-1782968266369129
-1782968267337829
-1782972631357381
12358788369
17155801325
17150251351
17145113781
17144319198
17143931885
17143605909
12785998681
12360176485
17157118241
17150858873
17146537943
17145690302
17135176209
17134478192
12550429621
12358607277
17144850218
17142232410
17141591143
17140847843
17136004409
17134841693
12550065834
12358972859
17144332645
17129943438
17125881256
17125043516
17124741667
17122725139
12549404102
12358428198
17144432976
17130308157
17126348312
17125000094
17124208896
17123122755
12549993426
12358891947
17144442372
17130598848
17126701491
17125428784
17124591044
17123544775
12550477375
12359461547
17144060511
17130996185
17127038835
17125831691
17124868322
17123938971
12550901673
12359741410
17142536183
17131287617
17127345011
17126177361
0
0
0
0
0
0
0
0
0
0
0
0
0
0
0
0
0
0
0
0
0
0
0
0
0
0
12551195254
12274409939
17110089404
17106380830
17105322538
17111818042
-1782968333624366
-1782968337576137
-1782972993485196
-1782973166280841
-1782968330598818
-1782968334523945
-1782968335743900
-1782968336400594
-1782968336838568
-1782968337627759
-1782972993568800
-1782973166369722
-1782968330830874
-1782968334670063
-1782968335819735
-1782968336510481
-1782968336976663
-1782968337704327
-1782972993629537
-1782973166420522
-1782968331099709
-1782968334930983
-1782968520379335
-1782968537678961
-1782968337081900
-1782968337778043
-1782972993722844
-1782973288532709
-1782968510708814
-1782968520196921
-1782968521268656
-1782968537996264
-1782968532181174
-1782968533240978
-1782973242185786
-1782973288628972
-1782968511182048
-1782968520512438
-1782968521379382
-1782968538158386
0
0
0
0
0
0
0
0
0
0
0
0
-1782968523686160
-1782968528114557
-1782968529508184
-1782968539788157
-1782968539044698
-1782968540594276
12242053482
12196106192
16961450168
16957402447
16956175792
16945750483
16946796828
16945370134
12242865434
-1782973289405544
-1782968524346210
-1782968528360656
-1782968529617836
-1782968540317393
-1782968539253140
-1782968540899286
-1782973243472291
-1782973289559773
-1782968524780496
-1782968528505566
-1782968529870608
0
0
0
0
0
-1782968578930015
-1782968581909805
16904895197
16903564827
16903079539
16903219099
12125089115
12195227216
16909067045
16904122876
16904632376
16903855477
16904043624
16904049575
12126955415
12196800529
16910883158
16906065415
16906681792
16905868258
16906059518
16905770452
12128739110
12198741852
16911523018
16907724045
16907269498
16907007806
16906996149
16905264349
0
0
0
0
0
0
0
0
0
0
0
0
0
0
0
0
0
0
0
0
0
0
0
0
0
0
0
0
0
0
0
0
0
0
0
0
0
0
0
0
0
0
0
0
0
0
0
0
0
0
0
0
0
0
0
0
0
0
0
0
0
0
0
0
0
0
0
0
0
0
0
0
0
0
0
0
0
0
0
0
0
0
0
0
0
0
0
0
0
0
0
0
0
0
0
0
0
0
0
0
0
0
0
0
0
0
0
0
0
0
0
0
0
0
0
0
0
0
0
0
0
0
0
0
0
0
0
0
0
0
0
0
0
0
0
0
0
0
0
0
0
0
0
0
0
0
0
0
0
0
0
0
0
0
0
0
0
0
0
0
0
0
0
0
0
0
0
0
0
0
0
0
0
0
0
0
0
0
0
0
0
0
0
0
0
0
0
0
0
0
0
0
0
0
0
0
0
0
0
0
0
0
0
0
0
0
0
0
0
0
0
0
0
0
0
0
0
0
0
0
0
0
0
0
0
0
0
0
0
0
0
0
0
0
0
0
0
0
0
0
0
0
0
0
0
0
0
0
0
0
0
0
0
0
0
0
0
0
0
0
0
0
0
0
0
0
0
0
0
0
0
0
0
0
-1782968599906644
-1782968613046385
-1782968613446966
16881556600
16874833387
16880267347
12179385209
12306771818
17007713368
16994100012
16994426865
16993839653
16987557246
16989878520
12179871296
12307307934
17007862999
16994561137
16994159601
16990703729
16988107430
16989499892
12180362197
12307761989
17071681193
17059670820
17057092207
17055752656
17053702045
17055314693
12246473717
12374148233
17072753215
17061099391
17058899118
17057571253
0
0
0
0
0
0
0
0
0
0
0
0
0
0
0
0
0
0
0
0
0
0
0
0
0
0
0
0
0
0
0
0
0
0
0
0
0
0
0
0
0
0
0
0
0
0
0
0
0
0
0
0
-1782968603417965
-1782968615265300
-1782968617552498
-1782968619242400
-1782968620992084
17057188764
12248426370
12376053428
17072875716
17062421942
17060415725
17058592254
17057643216
17058999957
12250403198
12378013086
17073343879
17064158408
17061984848
-1782968620080455
-1782968621008420
0
0
0
0
0
0
-1782968673012368
-1782968678087103
17002271433
12066878063
12250662697
17016119485
16998014704
16996100042
16991728476
16994054841
16993318358
12067643065
12251432479
17016867056
16998585549
16996837175
16992462126
16994522021
16994012302
12068378844
12252174838
17017554512
16999166413
16997443525
16993108273
16994832149
16994165531
12068954715
12252913205
17017207080
16999701788
16998100812
16993926739
16995234125
16994852646
12069640948
12253603952
17017797211
17000296857
16998468685
16994414329
16995402084
16995337028
12070207631
12254337175
17017239627
17000809007
16998999845
16995115515
16996085593
16995883960
12070655656
12254932435
17017351540
17001276518
16999298178
16995535744
16996539684
16996394903
12070997784
12255350958
17016601143
17001433748
16999497831
16995765915
16996699224
16996472117
12071428327
12255655333
17016790908
1782985688238076
1782985688335360
16996214243
1782985688476666
0
0
0
0
0
0
0
0
0
0
0
0
0
0
0
0
0
0
0
0
0
0
0
0
0
0
0
0
0
0
0
0
0
0
0
0
0
0
0
0
0
0
0
0
0
0
0
0
0
0
0
0
0
0
0
0
0
0
0
0
0
0
0
0
0
0
0
-1782968674181584
-1782968704971675
-1782968707299683
-1782968708379556
17086843370
17085864886
-1782973617579253
-1782973432983699
-1782968688478489
-1782968705355771
-1782968707440716
-1782968708474578
-1782968709970600
-1782968710952516
-1782973617708487
-1782973433096514
-1782968688779092
-1782968705586741
-1782968707555001
-1782968708509901
-1782968710243662
-1782968711062606
-1782973617795315
-1782973433186590
0
0
0
0
0
0
0
0
0
0
0
0
-1782968710359656
-1782968740041629
-1782973617880523
-1782973434190181
-1782968736344706
-1782968739894415
-1782968742208236
-1782968743341102
-1782968744128532
-1782968744428222
-1782973617968084
-1782973434313444
-1782968736346714
-1782968739951503
-1782968742213121
-1782968743343112
-1782968744154401
-1782968744524135
-1782973618126181
-1782973434414209
-1782968736472173
-1782968740043533
-1782968742293486
-1782968743344937
-1782968744156274
-1782968744538504
-1782973618250923
-1782973434912985
-1782968736504563
-1782968740203915
-1782968742380933
-1782968743346763
-1782968744206472
-1782968744540342
-1782973618253507
-1782973435008748
-1782968737055604
-1782968740811652
-1782968742419911
-1782968743430942
-1782968744208355
-1782968744542162
-1782973618355484
-1782973435130153
-1782968737137552
-1782968740883287
-1782968742579127
-1782968743432867
-1782968744360888
-1782968744993191
-1782973618357545
-1782973435218070
-1782968738490877
-1782968742122683
-1782968745561689
-1782968743438352
-1782968744362762
-1782968745063535
-1782973618468663
-1782973435308131
-1782968738492847
-1782968742206349
-1782968745677529
-1782968744210233
-1782968744367643
-1782968745075927
-1782973618499814
-1782973435360167
-1782968738536495
-1782968742286578
-1782968745679411
-1782968744369808
-1782968744526030
-1782968745077806
-1782973619017603
-1782973435444530
-1782968738538515
-1782968742288457
-1782968745681274
-1782968744371634
-1782968744527855
-1782968745364115
-1782973619041727
-1782973435530373
-1782968738540405
-1782968742581212
-1782968745723645
-1782968744424526
-1782968744529665
-1782968745446833
-1782973619126937
-1782973435626061
-1782968740302922
-1782968742583050
-1782968745819873
-1782968744534847
-1782968745065507
-1782968745860066
-1782973619214485
-1782973435741428
-1782968740307774
-1782968742584880
-1782968745856360
-1782968744536685
-1782968745067322
-1782968746167579
-1782973619311001
-1782973435832888
-1782968740309824
-1782968742616486
-1782968745858206
-1782968744544024
-1782968745069300
-1782968746169444
-1782973619421034
-1782973435927410
-1782968740385711
-1782968742618442
-1782968745861925
-1782968744590893
-1782968745071105
-1782968746174580
-1782973619468894
-1782973436048834
-1782968740387695
-1782968742757166
-1782968745867345
-1782968744789316
-1782968745366056
-1782968746663605
-1782973619541173
-1782973436057251
-1782968740494633
-1782968743137976
-1782968745996601
-1782968745367864
-1782968746492140
-1782968746777562
-1782973619624319
-1782973436062381
-1782968740496610
-1782968743177134
-1782968746033131
-1782968745373373
-1782968746498099
-1782968746779455
-1782973619694752
-1782973436162731
-1782968741518354
-1782968743319591
-1782968746035042
-1782968745375440
-1782968746500017
-1782968746786653
-1782973619696794
-1782973436282437
-1782968741520299
-1782968743335529
-1782968746036868
-1782968745377279
-1782968746501917
-1782968746788572
-1782973619752328
-1782973436459569
-1782968800456492
-1782968802996275
-1782968803519748
-1782968804028078
-1782968805265003
-1782968805341973
-1782973984705388
-1782973556091593
-1782968800553463
-1782968803078563
-1782968803687710
-1782968804112875
-1782968805437543
-1782968805612902
-1782973984708593
-1782973556269382
-1782968915488325
-1782968803171841
-1782968803774869
-1782968921083416
-1782968922316162
-1782968923747842
-1782974046792043
-1782973681712079
-1782968915740537
-1782968917013168
-1782968918079446
-1782968921231623
-1782968922435986
-1782968923863054
-1782974046795348
-1782973681829332
-1782968916560686
-1782968920361323
-1782968920189947
-1782968921245110
-1782968922521790
-1782968923955195
-1782974046876234
-1782973681921279
-1782968916677641
-1782968920548076
-1782968920274745
-1782968921333250
-1782968922729432
-1782968923957150
-1782974046969992
-1782973681961667
-1782968917106760
-1782968920722353
-1782968920639761
-1782968921375177
-1782968922746434
-1782968924099600
-1782974047062538
-1782973682020031
-1782968918451176
16879419480
16879004246
16878858690
16878983804
-1782968924117269
-1782974047450753
-1782973682099971
-1782968918535485
-1782968921896838
-1782968922889855
-1782968936777298
-1782968937805902
-1782968938141906
0
-1782973924720499
-1782968931448558
-1782968934544028
-1782968937978757
-1782968937893029
-1782968938904908
-1782968943029824
-1782974047507049
-1782973924726047
-1782968932181803
-1782968938265921
-1782968938653914
-1782968938610214
-1782968938906781
-1782968943094620
-1782974047576728
-1782973924801437
-1782968932348017
-1782968938526264
-1782968938950546
-1782968938948678
-1782968939046193
-1782968943098174
-1782974047670336
-1782973924884418
-1782968932440041
-1782968938796209
-1782968939209407
-1782968939201324
-1782968939122141
-1782968943100037
-1782974047761806
-1782973925039560
-1782968932838035
-1782968938798171
-1782968939431232
-1782968939378280
-1782968939374525
-1782968943101873
-1782974047821857
-1782973925041665
-1782968933231892
-1782968938952428
-1782968939826265
-1782968939824077
-1782968939376407
-1782968943103735
-1782974047879608
-1782973925127960
-1782968933730053
-1782968939044402
-1782968939828174
-1782968942971475
-1782968944174453
-1782968944536742
-1782974047995128
-1782973925129969
-1782968934943743
-1782968939214111
-1782968943026039
-1782968943023616
-1782968944646921
-1782968944865976
-1782974048089490
-1782973925237847
-1782968935601184
-1782968939354918
-1782968943027999
-1782968943031635
-1782968944738545
-1782968944982326
-1782974048091542
-1782973925359122
-1782968935917028
-1782968939731595
-1782968943035343
-1782968943033450
-1782968945143510
-1782968945031220
-1782974048097182
-1782973925441115
-1782969052048707
-1782969055876223
-1782969056402413
-1782969057114880
-1782969057866554
-1782969059270781
0
-1782974050980071
-1782969052102403
-1782969056018164
-1782969056440042
-1782969057200435
-1782969057905307
-1782969059285085
0
-1782974050982105
-1782969114451147
-1782969115778249
-1782969116328628
-1782969116726670
-1782969118743961
-1782969118989713
-1782974110899374
-1782974050987229
-1782969114548290
-1782969115836272
-1782969116336302
-1782969116752730
-1782969118875358
-1782969119089841
-1782974110903385
-1782974051060191
-1782969235765581
-1782969236955345
-1782969237798101
-1782969238194054
-1782969238834779
-1782969239766700
0
-1782974164484875
-1782969235843172
-1782969236969291
-1782969237830609
-1782969238330224
-1782969239075526
-1782969239883512
0
-1782974164558014
-1782969236329026
16570123732
16569613414
16569381415
16565890476
16565480138
1782985808703665
11644358552
16570165974
16569056483
16568551374
16568474818
16568114196
-1782969243018578
0
-1782974164781745
-1782969239249570
-1782969240685721
-1782969241525819
-1782969242736568
-1782969243452479
-1782969243937237
0
-1782974164868789
-1782969239970189
-1782969241643831
-1782969242235423
-1782969242846412
-1782969244434099
-1782969244821882
0
-1782974164959896
-1782969240966687
-1782969242594888
-1782969243331113
-1782969243493982
-1782969244520051
-1782969244907040
0
-1782974165073328
-1782969241084142
-1782969242690788
-1782969243590922
-1782969243644421
-1782969244534753
-1782969244991520
0
-1782974165119819
-1782969250807802
-1782969252642120
-1782969253799268
-1782969254882970
-1782969254739245
-1782969256205640
0
-1782974165216779
-1782969251584250
-1782969253884536
-1782969254979673
-1782969255330460
-1782969255294198
-1782969256290550
0
-1782974165330035
-1782969251731415
-1782969255158727
-1782969255064983
-1782969255454600
-1782969256119056
-1782969256383616
0
-1782974165417249
-1782969251860526
-1782969255163767
-1782969255452632
-1782969255565479
-1782969258211408
-1782969259035469
0
-1782974165501073
-1782969252872617
-1782969256474136
-1782969256872870
-1782969258108634
-1782969258221188
16552741571
1782985811999558
11647011693
16559813710
16556343103
16556247400
16555252981
16569694764
16568904044
1782985828197563
11662738872
16575464925
1782985828725482
0
0
0
0
0
0
0
0
0
0
0
0
0
0
0
0
0
0
0
0
0
0
-1782969253191070
-1782969257051785
-1782969257187002
-1782969258213571
16570680857
16570111014
1782985829406948
11663944520
16577103645
16574147072
16574158057
16573188456
0
0
0
0
0
0
0
0
0
0
0
0
0
0
0
0
0
0
0
0
0
0
0
0
0
0
0
0
0
0
0
0
0
0
0
0
0
0
0
0
0
0
0
0
0
0
0
0
0
0
0
0
0
0
0
0
0
0
0
0
0
0
0
0
0
0
0
0
0
0
0
0
0
0
0
0
0
0
0
0
0
0
0
0
0
0
0
0
0
0
0
0
-1782969254057963
-1782969257185020
-1782969257387492
16577231578
16577081345
16576348464
1782985835842503
11670199531
16581949093
16578779314
16578885645
16578064363
16577972826
16577661339
1782985837491163
11671827336
16583725750
16580664633
16580750515
16580190160
16580063536
16579563237
1782985839251473
11672270217
16584045516
16582284852
16581847689
16581286803
16581831939
16581391735
11716953018
11605131169
16416229635
16414814101
16413911928
16408194810
16408154302
16408013956
11719544739
11607220969
16356379292
16354830989
16349675484
16349334502
16348628883
16347920473
11660645523
11650857538
16399943157
16398317880
16393024541
16392587941
16391818825
16391093431
11660949463
11651801495
16400002618
16398023595
16394194953
16393735389
16392929228
16391983947
11662034646
11652754241
16400877916
-1782969491502136
16396655746
16396172986
16395419623
16394552799
11664562502
11655200297
16402713183
16401247623
-1782969550882587
-1782969561679553
-1782969558896553
-1782969559935454
-1782974290762039
-1782974357280823
-1782969548888012
-1782969550417430
-1782969550993918
-1782969561681487
-1782969558982384
-1782969560129815
-1782974290819632
-1782974357426197
-1782969548958222
-1782969551098495
-1782969552196432
-1782969561686932
-1782969559066684
-1782969560234851
-1782974290880451
11535402918
16343410983
16341823762
16340390387
16331468398
16334117779
16332984885
11602415727
11535987151
16343764886
16341630694
16341031069
16331606021
16334623377
16333422597
11602900972
11536404995
16343949333
16341225933
16340519183
16332011870
16334998512
16333830106
11603371628
11536904816
16337884636
16336035283
16336268435
16330032613
-1782969565980405
-1782969566705008
-1782974292380323
-1782974357723501
-1782969556806411
-1782969558811423
-1782969558637384
-1782969564971057
16331812055
16331174600
11605626284
11537662340
16340371594
16337019508
16337305527
16333506487
16332538889
16331778238
11606446340
11538418334
16341323963
16337846344
16338121861
16334398394
16333367373
16332627498
11607223566
11539230658
16341984336
16338518607
16338524267
16335106858
16334104160
16333334619
11607796989
11539816362
16220027239
16206575451
16203842064
16200851593
16198999410
16197855241
-1782974419597606
-1782974430422454
-1782969682014169
-1782969694570674
-1782969697250597
-1782969700733030
-1782969702311038
-1782969703973003
-1782974419604542
-1782974430602427
-1782969682759946
-1782969694793715
-1782969697412644
-1782969801303650
-1782969801788594
-1782969802449889
-1782974482115037
-1782974546291991
-1782969798793474
-1782969800090763
-1782969800652361
-1782969924904840
-1782969926018613
-1782969926449355
-1782974590317538
-1782974918797014
-1782969918350234
-1782969923076240
-1782969923968034
-1782969924988317
-1782969926024347
-1782969926607902
0
-1782974918903166
-1782969918851101
-1782969923327047
-1782969924098259
-1782969925071869
-1782969926026343
-1782969926714790
0
-1782974918983342
-1782969919457097
-1782969923331368
-1782969924184752
-1782969925158607
-1782969926028201
-1782969926863164
0
-1782974919204781
-1782969919894724
-1782969923344049
-1782969924275540
-1782969925243665
-1782969926108857
-1782969926899260
0
-1782974919381804
-1782969920722908
15980523867
15979524698
15978596365
15977852019
15977238372
1782985904348144
10984977044
15982932727
15981019954
15980271757
15979215151
15978632459
15977877477
1782985905116809
10985561418
15983455955
15981775924
15981076332
15980024078
15979211090
15978701630
1782985906043668
10986397389
15863949349
15862785171
15862428219
15861263752
15860023401
15858428820
1782985906774373
10862904024
15864665483
15863448924
15863108783
15862007568
15860587834
15859089741
1782985907576567
10863727343
-1782970047260923
-1782970048208544
-1782970048183522
-1782970049443820
-1782970049872436
-1782970050680609
0
-1782975044076704
-1782970047377487
-1782970049301622
-1782970050338379
-1782970050819993
-1782970051356149
-1782970052305283
0
-1782975044082997
-1782970047379515
-1782970049408608
-1782970050526023
-1782970050825206
-1782970051449736
-1782970052310311
0
-1782975044164071
-1782970048769582
-1782970050422932
-1782970051038631
-1782970050921366
-1782970051714815
-1782970052312326
0
-1782975044293196
-1782970048923121
-1782970050502775
-1782970051040609
-1782970051045866
-1782970051760029
-1782970053753411
0
-1782975044335280
-1782970049446105
-1782970050766081
-1782970051628165
-1782970052212648
-1782970052560830
-1782970053891762
0
-1782975044433534
-1782970049627397
-1782970050816110
-1782970051842965
-1782970052303352
-1782970052652820
-1782970053979377
0
-1782975044483489
-1782970049631195
-1782970050818068
-1782970152925743
-1782970154163370
-1782970153997801
-1782970154910240
0
-1782975417277034
-1782970150509052
-1782970151954736
-1782970153024219
-1782970154207332
-1782970154080851
-1782970154986424
0
-1782975417403509
-1782970150635030
-1782970152299907
-1782970153107389
-1782970154364467
-1782970155259342
-1782970155389975
0
-1782975417458153
-1782970153363711
15753526613
15752659092
15752124004
15753235358
15753618300
1782985909019959
10491446973
15755678545
15754201579
15753247594
15752632674
15752272634
15751168956
1782985909447879
10491930647
15755898443
15754067786
15752626688
15752079423
15751516648
15751312033
1782985910639825
10492658570
15754984372
15753693053
15753259843
15752704054
15646584127
15645865626
1782985910668823
10005595993
15694353821
15669780004
15656986900
15648846362
15646834880
15646149963
11018546496
-1782975905158104
-1782970336482555
-1782970349088533
-1782970347374630
-1782970354544557
-1782970355679193
-1782970356028579
-1782974892924881
-1782976016444569
-1782970336763418
-1782970349334467
-1782970347559223
-1782970354656642
-1782970355825416
-1782970356160657
-1782974893557708
-1782976016451769
-1782970338291152
-1782970350211039
-1782970348193904
-1782970357252437
-1782970356979832
-1782970356269735
-1782974893670045
-1782976016565082
-1782970339964340
-1782970351343294
-1782970348781454
-1782970357538348
-1782970357098941
-1782970356501230
-1782974893757995
-1782976016640984
-1782970340781396
-1782970352215309
-1782970404488343
-1782970405186246
-1782970406194454
-1782970407369080
0
-1782976016772715
-1782970396898926
-1782970403636902
-1782970404603704
-1782970405251483
-1782970406254650
-1782970407373854
0
-1782976016796407
-1782970396989340
-1782970403757626
-1782970404782992
-1782970405621297
-1782970406256563
-1782970407715373
0
-1782976016990146
-1782970397692587
-1782970403865600
-1782970404785078
-1782970405637319
-1782970406316181
-1782970407814896
0
-1782976016992188
-1782970400350035
-1782970405397982
-1782970406164690
-1782970406379410
-1782970408188746
-1782970408879022
0
-1782976017016050
-1782970400510492
-1782970405399985
-1782970406527728
-1782970407183513
-1782970408225942
-1782970409068013
0
-1782976017212371
-1782970401214058
-1782970405509562
-1782970406627695
-1782970407285543
-1782970408280221
-1782970409083751
0
-1782976017217775
-1782970401316155
-1782970405511526
-1782970406647763
-1782970407448380
-1782970408347454
-1782970409085759
0
-1782976017219677
-1782970401347600
-1782970405893984
-1782970406714632
-1782970407516759
-1782970408419481
-1782970412093346
0
-1782976017285312
-1782970401407536
-1782970405896221
-1782970406772592
-1782970407597639
-1782970408485854
-1782970412144079
0
-1782976017419384
-1782970468415981
-1782970474812157
-1782970475555285
-1782970476052869
-1782970476832343
-1782970477390155
-1782974959579897
-1782976084030224
-1782970470515291
-1782970474992063
-1782970475648164
-1782970587968010
-1782970588801571
-1782970589181944
0
0
-1782970585355103
-1782970586549713
-1782970587271533
-1782970588157031
-1782970588888781
-1782970589269661
0
-1782976089864915
-1782970767031940
-1782970778541575
-1782970780070628
-1782970780450950
-1782970781542157
-1782970781627025
0
-1782976089943021
-1782970767108769
-1782970778585825
-1782970780107027
-1782970780607439
-1782970781854465
-1782970781712728
0
-1782976090023696
-1782970768773801
-1782970779038930
-1782970780365718
-1782970780833967
-1782970781942775
-1782970782582081
0
-1782976090040063
-1782970768775779
-1782970779127813
-1782970780888282
-1782970782273978
-1782970782917156
-1782970783572453
0
-1782976090093418
-1782970768855802
-1782970779175638
-1782970780939678
-1782970782359736
-1782970783042657
-1782970783664930
0
-1782976090181179
-1782970770733378
-1782970779499496
-1782970781027965
-1782970782402677
-1782970783079097
-1782970783715312
0
-1782976090305431
-1782970770815446
-1782970779513148
-1782970781074286
-1782970782488347
-1782970783164249
-1782970783846006
0
-1782976090418910
-1782970771491058
-1782970779537755
-1782970781160377
-1782970782661550
-1782970783209024
-1782970783877928
0
-1782976090500987
-1782970771575344
-1782970779676866
-1782970781253176
-1782970782667496
-1782970783296176
-1782970784005367
0
-1782976151330034
-1782970836929185
-1782970841733673
-1782970842610192
-1782970843244416
-1782970847793048
-1782970848988354
-1782975148160235
-1782976151332879
-1782970838232694
-1782970841854316
-1782970842703153
-1782970843364931
-1782970847910156
-1782970849073695
-1782975148167485
-1782976151355343
-1782970838980504
-1782970842162411
-1782970842850896
-1782970843546239
-1782970847996197
-1782970849304091
-1782975148254177
-1782976151550551
-1782970839099311
-1782970842344104
-1782970843091690
-1782970843664586
-1782970848114923
-1782970849455462
-1782975148403637
-1782976151656776
-1782970959254839
-1782970983532167
-1782970989169725
-1782970991015048
-1782970991881830
-1782970992548682
-1782975255448122
0
-1782970961308999
-1782970983913850
-1782970989261802
-1782970991690574
-1782970991985479
-1782970992668102
-1782975255455173
0
-1782970961746304
-1782970984249928
-1782970989545576
-1782970992391092
-1782970992144054
-1782970993024796
-1782975255508928
0
-1782970962417369
-1782970984366713
-1782970989845626
-1782970992778146
0
0
0
0
0
0
0
0
0
0
0
0
0
0
0
0
0
0
0
0
0
0
0
0
0
0
0
0
0
0
0
0
0
0
0
0
0
0
0
0
0
0
0
0
0
0
0
0
0
0
0
0
0
0
0
0
0
0
0
0
0
0
-1782970989954471
14973562159
14974471162
14973601693
10601640554
9801801161
14886961859
14884144789
14882859244
14882887393
14885487818
14747091441
10605615238
9811101973
14773138251
14770573483
14758187390
14755942939
14755509608
14753920835
10487207221
9811479646
14774303759
14771645843
14759164595
14756977665
14756636607
14754998887
10488296383
9812520006
14774150866
14772194919
14760116928
14757957146
14757693148
14756012530
10489422964
9813658417
14775391825
-1782971213097358
-1782971220154060
-1782971222329300
-1782971222408973
-1782971224045238
-1782975490937546
-1782976166818872
-1782971211790329
-1782971213247067
-1782971220198098
-1782971222490912
-1782971222817912
-1782971224172478
10716599594
10041022700
14877382443
14875188881
14875757255
14874750821
14874823956
14873968752
10717966824
10041184657
14878754421
14876447861
14875791448
14875742288
14874764746
14874844639
10719768648
10043160235
14879206374
14877846360
14877821115
14877712127
14876794474
14876923682
10721876696
10045276387
14881296105
14878648473
1782986214103964
0
0
0
0
0
-1782971333344008
-1782971335397597
-1782971335915963
-1782971335830603
14878057113
14877548415
10723448078
10046668317
14881650170
14880242474
1782986215870390
0
0
0
0
0
0
0
0
0
0
0
0
0
0
0
0
0
0
0
0
0
0
0
0
0
0
0
0
0
0
0
0
0
0
0
0
0
0
0
0
0
0
0
0
0
0
0
-1782971514561030
-1782971515547049
-1782971516858504
-1782971518021078
-1782975616282848
-1782976240924651
-1782971513164897
-1782971514185611
-1782971514868918
-1782971516685751
-1782971516940757
-1782971518047814
-1782975616285317
-1782976242389335
-1782971515798526
-1782971518053234
-1782971518595403
-1782971520346409
-1782971520344504
-1782971521258845
-1782975616297294
0
0
0
0
0
0
0
0
0
0
0
0
0
0
0
0
0
0
0
0
0
0
0
0
0
0
0
0
0
0
0
0
0
0
0
0
0
0
0
0
0
0
0
0
0
0
0
0
0
0
0
0
0
0
0
0
0
0
0
0
0
0
0
0
0
0
0
0
0
0
0
-1782975616299377
-1782976242415194
-1782971515881490
-1782971518055154
-1782971518673440
-1782971520412041
-1782971520410109
-1782971521378440
-1782975736659386
-1782976242849945
-1782971515963792
-1782971518094267
-1782971518708685
-1782971520785974
-1782971520544166
-1782971521582827
-1782975736748922
-1782976242866714
-1782971516209224
-1782971518097625
0
0
0
0
0
0
0
0
0
0
0
0
0
0
0
0
0
0
0
0
0
0
0
0
0
0
0
0
0
0
0
0
0
0
0
0
0
0
0
0
0
0
0
0
0
0
0
0
0
0
0
0
0
0
0
0
0
0
0
0
0
0
0
0
0
0
0
0
0
0
0
0
0
0
0
0
0
0
0
0
0
0
0
0
0
0
0
0
0
0
0
0
0
0
0
0
0
0
0
0
0
0
0
0
0
0
0
0
0
0
0
0
0
0
0
0
0
0
0
0
0
0
0
0
0
0
0
0
0
0
0
0
0
0
0
0
-1782971518929863
-1782971520967934
14820005405
14818713299
10603876732
10098250170
14824172377
14821053971
14821221102
14820680189
14820153864
14819692897
10604818058
10099235303
14825107076
14821977784
14821878930
14821547016
14820938430
14820968414
10606026980
10100556315
14824124603
14822450678
14822031517
14822019985
14821688601
14821281152
10607839633
10102538743
14826050121
14824352512
-1782971522107240
-1782971522502561
-1782971523058805
-1782971523799172
-1782975737382875
-1782976242876491
-1782971519689377
-1782971521703009
-1782971522114162
-1782971522558558
-1782971647027468
-1782971647860611
-1782975803364457
-1782976244949031
-1782971641123336
-1782971642995441
-1782971643882811
-1782971644861348
-1782971647197225
-1782971647933066
-1782975803591282
-1782976244990260
-1782971641196377
-1782971643191054
-1782971643968298
-1782971644955025
-1782971647232199
-1782971648026107
-1782975803685629
-1782976245044687
-1782971641909971
-1782971644690001
-1782971645762075
-1782971646580801
-1782971647336013
-1782971648243515
-1782975803863145
-1782976245046702
-1782971643204874
-1782971644776504
-1782971645875832
-1782971646666008
-1782971647378943
-1782971648319700
-1782975803981554
-1782976245095469
-1782971644011510
-1782971646475515
-1782971646344107
-1782971647113092
-1782971648069357
-1782971648683538
-1782975804276226
-1782976245097463
-1782971644149774
-1782971646528682
-1782971646430937
-1782971647499497
-1782971648156340
-1782971648765803
-1782975804378130
-1782976245181255
-1782971644156546
-1782971779961416
-1782971780877239
-1782971782144095
-1782971782801525
-1782971783639603
-1782976048291904
0
-1782971769773389
-1782971780357729
-1782971781208472
-1782971782233164
-1782971782852437
-1782971783694733
-1782976048381028
0
-1782971771646262
-1782971780986105
0
0
0
0
0
-1782976422851771
-1782971827807875
-1782971829245681
-1782971829737675
-1782971830607323
-1782971830841865
-1782971832106894
0
-1782976423090015
-1782971827809922
-1782971829777009
-1782971830033144
-1782971831016198
-1782971832592848
-1782971832216739
0
-1782976423189466
-1782971828626590
-1782971830286906
-1782971831193286
-1782971831979020
-1782971832918063
-1782971833033224
0
-1782976423362268
-1782971828792059
-1782971830374460
-1782971831248436
-1782971832256987
-1782971833115125
-1782971833331715
0
0
0
0
0
0
0
0
0
0
0
0
0
0
0
0
0
0
0
0
0
0
0
0
0
0
0
0
0
0
0
0
0
0
0
0
0
0
0
0
0
0
0
0
0
0
0
0
0
0
-1782971828923340
-1782971830524085
-1782971831336708
0
0
0
0
0
-1782971832607245
-1782971835251926
-1782971835656596
-1782971832367820
14514585958
14510346910
1782986348187766
9804037702
14515929560
14513437832
14513165204
14512906376
14512670362
14511898505
1782986349892244
1782986350091938
1782986350313939
14333267660
14330993716
1782986350973632
1782986351075623
1782986351294710
0
0
0
0
0
0
0
0
0
0
0
0
0
0
0
0
0
0
0
0
0
0
0
0
0
0
0
0
0
0
0
0
0
0
0
0
0
0
0
0
0
0
0
0
0
0
0
0
0
0
0
0
0
0
0
0
0
0
0
0
0
0
0
0
0
0
0
0
0
0
0
0
0
0
-1782972014500607
-1782972017376837
-1782972019802930
-1782972020245456
-1782972020584320
-1782972021263514
-1782976303797810
0
-1782972014859621
0
0
0
0
0
-1782976364507231
-1782976674007799
-1782972138254699
-1782972140475926
-1782972140181170
-1782972141099689
-1782972140173560
-1782972140338888
-1782976364514252
-1782976674102429
-1782972138319440
14227159603
14227390404
14226510751
14226585118
14225490442
10003463522
9693932134
14229450289
14227701946
14228122997
14227084995
14226710926
14226277853
10004303388
9694627699
14229472349
14227903997
14226918197
14227049605
14226571692
14226311389
10004934872
9695232686
14228351187
14228650729
14226017811
14227501319
14225278511
14224560351
10005679766
9695832095
14229190776
14227573915
14227057697
14226941823
14226517877
14225738260
10006867658
9697035879
14230206259
14228529468
14227684449
14227033712
1782986372684896
0
0
0
0
0
0
0
0
0
0
0
0
0
0
0
0
0
0
0
0
0
0
0
0
0
0
0
0
0
0
0
0
0
0
0
0
0
0
0
0
0
0
0
0
0
0
0
0
0
0
0
0
0
0
0
0
0
0
0
0
0
0
0
0
0
0
9578216613
14232574082
14231188182
14230696547
14109185227
14108701487
14108391651
10007100291
9575766380
14112439489
14111025312
14110466612
14109965636
14109512412
14109256451
9490229271
9447921521
13629277012
13627393966
0
-1782972757393100
-1782972758229778
-1782972759424308
0
0
0
0
0
0
0
0
0
0
0
0
0
0
0
0
0
0
0
0
0
0
0
0
0
0
0
0
0
0
0
0
0
0
0
0
0
0
0
0
0
0
0
0
0
0
0
0
0
0
-1782972749295647
-1782972751087469
13623586207
13622953695
13622196261
13621109493
9494186598
9453028223
13625425899
13624399459
13622587567
13625096883
13630686910
13627891326
9502457780
9460279277
13632601607
13631544535
13629680904
13629657756
13629103262
0
0
0
0
0
0
0
0
0
0
0
0
0
0
0
0
0
0
0
0
0
0
0
0
0
0
0
0
0
0
0
0
0
0
0
0
0
-1782973059062289
13330257037
13329985431
13329520886
9495957548
9159055032
13328701822
13332210229
13331587416
13331099954
13330753348
13327865505
9496649582
9159842874
13329442540
13327919974
13327185291
13372956110
13372462885
13371913805
9543349835
9206469113
13375986910
13374605601
13373983187
13373774721
13373423355
13372829972
9544174144
9207343297
13376810150
13375086850
13375095611
13374812615
-1782973169491295
13268739313
9543073332
0
-1782973166951942
13271759308
13268844890
13270720969
13268559620
13268933857
9483533333
8844387842
13273770177
13272410255
-1782973171476705
-1782973169662837
-1782973171847955
-1782973171733309
-1782976957131559
-1782977596425784
-1782973167233708
-1782973170380112
-1782973171707920
-1782973171266915
-1782973172021941
13268539902
9483856187
8844736788
13273595513
13270932182
13269503939
13270198912
13269726630
13269041240
9484849792
8845777866
13272737757
13270000400
13269070177
13270191582
13270481502
13270198847
9486444772
8847461757
13274558350
13271906625
-1782973174183086
-1782973173136308
-1782973173018448
-1782973173522199
-1782976957642749
-1782977596732804
0
0
0
0
0
0
0
0
0
0
0
0
0
0
0
0
0
0
0
0
0
0
0
0
0
0
0
0
0
0
0
8852284849
13159561203
13158828322
13152884514
13151949085
13151815064
13150860934
9492137772
8853145959
13160461399
13158529055
13153456493
13152625695
13152314138
13151544142
9485032435
8537000917
13160870425
13159142994
13154174510
13153335276
13153344867
13152683868
9486168775
8537875377
13161001675
13159385506
13155286608
13153892455
13154069001
13153337639
9486845238
8538499641
13158019149
13156545450
13154295950
13154278318
13153699331
13153470577
9487798868
8539731796
13152679428
13156841322
13153598307
13153007591
13152785991
13150051324
9492145147
8543798358
13156770885
13154897317
13154160865
13153621037
13153552640
13150826671
9492810349
8544473845
13156969842
13154411719
13153723200
13153405360
13153075168
13150980218
9493596870
8545447168
13157870543
13155751220
13155110773
13154689354
13154469325
13152238551
9494900149
8546452950
13028413153
13024519138
13024698826
13024357297
13021571159
13022081583
9370212972
8438170326
13028624104
13025013890
13025257323
13024905267
13021762456
13022819129
9371029195
8439185759
13029576085
13025874099
13025727634
13025443678
13022383806
13023719870
9371906896
8439899406
13029366376
13026321507
13026415813
13026272770
13023009418
13024382549
9372752450
8440774147
13028537590
13024217377
13023090716
13023061597
13022367037
13021765401
9373374316
8441383423
13029184426
13024932715
13023916878
-1782973442430529
-1782973443326994
-1782973443938270
-1782977092405471
-1782978024525238
-1782973438471378
-1782973441382068
-1782973442305207
-1782973442586423
-1782973443437793
-1782973444031703
-1782977092449258
-1782978024598193
-1782973555856668
-1782973441618669
-1782973561275372
-1782973565002465
-1782973567983993
-1782973566922009
-1782977208401088
-1782978148777081
-1782973556386251
-1782973558430575
-1782973561442580
-1782973565336245
-1782973568264123
-1782973567038399
-1782977208428921
-1782978148784182
-1782973556737699
-1782973566050511
-1782973568360101
-1782973569632842
-1782973570973871
-1782973571367872
-1782977208754307
-1782978148857661
-1782973557426628
-1782973566192476
-1782973568446249
-1782973569739722
-1782973570984354
-1782973571373473
-1782977208863409
-1782978148918794
-1782973557746237
-1782973566405564
-1782973568556368
-1782973569836712
-1782973571018441
-1782973571426633
-1782977208981024
-1782978149027510
-1782973559178416
-1782973566618248
-1782973568643460
-1782973569953457
-1782973571044333
-1782973571743311
-1782977209104561
-1782978149086456
12906552405
12899756183
12897763963
12896677298
12895669067
12895114440
9257590044
8317757074
12906657834
-1782973566670521
-1782973568756219
-1782973684517979
-1782973685088444
-1782973685581851
-1782977210197329
-1782978151228838
-1782973925507849
-1782973927214125
-1782973928003266
-1782973928731858
-1782973930160803
-1782973932071717
-1782977286824684
-1782978166690161
-1782973925559364
-1782973927345513
-1782973928084551
-1782973928822217
-1782973930295380
-1782973932157253
-1782977286832711
-1782978166731414
-1782973925703320
-1782973927393327
-1782973928171169
-1782973928909515
-1782973930297372
-1782973932245873
-1782977286910845
-1782978166816935
-1782974049626785
-1782974051935201
-1782974052491739
-1782974053984797
-1782974054692739
-1782974055278020
-1782977286989108
-1782978166859564
-1782974049680566
-1782974052024113
-1782974052590026
-1782974054016442
-1782974054709338
-1782974055279905
-1782977287037042
-1782978166942964
-1782974049747458
-1782974052066912
-1782974052698117
-1782974054018410
-1782974054711539
-1782974055281725
-1782977287134304
-1782978167026254
-1782974049837990
-1782974052152443
-1782974052700033
-1782974054175019
-1782974054713406
-1782974055367326
-1782977287245007
-1782978167139242
-1782974051140935
-1782974053328657
-1782974053898014
-1782974055046970
-1782974055453951
12411555142
9180124076
8300347695
12416424239
12414301400
-1782974054180838
-1782974055135953
-1782974055594262
-1782974056279315
-1782977287404028
-1782978167292382
-1782974051257292
-1782974053461100
-1782974054182843
-1782974055137870
-1782974055683706
-1782974056564072
-1782977287552719
-1782978167466777
-1782974051396076
-1782974053594051
-1782974054184676
-1782974055286790
-1782974055685616
-1782974056567723
-1782977287561646
-1782978167469778
-1782974051398104
-1782974053682390
-1782974054186525
-1782974055365428
-1782974056738824
-1782974057609953
-1782977287645690
-1782978167476107
-1782974053684314
-1782974054958772
-1782974055691075
-1782974056190081
-1782974056828824
-1782974057654790
-1782977287647690
-1782978167588115
-1782974167369759
-1782974170275321
-1782974172431611
-1782974173582178
-1782974174842428
-1782974175443104
-1782977287671144
-1782978466582232
-1782974167371766
-1782974170354286
-1782974172552722
-1782974173633408
-1782974174849311
-1782974175505470
-1782977287766592
-1782978466585467
-1782974167373875
-1782974170447534
-1782974172565056
-1782974173720620
-1782974174945621
-1782974175562247
-1782977292464494
-1782978466663726
-1782974167378935
-1782974170614472
-1782974172666415
-1782974173808152
-1782974175085924
-1782974175651322
-1782977292467035
-1782978466672481
-1782974167380947
-1782974170859437
-1782974172719675
-1782974173898760
-1782974175397495
-1782974175772679
-1782977292468921
-1782978466740320
-1782974167382926
-1782974171181007
-1782974172831749
-1782974173998011
-1782974175403449
-1782974175861398
-1782977292470853
-1782978466834147
-1782974221138846
12245131830
12244948080
12244276152
12244066295
12243550097
9175942630
8001651081
12247568326
12245966013
12245983982
12245324897
-1782974224289608
-1782974224888704
-1782977292489096
-1782978467040871
-1782974221575103
-1782974238434048
-1782974240160863
-1782974240884142
-1782974242857639
-1782974245627240
-1782977415046239
-1782978467669074
-1782974234985781
-1782974238585432
-1782974240247849
-1782974240939458
-1782974243166274
-1782974245682184
-1782977415065947
-1782978467712047
-1782974235078683
-1782974238602724
-1782974240263261
-1782974241000905
-1782974243271402
-1782974245740933
-1782977415169425
-1782978467803362
-1782974235111353
-1782974238613389
-1782974240331447
-1782974241053625
-1782974243276770
-1782974245797028
-1782977415315795
-1782978467842778
-1782974235339373
12230569253
12229066366
12228428718
12226288444
12223933333
9054388859
8002047216
12234142820
12231433232
12229879202
12229270510
12227161790
12224668705
9055174173
8002902562
12234810003
12232281162
12230698040
12229948953
12228045556
12225649442
9055982736
8003672167
12235581820
12233015521
12230624984
12230099429
12228384748
12226014329
9056433970
8004085803
12234869152
12232811387
12231369908
12230716443
12229111188
12226760711
9057056673
8004660015
12235439585
12233404568
12231570949
12231111419
12229507445
12227002112
9056640524
8004945032
12235656002
12233711602
12232039110
12231465105
12229949194
12227442313
9056995538
8005082922
12236104197
12234116994
12232320237
12231881496
12230413633
12227801091
9057491514
8005617197
12236681698
12234594736
12232784167
12232275853
12230825013
12228218921
9057336785
8005916627
12236884641
12234901001
12233053995
12232415842
12231095696
12228267525
9057537794
8006069086
12119443594
12118770988
12113785448
12113958102
12111907414
12112992846
8690856834
7996061357
12114611240
12112835106
12112523717
12111972502
12111211869
12110672389
8691199838
7996390016
12114289107
12112839059
12112079591
12111550642
12111026369
12110686330
8691561913
7996746178
12114619158
12113047081
12112356601
12111771737
12111209503
12111057063
8691799406
7997016942
12114900832
12113361604
12049055643
12047230778
12047324653
12046622675
8690760236
7996424728
12055331947
12050255743
12049286452
12047395237
12047487838
12046844794
8690894800
7996696614
12055679562
12050709409
12049582131
12047441658
12047691016
12047220261
8691313294
7997013050
12054903283
12046817073
12046170913
12045259439
12044615116
12043765628
8691599332
7997146070
12047289026
12046339696
12045788225
12045618258
12044892309
12043978228
8691849961
7997450834
11932018568
11924768640
11923701334
11922822030
11922040312
11921039968
8692082255
7997852106
11932315819
11925135924
11924121656
11923161824
11922390030
11921453332
8692477536
7998118147
11932583466
11925368374
11924357273
11923344833
11922537330
11921647596
8692604786
7998345851
11932731996
11925432288
11924449136
11923685573
11922915962
11922020836
8692974834
7998627195
11933070648
11925752049
11924704017
11923895912
11923190650
11922212140
8693153792
7998836169
11933222193
11925931228
11924886166
11924124638
11923309486
11922516458
8693384257
7999044752
11933619811
11926454839
11925412673
11924552000
11923752856
11923016742
8693941386
7999500432
11932907938
11926747619
11925648088
11924726134
11924049595
11923296036
8694084707
7999625158
11933147805
11926940640
11925835118
11924991963
11924291336
11923602150
8694307646
7999919516
11929868304
11926587988
11925879647
11924655566
11924486457
11923822741
8694552208
8000107738
11685443635
11685037945
11684350926
11683842784
11682940550
11682104924
8692627317
7823932169
11685694665
11684121154
11683663602
11683278238
11682645746
11682353874
8692848478
7824260792
11685971431
11684280988
11683987670
11683452900
11682847560
11554201547
8570899046
7821583370
11562708663
-1782974923163290
-1782974924611004
-1782974925542980
-1782974928446959
-1782974928284722
-1782977911887792
-1782978660861232
11561639655
11559267120
11557963277
11557043001
11554232018
11554059327
8570865920
7821935198
11561811369
11559563687
11558050025
-1782974925746028
-1782974928626319
-1782974929015762
-1782977912083965
-1782978661159701
-1782974921477393
-1782974923558875
-1782974925097278
-1782974925865129
-1782974928703001
-1782974929022811
-1782977912167110
-1782978661254160
-1782974921781793
-1782974927850947
-1782974928097426
-1782974929231090
-1782974929273459
-1782974929786762
-1782977912250103
-1782978661364883
-1782975044590383
-1782975046334064
-1782975047604272
-1782975049074898
-1782975051036185
-1782975052811402
-1782978096089332
-1782978663047327
-1782975044629773
-1782975046382325
-1782975047655896
-1782975049162709
-1782975051090322
-1782975052901327
-1782978096091652
-1782978663140470
-1782975044739139
-1782975046467528
-1782975047746159
-1782975049213578
-1782975051173890
-1782975052984971
-1782978096165239
-1782978663379738
11314267404
11312910975
11312045323
11311556538
11309739501
11308993026
8386999648
7820052708
11314727659
11313423777
11189908222
11189185304
11188466743
11187964745
8387473646
-1782978663482190
-1782975291902901
-1782975293091276
-1782975293793352
-1782975294586277
-1782975295300734
-1782975423964429
-1782978285887167
-1782979034793876
-1782975416241135
-1782975419736602
-1782975419609598
-1782975420744759
-1782975421951258
-1782975424005783
-1782978285917434
-1782979034801523
-1782975416656345
-1782975419785452
-1782975419652673
-1782975421078999
-1782975421984142
-1782975424077218
-1782978286019664
-1782979034897385
-1782975417873765
-1782975419893664
-1782975420626964
-1782975421166726
-1782975422067171
-1782975424125555
-1782978286137291
-1782979034940857
-1782975418224596
-1782975420682255
-1782975420920354
-1782975421462680
-1782975422294425
-1782975424212058
-1782978286244251
-1782979035258388
-1782975598752386
10884089028
10883557657
10883093970
10882471122
-1782975822076794
-1782978723469711
-1782979035261377
-1782975905357243
-1782975913337267
-1782975915419415
-1782975916456625
-1782975821648691
-1782975822208734
-1782978723554111
-1782979035263267
-1782975905458775
-1782975913446846
-1782975915541838
-1782975916560884
-1782975821745390
-1782975822321406
-1782978723650226
-1782979512885840
-1782975905599039
-1782975913591423
-1782975915632940
-1782975916654789
-1782975821833975
-1782975822438322
-1782978723652284
-1782979512898357
-1782975905989763
-1782975913730679
-1782975915684439
-1782975916754417
-1782975918561379
-1782975920810229
-1782978723742909
-1782979579135503
-1782975906222080
-1782975913960681
-1782975915787220
-1782975916799931
-1782975918671923
-1782975920912754
-1782978723805443
-1782979579138714
-1782975906489452
-1782975914084686
-1782975915833099
-1782975916916728
-1782975918767280
-1782975921007133
-1782978723810419
-1782979579149228
-1782975907281748
-1782975914234508
-1782975915991998
-1782975917035852
-1782975918815417
-1782975921056369
-1782978723931658
-1782979579245938
-1782976017424593
-1782975914544612
-1782975915999509
-1782975917061969
-1782975918967893
10459775144
7760031637
6904707628
10466543919
-1782976020584426
-1782976021164980
-1782976021996255
-1782976023118750
-1782976024267556
-1782978724084039
-1782979579861721
-1782976017524986
-1782976020632902
-1782976021225463
-1782976022083438
-1782976023161629
-1782976024308167
-1782978724089094
-1782979579949717
-1782976017742168
-1782976020719777
-1782976021278012
-1782976022120998
-1782976023213169
-1782976024310092
-1782978724192129
-1782979579999721
-1782976017744139
-1782976020799383
-1782976021329972
-1782976022177189
-1782976023301220
-1782976024532648
-1782978724282022
-1782979580090916
-1782976017882219
-1782976020884163
-1782976021601072
-1782976022378886
-1782976023465350
-1782976024547387
-1782978725179946
-1782979580135587
-1782976017996847
-1782976021415673
-1782976021605810
-1782976022381783
-1782976023467352
-1782976024549293
-1782978725216733
-1782979580225117
-1782976018245275
-1782976021502799
-1782976086777008
-1782976087481720
-1782976088334125
-1782976089620615
-1782978784334218
-1782979580309463
-1782976084037131
-1782976086083304
-1782976086864276
-1782976087731065
-1782976088416981
-1782976089704736
-1782978784367775
-1782979581081500
-1782976084145542
-1782976086171904
-1782976086948895
-1782976087745004
-1782976088539636
-1782976089782669
-1782978784424454
-1782979581147979
-1782976088710761
0
-1782976087031838
-1782976087750467
-1782976088564213
-1782976096941560
0
0
0
0
0
0
0
0
0
0
0
0
0
0
0
0
0
0
0
0
0
0
0
0
0
0
0
0
0
0
0
0
0
0
0
0
-1782976093754690
-1782976094547190
-1782976095616975
-1782976096987737
-1782978784507844
-1782979581206930
-1782976088790860
-1782976092775673
-1782976093843036
-1782976094631566
-1782976095659194
-1782976097063740
-1782978784677991
-1782979581273549
-1782976088872138
-1782976092927432
-1782976093927152
-1782976094678374
-1782976095742689
-1782976097151148
-1782978784680288
-1782979581354343
0
0
0
0
0
0
0
0
0
0
0
0
0
0
0
0
0
0
0
0
0
0
0
0
0
0
0
0
0
0
0
0
0
0
0
0
0
0
0
0
0
0
0
0
0
0
0
0
0
0
0
0
0
0
0
0
-1782976090583269
-1782976092942084
-1782976094011389
-1782976094785047
-1782976095827558
-1782976097288960
-1782978784758359
-1782979581457589
-1782976090629567
-1782976093008493
-1782976094110442
-1782976094832854
-1782976095971098
-1782976097366372
-1782978784843907
-1782979581564942
-1782976090713185
-1782976093056776
-1782976094150362
-1782976095007562
-1782976096020379
-1782976097407959
-1782978784990718
-1782979581702580
-1782976090795539
-1782976093139502
0
-1782976154245234
-1782976154818851
-1782976155729502
0
0
-1782976151704585
-1782976153003957
-1782976153623945
-1782976154329387
-1782976154840207
-1782976155867191
-1782978784993850
-1782979582202000
-1782976163988140
-1782976168716473
-1782976173390975
-1782976175412642
-1782976175701110
-1782976177591397
-1782978784999973
-1782979582289431
-1782976164035509
-1782976168802323
-1782976173396055
-1782976175570650
-1782976175791529
-1782976177850062
-1782978785090567
-1782979582312945
-1782976164090457
-1782976168804258
-1782976174586064
-1782976175881581
-1782976175879631
-1782976177852012
-1782978785144792
-1782979582395817
-1782976164141545
-1782976168887934
-1782976174651084
-1782976175886591
-1782976176512663
-1782976177857093
-1782978785698772
-1782979582444305
-1782976164223906
-1782976168889856
-1782976174653171
-1782976176069851
-1782976176597687
-1782976177859090
-1782978785831398
-1782979582499540
-1782976164376186
-1782976168891707
0
0
0
0
0
-1782979582686729
0
0
0
0
0
0
0
0
0
0
0
0
0
0
0
0
0
0
0
0
0
0
0
0
0
0
0
0
0
0
0
0
0
0
0
0
0
0
0
0
0
0
0
0
0
0
0
0
0
0
0
0
0
0
0
6901364694
10318567716
10315176335
10309341765
10308160368
10307528939
10306493594
7698545291
6901638772
10318840783
10315445866
10309731294
10308433480
10307688480
10306338939
7698614637
6901727975
10318987604
10315726385
10306154216
10305712086
10304206500
10303171422
7698906670
6902039434
10317884155
10314888828
10306505373
10305835477
10304452383
10303447375
7699174805
6902304419
10318194890
10315280138
10306874818
10306170724
10304882786
10303817648
7699431062
6902641672
10318549656
10315656165
10307285362
0
0
0
0
0
0
0
0
0
0
0
0
0
10318601785
10315594385
10307286687
10306626067
10305102855
10304253007
7699966056
6903149758
10319089537
10316064617
10307911872
10307206483
10305683238
10304540253
7700157346
6903422192
10319364219
10315916046
10308157623
10307603170
10317693185
10316781499
7712374432
6915598781
10331711388
10328287296
10320688883
10320079938
10318508746
10317600282
7713276559
6916574512
10332707779
10329331846
10321767310
10321141940
10319626258
10318611184
7714220279
6917656388
10333737119
10330614583
10323225369
10322414997
10321177868
10320257276
7715867245
6919201365
10335306037
10331965348
10324635328
10323878944
10322545398
10321742861
7717367492
6920520262
10335980900
10333360604
10326266823
10325462741
10324220252
10323374733
7718871556
6922317608
10337791490
10335530736
10328298787
10260162677
10260514755
10260611114
7721023978
6924403785
10268923924
10266458936
10264725502
10261577683
10261788536
10261843948
7722723046
6926032282
10270475017
10267784113
10265974773
10262488522
10262760913
10262705222
7723673507
6926921550
10270653712
10268703646
10266833532
10263198531
10263644974
10263749613
7724690636
6927931916
10271635573
10269523414
10267736722
10263816343
10264280098
10264667804
7725618751
6928780239
10272562669
10270463201
10268581413
10264522208
10265195619
10265220393
7726192373
6929466489
10272416070
10267355974
10267383295
10265364216
10266001063
10266010414
7726966718
6930263688
10273144514
10267999890
10267954239
10265892644
10266699350
10266719948
7727692114
6930946770
10273767603
10268602941
10268689600
10266549297
10267325062
10266960361
0
0
0
0
0
0
0
10266903700
7728430577
6931593957
10272610467
10268749416
10268625050
10267027540
10267683673
10266648283
7728910064
6932102656
10273055567
10268978810
10269098381
10267560439
10268220486
10267045629
7729413750
6932577252
10273509966
10269427232
10269428424
10267908527
10268774967
10267610828
7729981598
6933209988
10274352036
10270086530
10270164307
10268765596
10265603463
10264851274
7730737151
6934093664
10273613023
10268584504
10268198691
10267652859
10265986532
10265228878
7731177749
6934585920
10273942936
10269071663
10268651569
10268156517
10266493326
10265812723
7731676998
6934924935
10274342754
10269494966
10269171300
10268609738
10266908011
10266424563
7732301968
6935390277
10274325645
10270049654
10269537006
10268933530
10267320919
10266765776
7732704600
6935843576
10274788417
10270386668
10270029227
10269452985
10267874970
10267114289
7733106564
6936270719
10274625244
10270870281
10270483013
10269935129
10268332032
10267618131
7733566816
6936878240
10275191939
10271410839
10270930985
10270212352
10077696047
10077705055
7675996062
6937120051
10101445880
10083213016
10083529358
10080980254
10077944760
10077580606
7676252327
6937270607
10100966083
10083230546
10083667763
10081192798
10078369864
10078039592
7676615332
6937629831
10100114964
10083561478
10083869177
10081533784
10078416571
10078092884
7676660942
0
0
0
0
0
0
0
0
0
0
0
0
0
0
0
0
0
0
0
0
0
0
0
0
0
0
0
0
-1782976440535035
-1782976444216959
-1782976444075545
-1782978845547423
-1782979584297905
-1782976544369650
-1782976546452359
-1782976547406436
-1782976547856632
-1782976549124181
-1782976550054977
-1782978845555247
-1782979767500168
-1782976544436742
-1782976546609582
-1782976547494485
-1782976547904759
-1782976549209339
-1782976550142390
-1782978845560093
-1782979767508433
-1782976544509026
-1782976546615036
-1782976547537462
-1782976548006798
-1782976549238318
-1782976550197019
-1782978845741121
-1782979767637399
9852266086
9843559318
9845109314
9842458935
9842146712
-1782976682281947
-1782978847530012
-1782979768264434
-1782976670060408
-1782976678775187
-1782976677364064
-1782976679885601
-1782976680250692
-1782976682360820
-1782978847628641
-1782979768347384
-1782976670275561
-1782976678908671
-1782976677379128
-1782976680027021
-1782976680360945
-1782976682411155
-1782978847630678
-1782979768434064
-1782976670651398
-1782976679010247
-1782976677504305
0
0
0
0
0
0
0
0
0
0
0
0
0
0
0
0
0
0
0
0
0
0
0
0
0
0
0
0
0
0
0
0
0
0
0
0
0
0
-1782976679262679
-1782976677655983
9841513571
9841953658
9839961551
7674794807
6753871834
9851402939
9842967542
9844860463
9841704837
9842172045
9840180386
7675162060
6754124711
9850254272
9843245724
9844748215
9841729191
9842241094
9840377917
7675275681
-1782979768848413
0
0
0
0
0
0
0
0
0
0
0
0
0
0
0
0
0
0
0
0
0
0
0
0
0
-1782976679686596
9844778762
9842216416
9842603148
9840600931
7675614249
6633976136
9726582277
9721289622
9721246443
9720243104
9719521046
9717698739
7368925661
6634233702
9726565483
9721392437
9721146223
9720078960
9719451339
9717742701
7368982027
6634149302
9726287743
9721132830
9720878848
9720099888
9719585831
9718026491
7369205986
6634341907
9726300071
9721316434
9721062531
9720244760
9719636381
9718035880
7369172869
6634557378
9725941312
9721633919
9721303594
9720451619
9720095412
9718477694
7369496315
6634684207
9725795370
9721475624
9721648355
9756211419
9755680983
9754285161
7405385883
6670605394
9761568489
9757630964
9757941595
9757251931
9756857025
9755291608
7404835304
6671635581
9761169243
9758276356
9758325240
-1782976932629454
-1782976932444394
-1782976932199620
-1782979156846083
-1782979890305384
-1782976927148824
-1782976929634151
-1782976932048027
-1782976933130778
-1782976932539885
-1782976933536347
-1782979156882913
0
0
0
0
0
0
0
0
0
0
0
0
0
0
-1782976933612114
7405219205
6671807854
9633363966
9630079183
9630117973
9629316692
9629724899
9628851179
-1782979156938512
-1782979890515604
0
0
0
0
0
0
0
0
0
0
0
0
0
0
0
0
0
0
0
0
0
0
0
0
0
0
0
0
0
0
0
0
0
0
0
0
0
0
0
0
0
0
0
0
0
0
0
0
0
0
0
0
0
0
0
0
0
0
0
0
0
0
0
0
0
0
0
0
0
0
0
0
0
0
0
0
0
0
0
0
0
0
0
0
0
0
0
0
0
0
0
0
0
0
0
0
0
0
0
0
0
0
0
0
0
0
0
0
0
0
0
0
0
0
0
0
0
0
0
0
0
0
0
0
0
0
0
0
0
0
0
0
0
0
0
0
0
0
0
0
0
0
0
0
0
0
0
0
0
0
0
0
0
0
0
0
0
0
0
0
0
0
0
0
0
0
0
0
0
0
0
0
0
0
0
0
9633589494
9630553560
9630264728
9629878192
9630218004
9629234638
7406213425
6672575987
9633230906
9629543896
9629841666
9629285982
9629266417
9628787644
7406365027
6673028218
9455428772
9453042918
9452406335
9452072259
9450984725
9449790282
7407032019
6673503115
9455676800
9453292129
9452649471
9452507233
9451450084
9450330012
7407657140
6674148547
9455916999
9453955805
9453276882
9452903195
9451732535
9331991009
7407904004
6674307602
9335752313
9333305458
9332964625
9333379096
9332324596
9332681285
7408567489
6674998131
9336250663
9333977251
9333724997
9332039960
9331459857
9331026339
7409379376
6675726619
9336448987
9334020741
9333487019
9332727696
9332086085
9331649480
7410034015
6676419423
9336922554
9334643493
9334185787
9333518153
9333089841
9332580005
7410986668
6677242827
0
0
0
0
0
0
0
0
0
0
0
0
0
0
0
0
0
0
0
0
0
0
0
0
0
0
0
0
0
0
0
0
0
0
0
0
0
0
0
0
0
0
0
0
0
0
0
0
0
0
0
0
0
0
0
0
0
0
0
0
0
0
0
0
0
0
0
0
0
0
7411117968
6677265368
9337109158
9335518309
9334967500
9154685862
9152568230
9151130664
7411327844
6677202916
9159261217
9157691012
9156414019
9155116661
9153135647
9151794621
7411910941
6678001947
9160060724
9158384380
9157149847
9155709342
9153755754
9152399330
7464062909
6729812829
9027335413
9062797581
9058009694
9052867015
9050887012
9049485124
7331945423
6356945769
9085028641
9063282220
9058426986
9053482719
9051526938
9050023877
7332574147
-1782980322952544
-1782977594869814
-1782977617397979
-1782977621755961
-1782977626891175
-1782977628783495
-1782977630309225
-1782979347912022
-1782980323115667
-1782977596892058
-1782977617680255
-1782977621961054
-1782977626979020
-1782977628872646
-1782977630385611
-1782979347948607
-1782980323246074
-1782977599129363
-1782977617846662
-1782977622093469
-1782977627126341
-1782977628965974
-1782977630596273
-1782979348058045
-1782980323272286
-1782977599180183
-1782977618095906
-1782977622303024
-1782977627219680
-1782977629052631
-1782977630621800
-1782979348216079
-1782980323388470
-1782977599405646
-1782977618371490
-1782977622410391
-1782977627361251
-1782977629140042
-1782977630626712
-1782979348263537
-1782980323482976
-1782977599750290
-1782977618532718
-1782977917596253
8761919611
8922680926
8922750116
7265436738
6111115465
8767582919
8763574718
8763364631
8762125729
8762821928
8923306818
7265361236
6110091373
8767997454
8764229929
8764022895
8762401280
8762979921
8762746399
7266013726
6110647168
8767809097
8764880038
8764719222
8762922821
8763418576
8763332012
7266748972
6111170092
-1782977915213736
-1782977917871579
-1782977917873406
-1782977919929044
-1782977919645508
-1782977920883997
-1782979416169531
-1782980571707334
-1782977916587797
-1782977918618935
-1782977919129644
-1782977920833319
-1782977920745086
-1782977921001602
-1782979416259335
-1782980571836171
-1782977916914471
-1782977918712687
-1782977919218291
-1782977921135350
-1782977921121128
-1782977921006549
7266581298
6110951690
8763479094
8761225797
8760165515
8759417040
8758539141
8757090596
7266725522
6111097962
8763677429
8761382124
8760438805
8759617501
8758837837
8757362404
7267013275
6111509138
8763528043
8761687715
8760764530
8759977082
8759045750
8757593910
7263857743
6044305975
8659260703
8657369911
8656182926
8655611869
8654810478
8653302607
7264607966
6045057717
8660070210
8658061060
8656475875
8655899560
8655068660
8653474108
7265052623
6045588762
8660452208
8658488674
8656953756
8656336161
8655470732
8653837506
7265121485
6045753720
8660661037
8658818843
8657244059
8656704453
8655926999
8655011716
7266455444
6047094638
8653981204
8652019878
8648013026
8647461081
8656917338
8655266287
7266515810
6047221566
8654106955
8652144534
8648064130
8647548331
8646940447
8646268208
7266661616
6047291675
8654220750
8652383001
8648408373
8647840249
8647107107
8646423447
7266812812
6047446316
8538312571
8535693069
8535879600
8534112394
8534608870
8533356709
7266981769
6047576363
8538280701
8535699259
8535798461
8533921134
8534635382
8533467443
7267006699
6047590074
8538287041
8535603993
8535670326
8534150554
8534155380
8533590749
7267050861
6047698703
8538412996
8535547199
8535715770
8534199984
8533962952
8533694508
7267150876
6047773127
8538107717
8535496094
8535853318
8534346590
8534225519
8533878297
7267606454
6048346881
8538667823
8536129133
8536649467
8535279179
8535046867
8534737591
7268261555
6048925402
8538977194
8536978393
8536208849
8536086946
8535810603
8535524738
7268986685
6049783445
8539605397
8537570117
8537013699
8533897597
8536571293
8533318852
7269728181
6050543910
8539974277
8537736481
8537128698
8534523797
8533779210
8533869779
7270291881
6051105002
8540404031
8538126857
8537701485
8534877695
8534092984
8534348566
7270833215
6051829068
8535484563
8534226242
8533301488
8530918059
8530219007
8529747655
7271035539
6052026945
8534841574
8533617483
8533192878
8531254532
8530493243
8529959838
7271272112
6052255032
8525524434
8523689690
8522915856
8522308343
8521538785
8520702206
7271348982
6052392397
8525682206
8523942943
8523218483
8521034026
8520395800
8519867031
7271396918
6052563819
8525874621
8524056116
8523464661
8521192466
8520720666
8520105916
7271490234
6052673867
8526174278
8524319407
8523589629
8521370500
8520828280
0
0
0
0
0
0
0
0
0
0
0
0
0
0
0
0
0
0
0
0
0
0
0
0
0
0
0
0
0
0
0
0
0
0
0
0
0
0
0
0
0
0
0
0
0
0
0
0
