com.spbsu.flamestream.example.bl.WatermarksVsAckerGraph.Data,82729
