com.spbsu.flamestream.example.bl.WatermarksVsAckerGraph.Data,133679
com.spbsu.flamestream.example.bl.WatermarksVsAckerGraph.Watermark,2090461
