accept-in,6232832310618646543,14855980426061
accept-in,6232832310618646543,14855980441973
accept-in,-4598793175121027218,14856002930008
accept-in,-4598793175121027218,14856002944697
accept-in,5994170038185836913,14856025417266
accept-in,5994170038185836913,14856025438603
accept-in,-5686271317004391155,14856047927113
accept-in,-5686271317004391155,14856047941517
accept-in,-4770267176731119681,14856070487899
accept-in,-4770267176731119681,14856070503651
accept-in,-2808288490790631209,14856093370628
accept-in,-2808288490790631209,14856093384222
accept-in,8120732871141842873,14856115601466
accept-in,8120732871141842873,14856115616096
accept-in,-3051383117538569188,14856138208492
accept-in,-3051383117538569188,14856138224347
accept-in,-4325528206160233769,14856160712306
accept-in,-4325528206160233769,14856160728127
accept-in,3963266737578358622,14856183176367
accept-in,3963266737578358622,14856183193032
accept-in,-2313415862446414883,14856205766991
accept-in,-2313415862446414883,14856205782253
accept-in,-8732777526418307756,14856228236226
accept-in,-8732777526418307756,14856228249971
accept-in,4075557594144580995,14856250918886
accept-in,4075557594144580995,14856250934443
accept-in,-8440821437590572906,14856273336608
accept-in,-8440821437590572906,14856273351050
accept-in,-811496177764095439,14856295916568
accept-in,-811496177764095439,14856295932260
accept-in,-3686188119872981610,14856318636279
accept-in,-3686188119872981610,14856318648363
accept-in,1268922028245357256,14856341053834
accept-in,1268922028245357256,14856341069790
accept-in,-2979291628876143732,14856363518368
accept-in,-2979291628876143732,14856363537732
accept-in,2539525179616695858,14856386075810
accept-in,2539525179616695858,14856386091411
accept-in,8864015920862667760,14856408771934
accept-in,8864015920862667760,14856408798579
accept-in,3623830376592154529,14856431128631
accept-in,3623830376592154529,14856431146571
accept-in,-2251386442402198320,14856453654734
accept-in,-2251386442402198320,14856453670537
accept-in,4011350634373643968,14856476233910
accept-in,4011350634373643968,14856476249889
accept-in,-6861361349107218417,14856498704980
accept-in,-6861361349107218417,14856498721389
accept-in,5199234950561515156,14856521291172
accept-in,5199234950561515156,14856521307453
accept-in,-1943975184421840938,14856543819256
accept-in,-1943975184421840938,14856543833427
accept-in,-3891970604695202751,14856571807326
accept-in,-3891970604695202751,14856571823593
accept-in,3151557870244601779,14856588904746
accept-in,3151557870244601779,14856588921204
accept-in,-5488847355119962313,14856611641934
accept-in,-5488847355119962313,14856611655143
accept-in,4117423668312430124,14856633988050
accept-in,4117423668312430124,14856634010126
accept-in,6063057299751938601,14856656560094
accept-in,6063057299751938601,14856656575307
accept-in,763800789743666961,14856679114770
accept-in,763800789743666961,14856679134645
accept-in,4747015578664146719,14856701621657
accept-in,4747015578664146719,14856701637954
accept-in,-6462580610335692259,14856724132871
accept-in,-6462580610335692259,14856724147099
accept-in,-6497998348447082354,14856746722253
accept-in,-6497998348447082354,14856746738319
accept-in,7256012192384263379,14856769293493
accept-in,7256012192384263379,14856769317088
accept-in,-8360908594035928917,14856791860986
accept-in,-8360908594035928917,14856791877223
accept-in,-7760534413180435724,14856814410098
accept-in,-7760534413180435724,14856814426957
accept-in,-1501423625278136624,14856836859055
accept-in,-1501423625278136624,14856836875683
accept-in,7013704712370958975,14856859381386
accept-in,7013704712370958975,14856859395849
accept-in,-562271274156141932,14856881923533
accept-in,-562271274156141932,14856881937424
accept-in,6263224003096577497,14856904509885
accept-in,6263224003096577497,14856904523648
accept-in,-14032757912419661,14856927010911
accept-in,-14032757912419661,14856927027746
accept-in,3665244207944882647,14856949536201
accept-in,3665244207944882647,14856949560028
accept-in,-8695651449138194954,14856972116831
accept-in,-8695651449138194954,14856972131980
accept-in,8065237100195856387,14856994638594
accept-in,8065237100195856387,14856994652922
accept-in,2934170729504012511,14857017150313
accept-in,2934170729504012511,14857017165528
accept-in,-7821515287870517764,14857039756973
accept-in,-7821515287870517764,14857039770908
accept-in,4080658372724010207,14857062301214
accept-in,4080658372724010207,14857062316242
accept-in,4139893694559538434,14857084776237
accept-in,4139893694559538434,14857084791595
accept-in,7915667025802215257,14857107547338
accept-in,7915667025802215257,14857107560150
accept-in,2290922488923053369,14857129935738
accept-in,2290922488923053369,14857129951003
accept-in,-2734693522747277435,14857152423056
accept-in,-2734693522747277435,14857152438642
accept-in,-297521061423348015,14857174951262
accept-in,-297521061423348015,14857174965738
accept-in,-8240599915616702720,14857197497874
accept-in,-8240599915616702720,14857197513245
accept-in,-2447482198924025944,14857220155821
accept-in,-2447482198924025944,14857220170435
accept-in,8755615526559515458,14857242569623
accept-in,8755615526559515458,14857242584090
accept-in,1223049752221983825,14857265132982
accept-in,1223049752221983825,14857265149862
accept-in,1292961699614449269,14857287759745
accept-in,1292961699614449269,14857287772909
accept-in,7951282893131393945,14857310172831
accept-in,7951282893131393945,14857310187047
accept-in,-6868985616370310368,14857332751605
accept-in,-6868985616370310368,14857332767869
accept-in,-2094773694832769259,14857355295175
accept-in,-2094773694832769259,14857355307938
accept-in,-3317487933857751033,14857378001901
accept-in,-3317487933857751033,14857378021078
accept-in,-7227402182901810161,14857400361274
accept-in,-7227402182901810161,14857400377696
accept-in,7221008418433945137,14857422977208
accept-in,7221008418433945137,14857422997710
accept-in,-4206392218000939652,14857445417902
accept-in,-4206392218000939652,14857445432713
accept-in,-6161289879241765670,14857468171392
accept-in,-6161289879241765670,14857468187751
accept-in,5737734787203234439,14857490557372
accept-in,5737734787203234439,14857490581218
accept-in,-591389345287978507,14857513184583
accept-in,-591389345287978507,14857513196783
accept-in,-5849519203628503292,14857535616395
accept-in,-5849519203628503292,14857535631287
accept-in,-8843817138254748872,14857558187295
accept-in,-8843817138254748872,14857558207325
accept-in,-8647758754765786237,14857580735388
accept-in,-8647758754765786237,14857580755449
accept-in,2256745984199218024,14857603325980
accept-in,2256745984199218024,14857603342272
accept-in,3933963087661902656,14857625773323
accept-in,3933963087661902656,14857625789666
accept-in,-6387257480678862414,14857648300019
accept-in,-6387257480678862414,14857648315855
accept-in,-2936405753038426446,14857670938167
accept-in,-2936405753038426446,14857670956333
accept-in,-3212922961120222255,14857693379911
accept-in,-3212922961120222255,14857693396812
accept-in,4371528920473295067,14857715908149
accept-in,4371528920473295067,14857715924304
accept-in,-1675963909030322299,14857738470576
accept-in,-1675963909030322299,14857738487157
accept-in,2043153488174544961,14857761030668
accept-in,2043153488174544961,14857761048919
accept-in,6510120280023285735,14857785709563
accept-in,6510120280023285735,14857785725557
accept-in,7267612824049078092,14857806100913
accept-in,7267612824049078092,14857806115567
accept-in,-5012597493322530097,14857828700052
accept-in,-5012597493322530097,14857828715304
accept-in,-5342697469475582185,14857851210365
accept-in,-5342697469475582185,14857851226267
accept-in,-843409776167298498,14857873768792
accept-in,-843409776167298498,14857873783499
accept-in,1308217104239584346,14857896269602
accept-in,1308217104239584346,14857896286867
accept-in,3854957329089062210,14857918918693
accept-in,3854957329089062210,14857918934791
accept-in,-5864839708551828316,14857941339186
accept-in,-5864839708551828316,14857941355173
accept-in,-4354023014066089653,14857963856403
accept-in,-4354023014066089653,14857963873646
accept-in,-3955860475168941763,14857986446175
accept-in,-3955860475168941763,14857986460833
accept-in,-1093388408961309935,14858008995893
accept-in,-1093388408961309935,14858009013025
accept-in,-6717883094501287634,14858031481299
accept-in,-6717883094501287634,14858031495676
accept-in,2478544286762919378,14858054153934
accept-in,2478544286762919378,14858054168904
accept-in,6854748928578902159,14858076578393
accept-in,6854748928578902159,14858076594950
accept-in,6370650726311593650,14858099052233
accept-in,6370650726311593650,14858099064934
accept-in,8669567659882712314,14858121725900
accept-in,8669567659882712314,14858121747391
accept-in,-4881217333432193833,14858144176236
accept-in,-4881217333432193833,14858144193866
accept-in,-4155266503306314428,14858166688050
accept-in,-4155266503306314428,14858166704522
accept-in,3998845411631190908,14858189238317
accept-in,3998845411631190908,14858189254231
accept-in,-796016093221562458,14858211835070
accept-in,-796016093221562458,14858211851127
accept-in,7397019901898202779,14858234866324
accept-in,7397019901898202779,14858234879165
accept-in,8334369358616570537,14858256871043
accept-in,8334369358616570537,14858256882680
accept-in,8106000087227884004,14858279386352
accept-in,8106000087227884004,14858279401083
accept-in,-8984265549499153062,14858301945374
accept-in,-8984265549499153062,14858301960362
accept-in,-2921311657399532229,14858324516003
accept-in,-2921311657399532229,14858324532009
accept-in,2451471002469000808,14858347090329
accept-in,2451471002469000808,14858347107097
accept-in,2839215710034771347,14858369571373
accept-in,2839215710034771347,14858369587611
accept-in,2504954558193010570,14858392147511
accept-in,2504954558193010570,14858392163999
accept-in,-4621803809575813729,14858414633906
accept-in,-4621803809575813729,14858414645686
accept-in,7160667632100790168,14858437212498
accept-in,7160667632100790168,14858437228382
accept-in,5702969110245917756,14858459713888
accept-in,5702969110245917756,14858459730896
accept-in,-1750911210527098018,14858482322275
accept-in,-1750911210527098018,14858482335642
accept-in,7174983740848677808,14858505011505
accept-in,7174983740848677808,14858505025697
accept-in,-8658743917039172476,14858527350752
accept-in,-8658743917039172476,14858527364723
accept-in,-5795320362130210711,14858549879044
accept-in,-5795320362130210711,14858549894872
accept-in,8471233510006182660,14858572447878
accept-in,8471233510006182660,14858572468544
accept-in,6071274910566717152,14858594965095
accept-in,6071274910566717152,14858594980364
accept-in,1461171931687868501,14858617582062
accept-in,1461171931687868501,14858617598269
accept-in,-960260276852283727,14858640052879
accept-in,-960260276852283727,14858640065353
accept-in,-8106044123489513162,14858662660354
accept-in,-8106044123489513162,14858662675550
accept-in,-6889801016684995074,14858685146335
accept-in,-6889801016684995074,14858685162715
accept-in,1616089629320237933,14858707846121
accept-in,1616089629320237933,14858707860619
accept-in,801738123459935685,14858730214222
accept-in,801738123459935685,14858730229263
accept-in,-5480999535023076015,14858757803607
accept-in,-5480999535023076015,14858757821065
accept-in,-5243609214414703721,14858775300117
accept-in,-5243609214414703721,14858775316227
accept-in,-673826977942835780,14858797866604
accept-in,-673826977942835780,14858797879242
accept-in,-4166419876553083425,14858820359600
accept-in,-4166419876553083425,14858820375883
accept-in,7868921056916597614,14858842948735
accept-in,7868921056916597614,14858842972292
accept-in,-9098889516682025718,14858865436997
accept-in,-9098889516682025718,14858865452069
accept-in,5590718818430487244,14858887993930
accept-in,5590718818430487244,14858888049897
accept-in,5477904683924332846,14858910542809
accept-in,5477904683924332846,14858910558009
accept-in,-2540551877987337084,14858933069495
accept-in,-2540551877987337084,14858933086836
accept-in,7881836676722698109,14858955625227
accept-in,7881836676722698109,14858955643086
accept-in,1272640126653518082,14858978210121
accept-in,1272640126653518082,14858978232491
accept-in,-1513104764977681202,14847730809797
accept-in,-1513104764977681202,14847730837109
accept-in,7798682833762353862,14847753243445
accept-in,7798682833762353862,14847753259957
accept-in,3655584477169124416,14847775803753
accept-in,3655584477169124416,14847775834597
accept-in,8228026745659481936,14847798309756
accept-in,8228026745659481936,14847798325072
accept-in,-8671967628352064565,14847820864723
accept-in,-8671967628352064565,14847820878351
accept-in,5602090889599784332,14847843364476
accept-in,5602090889599784332,14847843377144
accept-in,-1406740658434709890,14847865916400
accept-in,-1406740658434709890,14847865933826
accept-in,-6313134274336729864,14847888493630
accept-in,-6313134274336729864,14847888509705
accept-in,-6948383664497427193,14847911091217
accept-in,-6948383664497427193,14847911107024
accept-in,5311985930334630924,14847933616349
accept-in,5311985930334630924,14847933635995
accept-in,-5529929168141445003,14847956078755
accept-in,-5529929168141445003,14847956091705
accept-in,2978222391083066595,14847978624169
accept-in,2978222391083066595,14847978637357
accept-in,5004328982660787132,14848002213466
accept-in,5004328982660787132,14848002227648
accept-in,640029240809605508,14848023775613
accept-in,640029240809605508,14848023807765
accept-in,2655524698304775666,14848046260138
accept-in,2655524698304775666,14848046273904
accept-in,3846603524635525221,14848068868252
accept-in,3846603524635525221,14848068885467
accept-in,6513255879912562356,14848091317251
accept-in,6513255879912562356,14848091333927
accept-in,4590909521534560068,14848114097531
accept-in,4590909521534560068,14848114113633
accept-in,-957324908910989931,14848136531378
accept-in,-957324908910989931,14848136546400
accept-in,8380423336511349603,14848158972687
accept-in,8380423336511349603,14848158990000
accept-in,-8777699574509925452,14848181485716
accept-in,-8777699574509925452,14848181500276
accept-in,-3341099680739179862,14848204037024
accept-in,-3341099680739179862,14848204051444
accept-in,2441076871162480990,14848226564665
accept-in,2441076871162480990,14848226588293
accept-in,4659953674530729931,14848249115503
accept-in,4659953674530729931,14848249129866
accept-in,-6652232173132144121,14848271611196
accept-in,-6652232173132144121,14848271631310
accept-in,604214482102458556,14848294228389
accept-in,604214482102458556,14848294240858
accept-in,1050072671913593608,14848316733200
accept-in,1050072671913593608,14848316750111
accept-in,2270669175473761324,14848339255741
accept-in,2270669175473761324,14848339271754
accept-in,6280780658209668863,14848361797132
accept-in,6280780658209668863,14848361818703
accept-in,-6995769577216812343,14848384514645
accept-in,-6995769577216812343,14848384527288
accept-in,8925112692385906254,14848407748120
accept-in,8925112692385906254,14848407766289
accept-in,-6704689136326982109,14848429423670
accept-in,-6704689136326982109,14848429438705
accept-in,1669049112690331359,14848452127353
accept-in,1669049112690331359,14848452143319
accept-in,3567047293613779914,14848474495872
accept-in,3567047293613779914,14848474518967
accept-in,6687306627969503144,14848498222737
accept-in,6687306627969503144,14848498239084
accept-in,1365666574064948177,14848519697483
accept-in,1365666574064948177,14848519713541
accept-in,8555675619862953528,14848542158069
accept-in,8555675619862953528,14848542176382
accept-in,5686813998864678901,14848564697552
accept-in,5686813998864678901,14848564711265
accept-in,-5658303650883086975,14848587201567
accept-in,-5658303650883086975,14848587218725
accept-in,1650581670165830334,14848609754335
accept-in,1650581670165830334,14848609772874
accept-in,6564225533897045790,14848632488277
accept-in,6564225533897045790,14848632504914
accept-in,-5644378837602886372,14848654810901
accept-in,-5644378837602886372,14848654825439
accept-in,-7848334241268956366,14848677457962
accept-in,-7848334241268956366,14848677471838
accept-in,8083164480446571950,14848699900733
accept-in,8083164480446571950,14848699916541
accept-in,3367145385494317278,14848722571444
accept-in,3367145385494317278,14848722587352
accept-in,-5473206756128067266,14848745107637
accept-in,-5473206756128067266,14848745120635
accept-in,-939542836521992539,14848767722300
accept-in,-939542836521992539,14848767737397
accept-in,-2913955267797357385,14848790087267
accept-in,-2913955267797357385,14848790105877
accept-in,-4315096522270792652,14848812680640
accept-in,-4315096522270792652,14848812705858
accept-in,-8490703398701455685,14848835155767
accept-in,-8490703398701455685,14848835173413
accept-in,4028302586804642811,14848857697124
accept-in,4028302586804642811,14848857714784
accept-in,-8614297078122382086,14848880469000
accept-in,-8614297078122382086,14848880487326
accept-in,3304995319382679731,14848902797761
accept-in,3304995319382679731,14848902814286
accept-in,-2575567468825197691,14848925311925
accept-in,-2575567468825197691,14848925333336
accept-in,6336770568049787271,14848947910178
accept-in,6336770568049787271,14848947934396
accept-in,6775674567416792329,14848970434072
accept-in,6775674567416792329,14848970447523
accept-in,-4229686666724047066,14848993032363
accept-in,-4229686666724047066,14848993048224
accept-in,1734828850323546881,14849015604609
accept-in,1734828850323546881,14849015619331
accept-in,2899386318417295554,14849038001509
accept-in,2899386318417295554,14849038015544
accept-in,5326101390856178085,14849060817847
accept-in,5326101390856178085,14849060834935
accept-in,-4553468329163790464,14849083090346
accept-in,-4553468329163790464,14849083106035
accept-in,-7346863053905486597,14849105701603
accept-in,-7346863053905486597,14849105717087
accept-in,-870028387065868995,14849128178170
accept-in,-870028387065868995,14849128192317
accept-in,2881871741676431091,14849151106405
accept-in,2881871741676431091,14849151123181
accept-in,-3888398549831732987,14849173307046
accept-in,-3888398549831732987,14849173321514
accept-in,-4473030876415449692,14849195870467
accept-in,-4473030876415449692,14849195887165
accept-in,3250285058639444856,14849218322753
accept-in,3250285058639444856,14849218336260
accept-in,-7478474561105748979,14849240950551
accept-in,-7478474561105748979,14849240967997
accept-in,2534781571720967066,14849263466959
accept-in,2534781571720967066,14849263483487
accept-in,-5714793363540959903,14849286018936
accept-in,-5714793363540959903,14849286035486
accept-in,-8891014565262334683,14849308834467
accept-in,-8891014565262334683,14849308853199
accept-in,2104002925407070377,14849331068243
accept-in,2104002925407070377,14849331084346
accept-in,8716951434904644130,14849353574719
accept-in,8716951434904644130,14849353590826
accept-in,-3156049026586781408,14849378112622
accept-in,-3156049026586781408,14849378128605
accept-in,-407840367356790239,14849398717234
accept-in,-407840367356790239,14849398734074
accept-in,2404359960177638213,14849421231105
accept-in,2404359960177638213,14849421246049
accept-in,6441143103472016443,14849443732995
accept-in,6441143103472016443,14849443747914
accept-in,4603682409513697767,14849466255804
accept-in,4603682409513697767,14849466271165
accept-in,701412093329322150,14849488806691
accept-in,701412093329322150,14849488822161
accept-in,-3083776170917905517,14849511409997
accept-in,-3083776170917905517,14849511425360
accept-in,142455994341063176,14849533933614
accept-in,142455994341063176,14849533947989
accept-in,-3373666224471466944,14849556515676
accept-in,-3373666224471466944,14849556529776
accept-in,-1365119524191829869,14849578991276
accept-in,-1365119524191829869,14849579007632
accept-in,-7270704408320526500,14849601528925
accept-in,-7270704408320526500,14849601545416
accept-in,5502643118182936387,14849624106019
accept-in,5502643118182936387,14849624119459
accept-in,6414866848785192375,14849646604867
accept-in,6414866848785192375,14849646618651
accept-in,785285847402275081,14849669215309
accept-in,785285847402275081,14849669234894
accept-in,-6045674232344697926,14849691701241
accept-in,-6045674232344697926,14849691714245
accept-in,3817698928925676576,14849714179788
accept-in,3817698928925676576,14849714197115
accept-in,4415794016198182160,14849736769069
accept-in,4415794016198182160,14849736785855
accept-in,-166144125277863907,14849759325160
accept-in,-166144125277863907,14849759342290
accept-in,-4980022898725677180,14849781851252
accept-in,-4980022898725677180,14849781868980
accept-in,-5097369825992817169,14849804353395
accept-in,-5097369825992817169,14849804368849
accept-in,-5140303957010732138,14849826882240
accept-in,-5140303957010732138,14849826899070
accept-in,6474834269974948430,14849849777059
accept-in,6474834269974948430,14849849790539
accept-in,-5810588952810849337,14849871970935
accept-in,-5810588952810849337,14849871985055
accept-in,-8196357633232146119,14849894620684
accept-in,-8196357633232146119,14849894634689
accept-in,-7715626997030326288,14849917205892
accept-in,-7715626997030326288,14849917222157
accept-in,-6703603308312073076,14849939609240
accept-in,-6703603308312073076,14849939624583
accept-in,6520357743516703575,14849962160829
accept-in,6520357743516703575,14849962176803
accept-in,5447436733505780500,14849984705591
accept-in,5447436733505780500,14849984722694
accept-in,-1928682253732844311,14850007358275
accept-in,-1928682253732844311,14850007373456
accept-in,-4107468818877290138,14850029925426
accept-in,-4107468818877290138,14850029946290
accept-in,-2514472146636407525,14850052790946
accept-in,-2514472146636407525,14850052805699
accept-in,7911577697607112331,14850074901369
accept-in,7911577697607112331,14850074916840
accept-in,3847588361023259207,14850097432319
accept-in,3847588361023259207,14850097444943
accept-in,-6139195794500700667,14850120281435
accept-in,-6139195794500700667,14850120297737
accept-in,5443659085265731259,14850142425812
accept-in,5443659085265731259,14850142438349
accept-in,7775646127838765803,14850165096745
accept-in,7775646127838765803,14850165113408
accept-in,6956269471064036564,14850187918036
accept-in,6956269471064036564,14850187934530
accept-in,-615840314483203859,14850210112805
accept-in,-615840314483203859,14850210129732
accept-in,4445975423087868914,14850232627243
accept-in,4445975423087868914,14850232648868
accept-in,-3668021580146757588,14850255155570
accept-in,-3668021580146757588,14850255170263
accept-in,-746792423704854068,14850277818740
accept-in,-746792423704854068,14850277830936
accept-in,1419639636874937390,14850301159876
accept-in,1419639636874937390,14850301175480
accept-in,944736231657715879,14850322804822
accept-in,944736231657715879,14850322820811
accept-in,-8994356551918023577,14850345875004
accept-in,-8994356551918023577,14850345892312
accept-in,6195726881956717066,14850367874030
accept-in,6195726881956717066,14850367888915
accept-in,-1742388033032356664,14850390418184
accept-in,-1742388033032356664,14850390438900
accept-in,-8503161370783812355,14850412990192
accept-in,-8503161370783812355,14850413007387
accept-in,8401386279206917145,14850435494244
accept-in,8401386279206917145,14850435520177
accept-in,-8754582089111855888,14850458082890
accept-in,-8754582089111855888,14850458098814
accept-in,-3095953459341231550,14850480718506
accept-in,-3095953459341231550,14850480732746
accept-in,1484787976972595948,14850503082959
accept-in,1484787976972595948,14850503099629
accept-in,3114554256149376151,14850525665362
accept-in,3114554256149376151,14850525681083
accept-in,-8138648955166228042,14850548174716
accept-in,-8138648955166228042,14850548192464
accept-in,4607833563013662536,14850570714869
accept-in,4607833563013662536,14850570730588
accept-in,6667400020169560014,14850593478377
accept-in,6667400020169560014,14850593494941
accept-in,-3413435137363675100,14850615822753
accept-in,-3413435137363675100,14850615838539
accept-in,-2177045464811815451,14850638336051
accept-in,-2177045464811815451,14850638349024
accept-in,2791102796079231372,14850660886901
accept-in,2791102796079231372,14850660902548
accept-in,7395965753296659751,14850683433748
accept-in,7395965753296659751,14850683456823
accept-in,5380595530224885343,14850705950532
accept-in,5380595530224885343,14850705968882
accept-in,-7734836853371202945,14850728495445
accept-in,-7734836853371202945,14850728519298
accept-in,-6915342663561012599,14850751073774
accept-in,-6915342663561012599,14850751091073
accept-in,7740483273755311452,14850773584004
accept-in,7740483273755311452,14850773600123
accept-in,-4356353885190570566,14850796150962
accept-in,-4356353885190570566,14850796166692
accept-in,6214355324797551706,14850818684412
accept-in,6214355324797551706,14850818699365
accept-in,1632093541201286153,14850841213844
accept-in,1632093541201286153,14850841234298
accept-in,-1091881680328474968,14850863785213
accept-in,-1091881680328474968,14850863801794
accept-in,7527145781913022278,14850886320836
accept-in,7527145781913022278,14850886334384
accept-in,-6601903044340306316,14850909076981
accept-in,-6601903044340306316,14850909092021
accept-in,5671571523534790067,14850931498793
accept-in,5671571523534790067,14850931511064
accept-in,8129943549871203116,14850953896402
accept-in,8129943549871203116,14850953912013
accept-in,-6361990068867155996,14850976439802
accept-in,-6361990068867155996,14850976457102
accept-in,3275727398356954346,14850999055932
accept-in,3275727398356954346,14850999069819
accept-in,2539837768961255614,14851021523860
accept-in,2539837768961255614,14851021539416
accept-in,-6562497043571945010,14851044123891
accept-in,-6562497043571945010,14851044139746
accept-in,-7224058326250765083,14851066662104
accept-in,-7224058326250765083,14851066677776
accept-in,-6958065016538297397,14851089235197
accept-in,-6958065016538297397,14851089249684
accept-in,2244731727254198319,14851111683214
accept-in,2244731727254198319,14851111699415
accept-in,-1510489421068303878,14851140681140
accept-in,-1510489421068303878,14851140695419
accept-in,-2766976095734246646,14851156751447
accept-in,-2766976095734246646,14851156765290
accept-in,3498623170002978178,14851179322665
accept-in,3498623170002978178,14851179336489
accept-in,-3382049194483645482,14851201820301
accept-in,-3382049194483645482,14851201836097
accept-in,-8788843556188883153,14851224405703
accept-in,-8788843556188883153,14851224421104
accept-in,-2494258236773047720,14851246916449
accept-in,-2494258236773047720,14851246931660
accept-in,9028549395037307772,14851269500026
accept-in,9028549395037307772,14851269514918
accept-in,-5441137747487868618,14851292076074
accept-in,-5441137747487868618,14851292091253
accept-in,2399847580137879482,14851314557031
accept-in,2399847580137879482,14851314573813
accept-in,1829673633180756727,14851337137718
accept-in,1829673633180756727,14851337154975
accept-in,8045286122887024895,14851359655906
accept-in,8045286122887024895,14851359674001
accept-in,7379525311618990732,14851382175020
accept-in,7379525311618990732,14851382193148
accept-in,-3870476535635807831,14851404706078
accept-in,-3870476535635807831,14851404726157
accept-in,7115135327792478711,14851427286167
accept-in,7115135327792478711,14851427302850
accept-in,-8997011393901205461,14851449784371
accept-in,-8997011393901205461,14851449802695
accept-in,1113387707087566213,14851472612978
accept-in,1113387707087566213,14851472625544
accept-in,-5795902064129142723,14851494852708
accept-in,-5795902064129142723,14851494866515
accept-in,1160328140496315448,14851517589705
accept-in,1160328140496315448,14851517611974
accept-in,-5274458056047224592,14851539957228
accept-in,-5274458056047224592,14851539971599
accept-in,670698420932788216,14851563236505
accept-in,670698420932788216,14851563248262
accept-in,5891943212693468348,14851585080179
accept-in,5891943212693468348,14851585092925
accept-in,4791198769220124936,14851607586225
accept-in,4791198769220124936,14851607601474
accept-in,6606151389127364605,14851630079447
accept-in,6606151389127364605,14851630092939
accept-in,5893172462543847976,14851652651325
accept-in,5893172462543847976,14851652665087
accept-in,1259944951179438106,14851675175999
accept-in,1259944951179438106,14851675190621
accept-in,-111549856592669232,14851697732695
accept-in,-111549856592669232,14851697748359
accept-in,8766315299628202152,14851720325709
accept-in,8766315299628202152,14851720341867
accept-in,6214936675873220502,14851742871199
accept-in,6214936675873220502,14851742887166
accept-in,-2586900374839831359,14851765326619
accept-in,-2586900374839831359,14851765344364
accept-in,7783617504744264593,14851787887123
accept-in,7783617504744264593,14851787902178
accept-in,2251814155873846411,14851810454294
accept-in,2251814155873846411,14851810470318
accept-in,2069318150229546310,14851832964915
accept-in,2069318150229546310,14851832980851
accept-in,2506299899810724004,14851855513975
accept-in,2506299899810724004,14851855534767
accept-in,-5183772103442299053,14851878031916
accept-in,-5183772103442299053,14851878047740
accept-in,-1603178491608517333,14851900636923
accept-in,-1603178491608517333,14851900656489
accept-in,-1830529550831708890,14851923174007
accept-in,-1830529550831708890,14851923190709
accept-in,4996432597915095463,14851945682962
accept-in,4996432597915095463,14851945699822
accept-in,-5823320096652174650,14851968220031
accept-in,-5823320096652174650,14851968236644
accept-in,-5680176574462718274,14851990762236
accept-in,-5680176574462718274,14851990779948
accept-in,-7410309148882133902,14852013285254
accept-in,-7410309148882133902,14852013302088
accept-in,-8608718967667063289,14852035835748
accept-in,-8608718967667063289,14852035851176
accept-in,-7693847164737199364,14852058379147
accept-in,-7693847164737199364,14852058398716
accept-in,-4951419648220879555,14852081177057
accept-in,-4951419648220879555,14852081190872
accept-in,3064714668665757670,14852103442066
accept-in,3064714668665757670,14852103458167
accept-in,-9020664124920401516,14852126098184
accept-in,-9020664124920401516,14852126112492
accept-in,-489621254911735231,14852148850899
accept-in,-489621254911735231,14852148865907
accept-in,-7440266275345525855,14852171076633
accept-in,-7440266275345525855,14852171092074
accept-in,7613638632068371506,14852193608730
accept-in,7613638632068371506,14852193624391
accept-in,-2030577672848365715,14852216228133
accept-in,-2030577672848365715,14852216242625
accept-in,5683399436906671640,14852238822479
accept-in,5683399436906671640,14852238839271
accept-in,1702544793379748080,14852261231457
accept-in,1702544793379748080,14852261247571
accept-in,3474889705923176297,14852283812614
accept-in,3474889705923176297,14852283829246
accept-in,6595888541203014483,14852306292057
accept-in,6595888541203014483,14852306307703
accept-in,-1383013016615846555,14852329620234
accept-in,-1383013016615846555,14852329637409
accept-in,2586716952961598523,14852351858982
accept-in,2586716952961598523,14852351875081
accept-in,8129757243445823905,14852373932372
accept-in,8129757243445823905,14852373949149
accept-in,-2778394361632355223,14852397154144
accept-in,-2778394361632355223,14852397170520
accept-in,5004303659034078430,14852419095990
accept-in,5004303659034078430,14852419113101
accept-in,-2281631882081210300,14852441577445
accept-in,-2281631882081210300,14852441594957
accept-in,3092310372128812736,14852464189825
accept-in,3092310372128812736,14852464201987
accept-in,9029883631451381038,14852486639948
accept-in,9029883631451381038,14852486653599
accept-in,7649640411743689823,14852509184484
accept-in,7649640411743689823,14852509214137
accept-in,-1184199333230927250,14852531968109
accept-in,-1184199333230927250,14852531980251
accept-in,2415707419616581040,14852554240632
accept-in,2415707419616581040,14852554253847
accept-in,-263145779765459132,14852576748279
accept-in,-263145779765459132,14852576760156
accept-in,285322973809574076,14852599317940
accept-in,285322973809574076,14852599334610
accept-in,-1904502441959201617,14852621845640
accept-in,-1904502441959201617,14852621858213
accept-in,6796831544054161456,14852644510739
accept-in,6796831544054161456,14852644523357
accept-in,233153368594767617,14852666953620
accept-in,233153368594767617,14852666968836
accept-in,3569427895693576025,14852689494601
accept-in,3569427895693576025,14852689510686
accept-in,-3831192696076181358,14852712109594
accept-in,-3831192696076181358,14852712128222
accept-in,2321876294197942846,14852734560432
accept-in,2321876294197942846,14852734574520
accept-in,-7884040018909659923,14852757277035
accept-in,-7884040018909659923,14852757293853
accept-in,812986546664268334,14852779642522
accept-in,812986546664268334,14852779659299
accept-in,2527475062045011300,14852802187738
accept-in,2527475062045011300,14852802204214
accept-in,-4781158006345290194,14852824713429
accept-in,-4781158006345290194,14852824726643
accept-in,-1645930862670944773,14852847271982
accept-in,-1645930862670944773,14852847285256
accept-in,-9087130453073193155,14852869837390
accept-in,-9087130453073193155,14852869853874
accept-in,-965301773021660517,14852892516395
accept-in,-965301773021660517,14852892556824
accept-in,8529327663777941892,14852914948666
accept-in,8529327663777941892,14852914966017
accept-in,9165077105220505402,14852937433538
accept-in,9165077105220505402,14852937450891
accept-in,-4662022326422141522,14852959977132
accept-in,-4662022326422141522,14852959999390
accept-in,-8215836486451498191,14852982515254
accept-in,-8215836486451498191,14852982530364
accept-in,7169068644323121262,14853005210305
accept-in,7169068644323121262,14853005228400
accept-in,9218576268745677525,14853027596347
accept-in,9218576268745677525,14853027616452
accept-in,-7880587343508212401,14853050165584
accept-in,-7880587343508212401,14853050180220
accept-in,-667837814107253827,14853073057571
accept-in,-667837814107253827,14853073075299
accept-in,1010551410107227342,14853095265583
accept-in,1010551410107227342,14853095281912
accept-in,-3684279335940978781,14853117739953
accept-in,-3684279335940978781,14853117755154
accept-in,-6625174174393741965,14853140281358
accept-in,-6625174174393741965,14853140295271
accept-in,4199601377397881147,14853162829076
accept-in,4199601377397881147,14853162846299
accept-in,201839855580537221,14853185367856
accept-in,201839855580537221,14853185384113
accept-in,-8076160217265930131,14853207936182
accept-in,-8076160217265930131,14853207952376
accept-in,-3988673614319817452,14853230484528
accept-in,-3988673614319817452,14853230500326
accept-in,-7274014851516048476,14853253026937
accept-in,-7274014851516048476,14853253041045
accept-in,-8857153601080861485,14853275606403
accept-in,-8857153601080861485,14853275620070
accept-in,-3082449883557173594,14853298087078
accept-in,-3082449883557173594,14853298101588
accept-in,7170436700354609962,14853320651041
accept-in,7170436700354609962,14853320666592
accept-in,3714490027666305587,14853343157861
accept-in,3714490027666305587,14853343173131
accept-in,-4334546463514094297,14853365666780
accept-in,-4334546463514094297,14853365680414
accept-in,-5647317148921796929,14853388221873
accept-in,-5647317148921796929,14853388237619
accept-in,-9201405497413875949,14853410814193
accept-in,-9201405497413875949,14853410831208
accept-in,2302242949961992152,14853433325480
accept-in,2302242949961992152,14853433339748
accept-in,3576787594506311118,14853455875979
accept-in,3576787594506311118,14853455892863
accept-in,1776848532862812061,14853478350488
accept-in,1776848532862812061,14853478362815
accept-in,-6017698920579241730,14853500927470
accept-in,-6017698920579241730,14853500941924
accept-in,-4195434199128364633,14853523439320
accept-in,-4195434199128364633,14853523454666
accept-in,-6254224149537815474,14853546183225
accept-in,-6254224149537815474,14853546199202
accept-in,5584006813667447650,14853568553843
accept-in,5584006813667447650,14853568570258
accept-in,-6203724224833523244,14853591162705
accept-in,-6203724224833523244,14853591178975
accept-in,2527312950307239936,14853613716413
accept-in,2527312950307239936,14853613731888
accept-in,9173235771227368852,14853636176625
accept-in,9173235771227368852,14853636192759
accept-in,692084947575708915,14853658742388
accept-in,692084947575708915,14853658758015
accept-in,-4619021895920026479,14853681230971
accept-in,-4619021895920026479,14853681245727
accept-in,5876621027427532790,14853703760906
accept-in,5876621027427532790,14853703776229
accept-in,1686619092069493992,14853726332787
accept-in,1686619092069493992,14853726349714
accept-in,-2774068268982523473,14853748853826
accept-in,-2774068268982523473,14853748870579
accept-in,2687378045734540014,14853771416056
accept-in,2687378045734540014,14853771442939
accept-in,3797592170172265068,14853793961127
accept-in,3797592170172265068,14853793973058
accept-in,-1610943600098735881,14853816505169
accept-in,-1610943600098735881,14853816520686
accept-in,9206078168085656765,14853839060000
accept-in,9206078168085656765,14853839074522
accept-in,6573419425923799671,14853861565238
accept-in,6573419425923799671,14853861581509
accept-in,7005509324209875417,14853884147686
accept-in,7005509324209875417,14853884163967
accept-in,3164371747370157584,14853906657055
accept-in,3164371747370157584,14853906673096
accept-in,5637576383740003959,14853929195135
accept-in,5637576383740003959,14853929213294
accept-in,4333348455927045341,14853951783396
accept-in,4333348455927045341,14853951800252
accept-in,-4874752747429714381,14853974250838
accept-in,-4874752747429714381,14853974276709
accept-in,8196369556930942341,14853996973571
accept-in,8196369556930942341,14853996989581
accept-in,3460516936839385838,14854019388611
accept-in,3460516936839385838,14854019405727
accept-in,-3358825832963791569,14854042146999
accept-in,-3358825832963791569,14854042163280
accept-in,5911419592375407668,14854064426353
accept-in,5911419592375407668,14854064440753
accept-in,-1111205248853781173,14854086978798
accept-in,-1111205248853781173,14854086992971
accept-in,1395032845827124742,14854109853862
accept-in,1395032845827124742,14854109868642
accept-in,-8113918974071493060,14854132163948
accept-in,-8113918974071493060,14854132178896
accept-in,2551426262271356000,14854154510884
accept-in,2551426262271356000,14854154525943
accept-in,6665788687717992124,14854177138916
accept-in,6665788687717992124,14854177153682
accept-in,-6426104618243058446,14854199687364
accept-in,-6426104618243058446,14854199700476
accept-in,-6531874877473329248,14854222197695
accept-in,-6531874877473329248,14854222211274
accept-in,-4096457401288147822,14854244772359
accept-in,-4096457401288147822,14854244785754
accept-in,-8968050299888197084,14854268100451
accept-in,-8968050299888197084,14854268117364
accept-in,-7306117077276736784,14854289841098
accept-in,-7306117077276736784,14854289857875
accept-in,-304026888214929700,14854313177056
accept-in,-304026888214929700,14854313189699
accept-in,1544649685307866933,14854334938236
accept-in,1544649685307866933,14854334953523
accept-in,520582641397116349,14854357441673
accept-in,520582641397116349,14854357459507
accept-in,-268484285300849115,14854379979967
accept-in,-268484285300849115,14854380038425
accept-in,-983261049320756036,14854402598567
accept-in,-983261049320756036,14854402613687
accept-in,-3868892496763791892,14854425124673
accept-in,-3868892496763791892,14854425140943
accept-in,8773540131002107089,14854447688874
accept-in,8773540131002107089,14854447702571
accept-in,-5448753864284694299,14854470153634
accept-in,-5448753864284694299,14854470168651
accept-in,3590842591744402360,14854492623227
accept-in,3590842591744402360,14854492640155
accept-in,9140791236685780387,14854515218878
accept-in,9140791236685780387,14854515233964
accept-in,5923666123582565038,14854537832362
accept-in,5923666123582565038,14854537849276
accept-in,5138738874659632387,14854560331106
accept-in,5138738874659632387,14854560347892
accept-in,-5060286046550853992,14854582916187
accept-in,-5060286046550853992,14854582934510
accept-in,-64580519579417698,14854605394257
accept-in,-64580519579417698,14854605407089
accept-in,6650780161315171253,14854627920021
accept-in,6650780161315171253,14854627934829
accept-in,3301637295197002353,14854650460372
accept-in,3301637295197002353,14854650481896
accept-in,5112674270452331512,14854673103172
accept-in,5112674270452331512,14854673115003
accept-in,-5778584938272351076,14854695538279
accept-in,-5778584938272351076,14854695554200
accept-in,-5456213670470034081,14854718116233
accept-in,-5456213670470034081,14854718134503
accept-in,7678008931067566267,14854740745379
accept-in,7678008931067566267,14854740759344
accept-in,-1691178828872826755,14854763175390
accept-in,-1691178828872826755,14854763192334
accept-in,-123642900275986143,14854785711987
accept-in,-123642900275986143,14854785729253
accept-in,1363380429886804664,14854808269249
accept-in,1363380429886804664,14854808289023
accept-in,8673354182715554026,14854830811706
accept-in,8673354182715554026,14854830828929
accept-in,4864909460899778159,14854853322849
accept-in,4864909460899778159,14854853337869
accept-in,5126013438164173242,14854875847630
accept-in,5126013438164173242,14854875865781
accept-in,1331844430623267677,14854898437555
accept-in,1331844430623267677,14854898456104
accept-in,-6022986342965614824,14854920976000
accept-in,-6022986342965614824,14854920991352
accept-in,-5859001266077227416,14854943498070
accept-in,-5859001266077227416,14854943523504
accept-in,-5034499895475806196,14854966016453
accept-in,-5034499895475806196,14854966031163
accept-in,-6114787500516653956,14854988644743
accept-in,-6114787500516653956,14854988661718
accept-in,-8812753887776609702,14855011166673
accept-in,-8812753887776609702,14855011181310
accept-in,-8253192781700558580,14855033882985
accept-in,-8253192781700558580,14855033897643
accept-in,8994648882911439669,14855056204609
accept-in,8994648882911439669,14855056217769
accept-in,-7378437408012014486,14855078719329
accept-in,-7378437408012014486,14855078735609
accept-in,-779153933634233145,14855101398509
accept-in,-779153933634233145,14855101413268
accept-in,7241100940773680755,14855123916880
accept-in,7241100940773680755,14855123929603
accept-in,-5721465711275209776,14855146337735
accept-in,-5721465711275209776,14855146353652
accept-in,-3223516293074961195,14855168860571
accept-in,-3223516293074961195,14855168875112
accept-in,-5378404550929392109,14855191421709
accept-in,-5378404550929392109,14855191437808
accept-in,-1817178455692067135,14855213989941
accept-in,-1817178455692067135,14855214007908
accept-in,-1849420632929406006,14855236501249
accept-in,-1849420632929406006,14855236526905
accept-in,-3216643940325708708,14855259051469
accept-in,-3216643940325708708,14855259066907
accept-in,-8039166941314023195,14855282075887
accept-in,-8039166941314023195,14855282098764
accept-in,-3103030158024604849,14855304133981
accept-in,-3103030158024604849,14855304148597
accept-in,1643260397109347217,14855326669692
accept-in,1643260397109347217,14855326684791
accept-in,-646745567238249654,14855349217349
accept-in,-646745567238249654,14855349231619
accept-in,4841492124272714657,14855372060009
accept-in,4841492124272714657,14855372074111
accept-in,8369997649720199349,14855394439269
accept-in,8369997649720199349,14855394455068
accept-in,2977313234670215375,14855417234927
accept-in,2977313234670215375,14855417249218
accept-in,523899027326218280,14855439390831
accept-in,523899027326218280,14855439406403
accept-in,7713508644673397270,14855461948849
accept-in,7713508644673397270,14855461964346
accept-in,-3193432436790442923,14855484455344
accept-in,-3193432436790442923,14855484472096
accept-in,-3365237060235297065,14855506961291
accept-in,-3365237060235297065,14855506975694
accept-in,-4546689001865769253,14855529539394
accept-in,-4546689001865769253,14855529553798
accept-in,-1289032525009753663,14855552061259
accept-in,-1289032525009753663,14855552074296
accept-in,-7362500778937156316,14855574622534
accept-in,-7362500778937156316,14855574637665
accept-in,7279517740923161038,14855597190020
accept-in,7279517740923161038,14855597205840
accept-in,-216450409858374556,14855619693789
accept-in,-216450409858374556,14855619709112
accept-in,-4049599968918789819,14855642248512
accept-in,-4049599968918789819,14855642262512
accept-in,5063413417400556416,14855664767771
accept-in,5063413417400556416,14855664784470
accept-in,1895241133584952094,14855687278710
accept-in,1895241133584952094,14855687294396
accept-in,4915561804121831928,14855709845717
accept-in,4915561804121831928,14855709861675
accept-in,327516458909032980,14855732389133
accept-in,327516458909032980,14855732403941
accept-in,-4479532216905207252,14855754879033
accept-in,-4479532216905207252,14855754893545
accept-in,-1193184781349636072,14855777485738
accept-in,-1193184781349636072,14855777498362
accept-in,1410148515380542621,14855800043436
accept-in,1410148515380542621,14855800059906
accept-in,-388510423909479364,14855822588215
accept-in,-388510423909479364,14855822604106
accept-in,5965220778349516534,14855845214067
accept-in,5965220778349516534,14855845230536
accept-in,6127660109819819178,14855867585514
accept-in,6127660109819819178,14855867599984
accept-in,-1809876296983241332,14855890168861
accept-in,-1809876296983241332,14855890185048
accept-in,7119815733710432198,14855912706501
accept-in,7119815733710432198,14855912723182
accept-in,4224155632254117602,14855935237849
accept-in,4224155632254117602,14855935252552
accept-in,-3215028872973114904,14855957838248
accept-in,-3215028872973114904,14855957854875
