com.spbsu.flamestream.example.bl.WatermarksVsAckerGraph.Watermark,2087648
com.spbsu.flamestream.example.bl.WatermarksVsAckerGraph.Data,181706
