com.spbsu.flamestream.example.bl.WatermarksVsAckerGraph.Watermark,2616436
com.spbsu.flamestream.example.bl.WatermarksVsAckerGraph.Data,141257
