com.spbsu.flamestream.example.bl.WatermarksVsAckerGraph.Data,297800
