accept-in,8725192879956406195,21963786119721
accept-in,8725192879956406195,21963786134628
accept-in,2574052569892182674,21963804692412
accept-in,2574052569892182674,21963804706955
accept-in,-7615627286465693556,21963823334599
accept-in,-7615627286465693556,21963823348672
accept-in,-1072878657263780574,21963842035215
accept-in,-1072878657263780574,21963842050109
accept-in,-2708420359195125662,21963860565081
accept-in,-2708420359195125662,21963860580945
accept-in,8470919719311783865,21963879235857
accept-in,8470919719311783865,21963879249409
accept-in,7451324918829061749,21963897804594
accept-in,7451324918829061749,21963897820016
accept-in,-4283927716824475747,21963916434920
accept-in,-4283927716824475747,21963916450379
accept-in,6155242774960248718,21963935131742
accept-in,6155242774960248718,21963935142299
accept-in,111733750286758918,21963953668635
accept-in,111733750286758918,21963953683586
accept-in,8476314115828813880,21963972283602
accept-in,8476314115828813880,21963972298570
accept-in,-8214424417337331029,21963991014439
accept-in,-8214424417337331029,21963991030160
accept-in,4410404085344193305,21964009523359
accept-in,4410404085344193305,21964009537698
accept-in,-7487101391889263738,21964028183102
accept-in,-7487101391889263738,21964028196320
accept-in,8706187763170680627,21964046772729
accept-in,8706187763170680627,21964046797705
accept-in,5502199711026534270,21964065385691
accept-in,5502199711026534270,21964065401209
accept-in,4491595236469286024,21964084032969
accept-in,4491595236469286024,21964084048463
accept-in,-828325087312959667,21964102649152
accept-in,-828325087312959667,21964102663593
accept-in,8858415208599407880,21964121235522
accept-in,8858415208599407880,21964121250212
accept-in,-4934852613780054708,21964139918726
accept-in,-4934852613780054708,21964139935645
accept-in,9120047995925324744,21964158499461
accept-in,9120047995925324744,21964158514852
accept-in,-6837058114493833501,21964177111385
accept-in,-6837058114493833501,21964177126444
accept-in,609817607186107346,21964195838071
accept-in,609817607186107346,21964195852878
accept-in,4212757912434061011,21964214369446
accept-in,4212757912434061011,21964214384419
accept-in,-8763818831711776964,21964232981685
accept-in,-8763818831711776964,21964232996684
accept-in,-1661005785097730800,21964251612037
accept-in,-1661005785097730800,21964251629511
accept-in,-2682147351621374061,21964272917948
accept-in,-2682147351621374061,21964272941502
accept-in,-996197924728392775,21964288909854
accept-in,-996197924728392775,21964288937507
accept-in,-6456386872393322903,21964307477512
accept-in,-6456386872393322903,21964307489745
accept-in,1520385370896690393,21964326095014
accept-in,1520385370896690393,21964326109788
accept-in,-77421801173006117,21964344689426
accept-in,-77421801173006117,21964344710173
accept-in,5797355023412748607,21964363309090
accept-in,5797355023412748607,21964363324185
accept-in,3986104401389641812,21964381904009
accept-in,3986104401389641812,21964381916882
accept-in,-8261946239025883444,21964400519005
accept-in,-8261946239025883444,21964400532046
accept-in,828261862198390788,21964419204033
accept-in,828261862198390788,21964419219837
accept-in,-2559288209175316156,21964437781176
accept-in,-2559288209175316156,21964437796788
accept-in,-6152434439958930555,21964457025497
accept-in,-6152434439958930555,21964457036006
accept-in,-7338505004733832123,21964475070310
accept-in,-7338505004733832123,21964475082736
accept-in,-2724903334574044824,21964493697842
accept-in,-2724903334574044824,21964493711534
accept-in,-2803395626831549388,21964512355455
accept-in,-2803395626831549388,21964512377468
accept-in,-8378823656955783980,21964531195337
accept-in,-8378823656955783980,21964531212899
accept-in,-2189602584686638069,21964549544734
accept-in,-2189602584686638069,21964549560202
accept-in,-7755881379529257407,21964568132676
accept-in,-7755881379529257407,21964568154485
accept-in,-1314777174640071188,21964586718743
accept-in,-1314777174640071188,21964586731400
accept-in,-4785578797173698347,21964605756263
accept-in,-4785578797173698347,21964605766878
accept-in,6034801223964986383,21964623998203
accept-in,6034801223964986383,21964624036936
accept-in,-10701605939740427,21964643084263
accept-in,-10701605939740427,21964643100506
accept-in,6071288545653381101,21964661219004
accept-in,6071288545653381101,21964661239204
accept-in,5617359489495893003,21964679871578
accept-in,5617359489495893003,21964679888118
accept-in,-644804746846309018,21964698455629
accept-in,-644804746846309018,21964698470880
accept-in,6185541071028890404,21964717094854
accept-in,6185541071028890404,21964717109932
accept-in,-3368056353619090734,21964735720151
accept-in,-3368056353619090734,21964735737041
accept-in,4327150729140866843,21964754350494
accept-in,4327150729140866843,21964754365629
accept-in,2578732873867143139,21964772960280
accept-in,2578732873867143139,21964772976322
accept-in,-6596774828096559610,21964792418358
accept-in,-6596774828096559610,21964792434067
accept-in,-4776055758665527722,21964810162306
accept-in,-4776055758665527722,21964810181118
accept-in,8354380929771236814,21964829127401
accept-in,8354380929771236814,21964829138472
accept-in,-2379963256696837461,21964847458857
accept-in,-2379963256696837461,21964847472976
accept-in,482875043317939315,21964866069752
accept-in,482875043317939315,21964866083913
accept-in,6932570898012391159,21964884745599
accept-in,6932570898012391159,21964884762767
accept-in,-1234601682917693696,21964903315945
accept-in,-1234601682917693696,21964903331596
accept-in,6904620907833837058,21964922162548
accept-in,6904620907833837058,21964922176858
accept-in,-8651788831675941154,21964941721031
accept-in,-8651788831675941154,21964941736786
accept-in,-5836111952120863257,21964959216495
accept-in,-5836111952120863257,21964959232936
accept-in,-2999822657088563609,21964977785383
accept-in,-2999822657088563609,21964977799113
accept-in,6676680177866500168,21964996405157
accept-in,6676680177866500168,21964996421613
accept-in,1809642880687407214,21965015006990
accept-in,1809642880687407214,21965015024660
accept-in,-5257869423613232485,21965033652844
accept-in,-5257869423613232485,21965033665476
accept-in,8826792324127990080,21965052262728
accept-in,8826792324127990080,21965052279245
accept-in,4228957192309438677,21965070905682
accept-in,4228957192309438677,21965070934083
accept-in,2531596426713774381,21965089556625
accept-in,2531596426713774381,21965089571910
accept-in,-3283083796264261060,21965108154649
accept-in,-3283083796264261060,21965108172386
accept-in,6048749121384050832,21965126735587
accept-in,6048749121384050832,21965126749553
accept-in,-5690924753431428502,21965145660350
accept-in,-5690924753431428502,21965145677205
accept-in,9113486432110346318,21965163997710
accept-in,9113486432110346318,21965164039012
accept-in,2760049444172937536,21965182583223
accept-in,2760049444172937536,21965182598350
accept-in,1071071684828993926,21965201240817
accept-in,1071071684828993926,21965201257478
accept-in,-5487116413657190538,21965220037304
accept-in,-5487116413657190538,21965220053959
accept-in,7641378720407853558,21965238508212
accept-in,7641378720407853558,21965238523873
accept-in,-1132534763103192298,21965257236712
accept-in,-1132534763103192298,21965257255432
accept-in,-7801044027156846164,21965275703033
accept-in,-7801044027156846164,21965275719443
accept-in,4729697289483038154,21965294309535
accept-in,4729697289483038154,21965294324643
accept-in,-5510020352350279383,21965312967782
accept-in,-5510020352350279383,21965312988782
accept-in,-7461394426268565050,21965331592972
accept-in,-7461394426268565050,21965331608234
accept-in,-2954521561032462153,21965351114455
accept-in,-2954521561032462153,21965351127717
accept-in,-4987204330476241223,21965368786666
accept-in,-4987204330476241223,21965368803218
accept-in,-311364106560126074,21965387441745
accept-in,-311364106560126074,21965387456643
accept-in,-5400827502619766783,21965406064214
accept-in,-5400827502619766783,21965406079756
accept-in,8054505027922874828,21965424630570
accept-in,8054505027922874828,21965424645586
accept-in,-8272746706444789932,21965443261076
accept-in,-8272746706444789932,21965443273930
accept-in,-157354938599841309,21965461892509
accept-in,-157354938599841309,21965461906771
accept-in,4965537700729914133,21965480510993
accept-in,4965537700729914133,21965480526074
accept-in,2495442405139384564,21965499124720
accept-in,2495442405139384564,21965499146025
accept-in,-1630569051031027762,21965517731595
accept-in,-1630569051031027762,21965517753105
accept-in,8690806346121699918,21965536379588
accept-in,8690806346121699918,21965536389586
accept-in,3827565587609327893,21965554980341
accept-in,3827565587609327893,21965554996658
accept-in,-647686919676878333,21965574464926
accept-in,-647686919676878333,21965574484973
accept-in,4158915691118394900,21965592239363
accept-in,4158915691118394900,21965592254882
accept-in,-1688636542317556188,21965610833483
accept-in,-1688636542317556188,21965610849386
accept-in,-8911252342595170304,21965629500019
accept-in,-8911252342595170304,21965629516014
accept-in,8481150299891173333,21965648260731
accept-in,8481150299891173333,21965648274432
accept-in,3343265328267954700,21965666717706
accept-in,3343265328267954700,21965666731465
accept-in,7560532026455319911,21965685322489
accept-in,7560532026455319911,21965685340062
accept-in,9102041662744322804,21965703957769
accept-in,9102041662744322804,21965703979346
accept-in,-8558972526397882596,21965722543736
accept-in,-8558972526397882596,21965722557729
accept-in,3665210927985180087,21965741183495
accept-in,3665210927985180087,21965741199507
accept-in,-1900968776159211802,21965759817529
accept-in,-1900968776159211802,21965759834546
accept-in,-4831676532544474244,21965778428307
accept-in,-4831676532544474244,21965778444581
accept-in,-6588662242242226619,21965797042921
accept-in,-6588662242242226619,21965797066654
accept-in,-5676641735285015079,21965815692349
accept-in,-5676641735285015079,21965815710697
accept-in,-7038876084519563427,21965834276231
accept-in,-7038876084519563427,21965834292758
accept-in,-6195185244548511153,21965853286205
accept-in,-6195185244548511153,21965853302060
accept-in,6512641972413133951,21965871517326
accept-in,6512641972413133951,21965871531326
accept-in,-9182493527177200867,21965890143936
accept-in,-9182493527177200867,21965890164722
accept-in,5676819364666503681,21965908749558
accept-in,5676819364666503681,21965908768643
accept-in,7752244562982675622,21965927374157
accept-in,7752244562982675622,21965927387651
accept-in,2809189087985650027,21965946136827
accept-in,2809189087985650027,21965946151522
accept-in,-5673624335639188802,21965964625625
accept-in,-5673624335639188802,21965964643676
accept-in,7330930030224007411,21965983240867
accept-in,7330930030224007411,21965983257606
accept-in,-4148295348136388531,21966001906048
accept-in,-4148295348136388531,21966001923712
accept-in,6216705475792537147,21966020475580
accept-in,6216705475792537147,21966020488879
accept-in,946907341645717817,21966039147180
accept-in,946907341645717817,21966039180610
accept-in,-647046080716651259,21966057772126
accept-in,-647046080716651259,21966057786254
accept-in,7379481853282795747,21966076408341
accept-in,7379481853282795747,21966076422172
accept-in,7924106988950637983,21966095666753
accept-in,7924106988950637983,21966095685162
accept-in,1264408823298650012,21966113583719
accept-in,1264408823298650012,21966113600516
accept-in,7983953799714956070,21966132361378
accept-in,7983953799714956070,21966132380073
accept-in,-1702849688017144017,21966150860228
accept-in,-1702849688017144017,21966150875345
accept-in,6960960229243864705,21966169456791
accept-in,6960960229243864705,21966169474630
accept-in,7506014722339465914,21966188114449
accept-in,7506014722339465914,21966188131088
accept-in,-3832552492998301177,21966206708052
accept-in,-3832552492998301177,21966206724867
accept-in,6326504502578312309,21966225742720
accept-in,6326504502578312309,21966225759814
accept-in,8042235326517472072,21966243951253
accept-in,8042235326517472072,21966243967138
accept-in,-3341117388165240774,21966262585836
accept-in,-3341117388165240774,21966262599035
accept-in,-6729739286880830924,21966312742832
accept-in,-6729739286880830924,21966312760884
accept-in,-3403665844380931584,21966312764159
accept-in,-3403665844380931584,21966312764747
accept-in,-8817001611096830006,21966318382810
accept-in,-8817001611096830006,21966318395532
accept-in,-1142851094894347064,21966337862379
accept-in,-1142851094894347064,21966337877557
accept-in,-4980233092373446725,21966355662338
accept-in,-4980233092373446725,21966355676367
accept-in,7998721601215602,21966374285932
accept-in,7998721601215602,21966374301249
accept-in,1161206825041377961,21966392878319
accept-in,1161206825041377961,21966392895793
accept-in,3782155849004786256,21966411538151
accept-in,3782155849004786256,21966411554538
accept-in,-2100461669950808472,21966430149566
accept-in,-2100461669950808472,21966430167430
accept-in,3057606448644801124,21966448763128
accept-in,3057606448644801124,21966448779971
accept-in,6450337586514498205,21966467386727
accept-in,6450337586514498205,21966467407631
accept-in,-1210709168930683069,21966485984956
accept-in,-1210709168930683069,21966485997820
accept-in,-6485216691438835285,21966504587459
accept-in,-6485216691438835285,21966504599014
accept-in,-3259118316142175556,21966523302404
accept-in,-3259118316142175556,21966523316305
accept-in,-3393353518743061039,21966542386614
accept-in,-3393353518743061039,21966542402952
accept-in,-4038677390785103049,21966560466956
accept-in,-4038677390785103049,21966560481776
accept-in,7551285064516150625,21966579102391
accept-in,7551285064516150625,21966579124502
accept-in,-2209384216409013209,21966597767706
accept-in,-2209384216409013209,21966597789284
accept-in,-99110304509105077,21966616319973
accept-in,-99110304509105077,21966616337851
accept-in,-5149895984076911740,21966635003812
accept-in,-5149895984076911740,21966635016810
accept-in,-426828044653362019,21966653595064
accept-in,-426828044653362019,21966653610368
accept-in,7494360956597146422,21966672191425
accept-in,7494360956597146422,21966672206361
accept-in,5389092672171642323,21966690898715
accept-in,5389092672171642323,21966690914602
accept-in,7795330716965885105,21966709424682
accept-in,7795330716965885105,21966709442552
accept-in,-4736346070408655192,21966728098511
accept-in,-4736346070408655192,21966728108613
accept-in,-1287666891283847132,21966746756584
accept-in,-1287666891283847132,21966746772289
accept-in,-5880534236161313494,21966765287253
accept-in,-5880534236161313494,21966765302582
accept-in,4431954630527786404,21966784144911
accept-in,4431954630527786404,21966784160609
accept-in,-337721675926457686,21966802516027
accept-in,-337721675926457686,21966802531421
accept-in,-3311656837638360234,21966821176399
accept-in,-3311656837638360234,21966821192476
accept-in,-8631758548774724550,21966839756010
accept-in,-8631758548774724550,21966839769656
accept-in,-8622885966745838107,21966858389106
accept-in,-8622885966745838107,21966858403605
accept-in,8802929951448621871,21966877003827
accept-in,8802929951448621871,21966877019479
accept-in,-621257839140924288,21966895684302
accept-in,-621257839140924288,21966895698114
accept-in,2871210027948670471,21966914234342
accept-in,2871210027948670471,21966914249014
accept-in,-791053049122440367,21966932906245
accept-in,-791053049122440367,21966932994412
accept-in,-5815777440034949599,21966951532976
accept-in,-5815777440034949599,21966951546612
accept-in,6682056653939494883,21966970125277
accept-in,6682056653939494883,21966970139209
accept-in,3117364553163965449,21966988700850
accept-in,3117364553163965449,21966988714916
accept-in,-5615362980910851848,21967007438244
accept-in,-5615362980910851848,21967007460854
accept-in,5810325529723955866,21967025951430
accept-in,5810325529723955866,21967025965444
accept-in,3108035467970618305,21967044624741
accept-in,3108035467970618305,21967044637685
accept-in,-7473062341424293736,21967063232736
accept-in,-7473062341424293736,21967063248445
accept-in,8516763189183253100,21967081842465
accept-in,8516763189183253100,21967081856665
accept-in,-5822488529354322312,21967100450610
accept-in,-5822488529354322312,21967100465979
accept-in,4193747592002496576,21967119061360
accept-in,4193747592002496576,21967119077936
accept-in,-3150305547739361296,21967137687306
accept-in,-3150305547739361296,21967137704525
accept-in,-3701186041040008064,21967156469457
accept-in,-3701186041040008064,21967156492786
accept-in,-3638165933923759377,21967174951264
accept-in,-3638165933923759377,21967174966649
accept-in,-8099748252207961106,21967193517338
accept-in,-8099748252207961106,21967193533378
accept-in,8058944655311599407,21967212154310
accept-in,8058944655311599407,21967212171211
accept-in,5470985879872993829,21967231489900
accept-in,5470985879872993829,21967231507453
accept-in,8559434117546978690,21967249387620
accept-in,8559434117546978690,21967249401322
accept-in,6089057814833348106,21967268084779
accept-in,6089057814833348106,21967268103339
accept-in,-7604990326128912956,21967286636136
accept-in,-7604990326128912956,21967286648148
accept-in,2958106184482241694,21967305300777
accept-in,2958106184482241694,21967305317407
accept-in,1016315297003926246,21967323892149
accept-in,1016315297003926246,21967323905823
accept-in,6377877839561675077,21967342484200
accept-in,6377877839561675077,21967342497262
accept-in,2892745629067420571,21967361126798
accept-in,2892745629067420571,21967361142212
accept-in,-6358000589933939897,21967379764018
accept-in,-6358000589933939897,21967379778945
accept-in,366364262868791084,21967398461427
accept-in,366364262868791084,21967398476924
accept-in,-8410003884853413646,21967417157737
accept-in,-8410003884853413646,21967417168036
accept-in,-5834290511609604635,21967435573491
accept-in,-5834290511609604635,21967435586438
accept-in,-7989505031843266608,21967454228184
accept-in,-7989505031843266608,21967454241047
accept-in,8390664395413120303,21967472840988
accept-in,8390664395413120303,21967472858926
accept-in,-4336990772222614112,21967491487973
accept-in,-4336990772222614112,21967491503758
accept-in,-6207692957637168549,21967510110477
accept-in,-6207692957637168549,21967510128680
accept-in,7142329902030232745,21967528698957
accept-in,7142329902030232745,21967528714695
accept-in,7473561940889112251,21967547323636
accept-in,7473561940889112251,21967547344525
accept-in,-726708175548286407,21967566039887
accept-in,-726708175548286407,21967566059916
accept-in,-8299022265736488430,21967584569272
accept-in,-8299022265736488430,21967584582972
accept-in,5014463919230809320,21967603203443
accept-in,5014463919230809320,21967603218558
accept-in,-6583916971873384504,21967621794725
accept-in,-6583916971873384504,21967621809592
accept-in,-4696157077724666508,21967640783789
accept-in,-4696157077724666508,21967640798375
accept-in,-6683846203634789955,21967659086464
accept-in,-6683846203634789955,21967659099901
accept-in,5228252953798705336,21967677849432
accept-in,5228252953798705336,21967677864711
accept-in,-4193411336384755042,21967696272020
accept-in,-4193411336384755042,21967696288156
accept-in,8678753815307355131,21967714898485
accept-in,8678753815307355131,21967714914507
accept-in,3308790575072902472,21967733588249
accept-in,3308790575072902472,21967733604521
accept-in,-6212433872183993705,21967752866898
accept-in,-6212433872183993705,21967752879687
accept-in,-4064041233667269757,21967770763091
accept-in,-4064041233667269757,21967770778187
accept-in,4307725344090386242,21967789834110
accept-in,4307725344090386242,21967789847973
accept-in,-6972301113723228197,21967808038668
accept-in,-6972301113723228197,21967808058963
accept-in,4792429921167880440,21967826626797
accept-in,4792429921167880440,21967826643429
accept-in,8197429690594689357,21967845258517
accept-in,8197429690594689357,21967845274600
accept-in,-7487502237086046948,21967863894032
accept-in,-7487502237086046948,21967863909567
accept-in,-5577591605759706660,21967883000109
accept-in,-5577591605759706660,21967883010626
accept-in,3778689672530845695,21967901138645
accept-in,3778689672530845695,21967901152831
accept-in,-2172927505104821453,21967919696084
accept-in,-2172927505104821453,21967919708077
accept-in,4199717282208637464,21967938346074
accept-in,4199717282208637464,21967938359827
accept-in,5574894949998365463,21967957623213
accept-in,5574894949998365463,21967957639753
accept-in,-523994484367992099,21967975593919
accept-in,-523994484367992099,21967975605521
accept-in,-7850510623382319365,21967994228109
accept-in,-7850510623382319365,21967994245016
accept-in,4799899705610265296,21968012902453
accept-in,4799899705610265296,21968012917287
accept-in,1758710946215379463,21968031415603
accept-in,1758710946215379463,21968031427313
accept-in,1797899770406595550,21968050489595
accept-in,1797899770406595550,21968050504812
accept-in,-8687064203531344234,21968068668149
accept-in,-8687064203531344234,21968068681473
accept-in,-74306365380151808,21968087485813
accept-in,-74306365380151808,21968087507858
accept-in,-7502238400749152459,21968105936946
accept-in,-7502238400749152459,21968105952712
accept-in,-7940285956534822513,21968124607346
accept-in,-7940285956534822513,21968124623890
accept-in,6925638885603219189,21968143259876
accept-in,6925638885603219189,21968143274012
accept-in,7991835397866469039,21968161812118
accept-in,7991835397866469039,21968161824231
accept-in,-2032730437741768040,21968184115281
accept-in,-2032730437741768040,21968184132118
accept-in,5713604475310864442,21968199021026
accept-in,5713604475310864442,21968199035120
accept-in,6424415047069585423,21968217856300
accept-in,6424415047069585423,21968217879891
accept-in,-3139201438072664987,21968236271071
accept-in,-3139201438072664987,21968236286011
accept-in,-143616354159539598,21968254978291
accept-in,-143616354159539598,21968254994288
accept-in,-8244584333268043731,21968273527792
accept-in,-8244584333268043731,21968273542825
accept-in,-6815402029236671453,21968292136567
accept-in,-6815402029236671453,21968292153572
accept-in,-2010453358367065138,21968311940105
accept-in,-2010453358367065138,21968311955964
accept-in,6567193860218851092,21968329499532
accept-in,6567193860218851092,21968329515723
accept-in,-1841236669931228785,21968347986640
accept-in,-1841236669931228785,21968348039340
accept-in,-2690880083816249629,21968366605160
accept-in,-2690880083816249629,21968366621815
accept-in,3006452260243876615,21968385231496
accept-in,3006452260243876615,21968385246028
accept-in,-5019905572442612716,21968403841815
accept-in,-5019905572442612716,21968403857034
accept-in,-532238092894382416,21968422480889
accept-in,-532238092894382416,21968422495529
accept-in,-2223384127393371143,21968441086795
accept-in,-2223384127393371143,21968441102148
accept-in,1123051395468116618,21968459904624
accept-in,1123051395468116618,21968459922802
accept-in,-4336636180630668150,21968478336288
accept-in,-4336636180630668150,21968478353426
accept-in,6120705385471333559,21968496945982
accept-in,6120705385471333559,21968496959950
accept-in,-2709088444824060318,21968515589343
accept-in,-2709088444824060318,21968515604280
accept-in,4213628622708077697,21968534257939
accept-in,4213628622708077697,21968534272586
accept-in,-2747301337327693497,21968552785855
accept-in,-2747301337327693497,21968552796744
accept-in,-4635704972732270095,21968571404534
accept-in,-4635704972732270095,21968571415840
accept-in,2515842661028319394,21968590038995
accept-in,2515842661028319394,21968590052029
accept-in,8415324391387550208,21968608652257
accept-in,8415324391387550208,21968608667348
accept-in,-4372221118411503903,21968629119475
accept-in,-4372221118411503903,21968629136145
accept-in,904205415991215081,21968648160524
accept-in,904205415991215081,21968648174566
accept-in,-6723787892765772818,21968664515719
accept-in,-6723787892765772818,21968664530879
accept-in,110009418521356706,21968683186202
accept-in,110009418521356706,21968683203583
accept-in,-1148091422776927707,21968702410972
accept-in,-1148091422776927707,21968702421662
accept-in,8873903979984087965,21968720432733
accept-in,8873903979984087965,21968720446512
accept-in,478647120687252206,21968739116517
accept-in,478647120687252206,21968739129274
accept-in,393590561972385831,21968757647568
accept-in,393590561972385831,21968757664443
accept-in,2260748668331794796,21968776258241
accept-in,2260748668331794796,21968776280169
accept-in,-3594592292137597024,21968794958910
accept-in,-3594592292137597024,21968794974956
accept-in,5288664750759151094,21968813478919
accept-in,5288664750759151094,21968813491657
accept-in,-3183320177144528638,21968833474495
accept-in,-3183320177144528638,21968833491186
accept-in,3529493768372931284,21968850724091
accept-in,3529493768372931284,21968850742171
accept-in,-5987354576367368443,21968870199471
accept-in,-5987354576367368443,21968870212386
accept-in,1509289262208900210,21968888145626
accept-in,1509289262208900210,21968888163400
accept-in,2862281586998011902,21968906583497
accept-in,2862281586998011902,21968906601488
accept-in,2528050914758245396,21968925221220
accept-in,2528050914758245396,21968925239502
accept-in,665124997679035800,21968943825740
accept-in,665124997679035800,21968943840697
accept-in,7684076274148545174,21968962425883
accept-in,7684076274148545174,21968962441498
accept-in,-744954120451107343,21968981065863
accept-in,-744954120451107343,21968981083050
accept-in,5738947894820514475,21968999890089
accept-in,5738947894820514475,21968999913218
accept-in,4195311239564956191,21969019020882
accept-in,4195311239564956191,21969019033267
accept-in,5113901965449664429,21969036960766
accept-in,5113901965449664429,21969036976974
accept-in,3531085015676004151,21969055543179
accept-in,3531085015676004151,21969055554953
accept-in,-3681628568907553609,21969074162766
accept-in,-3681628568907553609,21969074179624
accept-in,5244999322387171668,21969092771991
accept-in,5244999322387171668,21969092790119
accept-in,9176740104959369518,21969111412723
accept-in,9176740104959369518,21969111433566
accept-in,6320377714073985331,21969130025349
accept-in,6320377714073985331,21969130041441
accept-in,2275181264118190080,21969148668401
accept-in,2275181264118190080,21969148684631
accept-in,-2208185827721225506,21969167257233
accept-in,-2208185827721225506,21969167270986
accept-in,-2516262910558656133,21969185855821
accept-in,-2516262910558656133,21969185867826
accept-in,-4810068260675279727,21969204987815
accept-in,-4810068260675279727,21969205004025
accept-in,-8940145104593379723,21969223122204
accept-in,-8940145104593379723,21969223140544
accept-in,6329592733407171256,21969241765250
accept-in,6329592733407171256,21969241781941
accept-in,-8663837304116395107,21969260383332
accept-in,-8663837304116395107,21969260397315
accept-in,-8274084694070624218,21969279068150
accept-in,-8274084694070624218,21969279080577
accept-in,7984382795336200220,21969297629046
accept-in,7984382795336200220,21969297646592
accept-in,2329867004823124363,21969316278434
accept-in,2329867004823124363,21969316300380
accept-in,3792900465327187087,21969334891825
accept-in,3792900465327187087,21969334908448
accept-in,6471194417154490533,21969353468759
accept-in,6471194417154490533,21969353484034
accept-in,-8997019053565641755,21969372098338
accept-in,-8997019053565641755,21969372113547
accept-in,2862473156235114661,21969390719464
accept-in,2862473156235114661,21969390732691
accept-in,-1323008212765603722,21969409331763
accept-in,-1323008212765603722,21969409348748
accept-in,2431990198251093744,21969427947487
accept-in,2431990198251093744,21969427963271
accept-in,7682092001293072180,21969446602499
accept-in,7682092001293072180,21969446618812
accept-in,-7571098584468305199,21969465196391
accept-in,-7571098584468305199,21969465210674
accept-in,-3386789314063304644,21969483834445
accept-in,-3386789314063304644,21969483850196
accept-in,-6807665560756564222,21969502520449
accept-in,-6807665560756564222,21969502535682
accept-in,-4560925299236157108,21969521059915
accept-in,-4560925299236157108,21969521075289
accept-in,8231134751036073991,21969539678678
accept-in,8231134751036073991,21969539694454
accept-in,-6698276927855524474,21969558280544
accept-in,-6698276927855524474,21969558296533
accept-in,-2511006918310435021,21969576927458
accept-in,-2511006918310435021,21969576945118
accept-in,-6172933029722807176,21969595521569
accept-in,-6172933029722807176,21969595536392
accept-in,6907780201951402007,21969614149131
accept-in,6907780201951402007,21969614164407
accept-in,4672747084432245690,21969632865180
accept-in,4672747084432245690,21969632879513
accept-in,8185165031797622404,21969651499541
accept-in,8185165031797622404,21969651523977
accept-in,4837849468850512128,21969670730863
accept-in,4837849468850512128,21969670746420
accept-in,-6358112785815196660,21969688650796
accept-in,-6358112785815196660,21969688666453
accept-in,1082350972125183239,21969707271855
accept-in,1082350972125183239,21969707288859
accept-in,-8238134607737696430,21969726305026
accept-in,-8238134607737696430,21969726318367
accept-in,2023751205113114852,21969744575756
accept-in,2023751205113114852,21969744591736
accept-in,8933663784906480712,21969763136897
accept-in,8933663784906480712,21969763153745
accept-in,5142055154753324879,21969781723702
accept-in,5142055154753324879,21969781740690
accept-in,-3505530609421874159,21969800444508
accept-in,-3505530609421874159,21969800459622
accept-in,6594693750707675338,21969818988314
accept-in,6594693750707675338,21969819003882
accept-in,-4855860651241957584,21969837570674
accept-in,-4855860651241957584,21969837581509
accept-in,7467418922577765573,21969856201560
accept-in,7467418922577765573,21969856216801
accept-in,-4775383316654828372,21969874857399
accept-in,-4775383316654828372,21969874873966
accept-in,-7941022449005715809,21969893446515
accept-in,-7941022449005715809,21969893462723
accept-in,6567587312109166368,21969912123583
accept-in,6567587312109166368,21969912141275
accept-in,-6928094217367975801,21969930693115
accept-in,-6928094217367975801,21969930707108
accept-in,5220093837527689543,21969949625870
accept-in,5220093837527689543,21969949635885
accept-in,-1698443023594879266,21969968052101
accept-in,-1698443023594879266,21969968068353
accept-in,-7900998215670590489,21969986584376
accept-in,-7900998215670590489,21969986600523
accept-in,6226095788942505519,21970005154296
accept-in,6226095788942505519,21970005169783
accept-in,-6809839661477572817,21970024292896
accept-in,-6809839661477572817,21970024307493
accept-in,-5943694403529581055,21970042403211
accept-in,-5943694403529581055,21970042417969
accept-in,243731581585884504,21970061038443
accept-in,243731581585884504,21970061056291
accept-in,3028162916718064250,21970079629705
accept-in,3028162916718064250,21970079652735
accept-in,128565778125099611,21970098319011
accept-in,128565778125099611,21970098335293
accept-in,-6942823747628340125,21970116989464
accept-in,-6942823747628340125,21970117006208
accept-in,-6545055397111909038,21970135535660
accept-in,-6545055397111909038,21970135552002
accept-in,8235962203033915941,21970154122583
accept-in,8235962203033915941,21970154146598
accept-in,-6644255135179726965,21970172790419
accept-in,-6644255135179726965,21970172802148
accept-in,7007559236246990232,21970191364323
accept-in,7007559236246990232,21970191378793
accept-in,2820256901912402711,21970210017871
accept-in,2820256901912402711,21970210033988
accept-in,-3674698602064928573,21970228722276
accept-in,-3674698602064928573,21970228738726
accept-in,7405282996818837021,21970247232469
accept-in,7405282996818837021,21970247248062
accept-in,3664513190300516591,21970266379646
accept-in,3664513190300516591,21970266393008
accept-in,390176752025062010,21970284461503
accept-in,390176752025062010,21970284476997
accept-in,2415946395585066070,21970303091987
accept-in,2415946395585066070,21970303107936
accept-in,-4677245226638778306,21970321686090
accept-in,-4677245226638778306,21970321697049
accept-in,-2855315968661384394,21970340270809
accept-in,-2855315968661384394,21970340288751
accept-in,1587618442522742272,21970358960746
accept-in,1587618442522742272,21970358977408
accept-in,4929055460562950243,21970377535202
accept-in,4929055460562950243,21970377549940
accept-in,-5639206349116879470,21970396325427
accept-in,-5639206349116879470,21970396343050
accept-in,-8194974512842671587,21970414847583
accept-in,-8194974512842671587,21970414864176
accept-in,-3787485937190119845,21970433429973
accept-in,-3787485937190119845,21970433450532
accept-in,181499839690255252,21961142048487
accept-in,181499839690255252,21961142068031
accept-in,4307943363911613452,21961160684214
accept-in,4307943363911613452,21961160706140
accept-in,-5943782013737171412,21961179304736
accept-in,-5943782013737171412,21961179321405
accept-in,5695124434395382882,21961197908050
accept-in,5695124434395382882,21961197932989
accept-in,-6837500133045981761,21961216531037
accept-in,-6837500133045981761,21961216544222
accept-in,-3601237654440241164,21961235163982
accept-in,-3601237654440241164,21961235195533
accept-in,6814194650002144051,21961253787349
accept-in,6814194650002144051,21961253807122
accept-in,7085014372908547797,21961272418162
accept-in,7085014372908547797,21961272434123
accept-in,3963946514594972245,21961291279153
accept-in,3963946514594972245,21961291292303
accept-in,7740967379040982508,21961309627974
accept-in,7740967379040982508,21961309642904
accept-in,5477414313325085683,21961328315772
accept-in,5477414313325085683,21961328333431
accept-in,6958426166156428151,21961346846853
accept-in,6958426166156428151,21961346861445
accept-in,7908342731902766998,21961365487586
accept-in,7908342731902766998,21961365502905
accept-in,7911784618115010322,21961384120606
accept-in,7911784618115010322,21961384133990
accept-in,-2626264840003409116,21961402755584
accept-in,-2626264840003409116,21961402769930
accept-in,-7068897861111192402,21961421370704
accept-in,-7068897861111192402,21961421385018
accept-in,-5313962932630508901,21961440046901
accept-in,-5313962932630508901,21961440063735
accept-in,-864869243536155333,21961459004938
accept-in,-864869243536155333,21961459024319
accept-in,-5516846600227996626,21961477309568
accept-in,-5516846600227996626,21961477324367
accept-in,2751534357981359397,21961495841172
accept-in,2751534357981359397,21961495856417
accept-in,6170298580551539690,21961514808217
accept-in,6170298580551539690,21961514825405
accept-in,2943549188157760714,21961533124805
accept-in,2943549188157760714,21961533141175
accept-in,-7663862199251995190,21961551817130
accept-in,-7663862199251995190,21961551832742
accept-in,8390176224907511206,21961570316874
accept-in,8390176224907511206,21961570333493
accept-in,-8041789885816619223,21961588939440
accept-in,-8041789885816619223,21961588967838
accept-in,-1654934540663298508,21961607583334
accept-in,-1654934540663298508,21961607599360
accept-in,1407275597990298414,21961626378005
accept-in,1407275597990298414,21961626393505
accept-in,2444899095931068632,21961644801724
accept-in,2444899095931068632,21961644817682
accept-in,475266276999322899,21961663455663
accept-in,475266276999322899,21961663472558
accept-in,-1761061980218259920,21961682112151
accept-in,-1761061980218259920,21961682128452
accept-in,-3091479927784934346,21961700655198
accept-in,-3091479927784934346,21961700676116
accept-in,5555292290353890421,21961719310834
accept-in,5555292290353890421,21961719335855
accept-in,5295602913002329392,21961737957515
accept-in,5295602913002329392,21961737973173
accept-in,-9069483318654505998,21961756498856
accept-in,-9069483318654505998,21961756508421
accept-in,4635139141624837328,21961775141428
accept-in,4635139141624837328,21961775157778
accept-in,2403989151731639712,21961793811817
accept-in,2403989151731639712,21961793825931
accept-in,-4454048875176457956,21961812762856
accept-in,-4454048875176457956,21961812774113
accept-in,446751447299373145,21961831006856
accept-in,446751447299373145,21961831018950
accept-in,6414686121260140113,21961849618180
accept-in,6414686121260140113,21961849633305
accept-in,3545158625588433101,21961868213466
accept-in,3545158625588433101,21961868228369
accept-in,8348736194022907802,21961886867235
accept-in,8348736194022907802,21961886881963
accept-in,-244386230547071509,21961905512128
accept-in,-244386230547071509,21961905533860
accept-in,6068348263684431654,21961924111221
accept-in,6068348263684431654,21961924125986
accept-in,-8290613403357991547,21961942742494
accept-in,-8290613403357991547,21961942758990
accept-in,3591694605158901030,21961961520925
accept-in,3591694605158901030,21961961532372
accept-in,4352901809210333726,21961980100580
accept-in,4352901809210333726,21961980117400
accept-in,-6041618522872651553,21961998590602
accept-in,-6041618522872651553,21961998606206
accept-in,-96905345584438352,21962017190627
accept-in,-96905345584438352,21962017204508
accept-in,160709358040943282,21962035818794
accept-in,160709358040943282,21962035837515
accept-in,6964547633397292829,21962055011854
accept-in,6964547633397292829,21962055026751
accept-in,8740668464514846231,21962073416832
accept-in,8740668464514846231,21962073429328
accept-in,-1722612334086196454,21962091679918
accept-in,-1722612334086196454,21962091694887
accept-in,1324096488300688206,21962110299586
accept-in,1324096488300688206,21962110316562
accept-in,-1540777914369150090,21962129252218
accept-in,-1540777914369150090,21962129328581
accept-in,-2180296514254833349,21962147514820
accept-in,-2180296514254833349,21962147535335
accept-in,1888067313653987181,21962166146150
accept-in,1888067313653987181,21962166161523
accept-in,-3471585531710697399,21962185251211
accept-in,-3471585531710697399,21962185268553
accept-in,-2669715033517427062,21962203368830
accept-in,-2669715033517427062,21962203387819
accept-in,-182106867142113062,21962222115182
accept-in,-182106867142113062,21962222131863
accept-in,75163822901203109,21962240629551
accept-in,75163822901203109,21962240644456
accept-in,5438988767601907723,21962259275449
accept-in,5438988767601907723,21962259290013
accept-in,-3648866760766993084,21962277931698
accept-in,-3648866760766993084,21962277950433
accept-in,2242395679371805224,21962296521995
accept-in,2242395679371805224,21962296538344
accept-in,-3473174911203548380,21962315131219
accept-in,-3473174911203548380,21962315144464
accept-in,3463886806279086221,21962333745538
accept-in,3463886806279086221,21962333761345
accept-in,-9122852599032117324,21962352394085
accept-in,-9122852599032117324,21962352408446
accept-in,-2289541363182798961,21962370926934
accept-in,-2289541363182798961,21962370945814
accept-in,-8909711480640592878,21962389583998
accept-in,-8909711480640592878,21962389600882
accept-in,-9092071486346067501,21962408293345
accept-in,-9092071486346067501,21962408309139
accept-in,641374252209930666,21962426911955
accept-in,641374252209930666,21962426926851
accept-in,-443057135612335003,21962445875046
accept-in,-443057135612335003,21962445891508
accept-in,-6511915778544317606,21962464095933
accept-in,-6511915778544317606,21962464108671
accept-in,2052479311593924466,21962482833929
accept-in,2052479311593924466,21962482855607
accept-in,7892625734273237530,21962501335751
accept-in,7892625734273237530,21962501350341
accept-in,-7927673547579069567,21962519921976
accept-in,-7927673547579069567,21962519936797
accept-in,1248323619336406954,21962538573742
accept-in,1248323619336406954,21962538588659
accept-in,-3968603875081067737,21962557383515
accept-in,-3968603875081067737,21962557397249
accept-in,327512773400585192,21962575783535
accept-in,327512773400585192,21962575795782
accept-in,-3806144127799094903,21962594397438
accept-in,-3806144127799094903,21962594413445
accept-in,4191789086548454857,21962613083018
accept-in,4191789086548454857,21962613107225
accept-in,-7733296350301610586,21962631634793
accept-in,-7733296350301610586,21962631680379
accept-in,-1941889525214488327,21962650261121
accept-in,-1941889525214488327,21962650281555
accept-in,8728077274295404378,21962668866917
accept-in,8728077274295404378,21962668879084
accept-in,8596595132600044812,21962687493298
accept-in,8596595132600044812,21962687517061
accept-in,-968373501900203434,21962706112037
accept-in,-968373501900203434,21962706125615
accept-in,8291773096756729434,21962724757845
accept-in,8291773096756729434,21962724768733
accept-in,4116292328249328249,21962743345207
accept-in,4116292328249328249,21962743356137
accept-in,4001563144986261882,21962762002820
accept-in,4001563144986261882,21962762016631
accept-in,-6837855236156723441,21962780883819
accept-in,-6837855236156723441,21962780896971
accept-in,5234229678362795480,21962799245476
accept-in,5234229678362795480,21962799263396
accept-in,-2976790096068621345,21962817960543
accept-in,-2976790096068621345,21962817980061
accept-in,6281612169346594916,21962836459174
accept-in,6281612169346594916,21962836471471
accept-in,-2772903555658930578,21962855205152
accept-in,-2772903555658930578,21962855220264
accept-in,-925055118110652334,21962873697050
accept-in,-925055118110652334,21962873710946
accept-in,7322413799259442539,21962892325255
accept-in,7322413799259442539,21962892341398
accept-in,-933437467551519765,21962911384551
accept-in,-933437467551519765,21962911394480
accept-in,-2386009368048492452,21962929731169
accept-in,-2386009368048492452,21962929745583
accept-in,2159991986140618398,21962948178229
accept-in,2159991986140618398,21962948193232
accept-in,6956525902580039650,21962966827017
accept-in,6956525902580039650,21962966840029
accept-in,8788824462813381582,21962985394543
accept-in,8788824462813381582,21962985405807
accept-in,6923683761818737079,21963004123877
accept-in,6923683761818737079,21963004135650
accept-in,-5491380357426240746,21963022659438
accept-in,-5491380357426240746,21963022675384
accept-in,-1011598769831350313,21963041457051
accept-in,-1011598769831350313,21963041467881
accept-in,-8332682461381094554,21963059940053
accept-in,-8332682461381094554,21963059955686
accept-in,-1836626818242399744,21963078512533
accept-in,-1836626818242399744,21963078528388
accept-in,-2777490411996634156,21963097454672
accept-in,-2777490411996634156,21963097478245
accept-in,-3730558745919799757,21963115840653
accept-in,-3730558745919799757,21963115857793
accept-in,-4232154105541616093,21963134953096
accept-in,-4232154105541616093,21963134969723
accept-in,4802088582551757511,21963153010230
accept-in,4802088582551757511,21963153027131
accept-in,5945040558180002228,21963171620973
accept-in,5945040558180002228,21963171637610
accept-in,-5896170187091505737,21963190268326
accept-in,-5896170187091505737,21963190285340
accept-in,4602091017050109612,21963208869910
accept-in,4602091017050109612,21963208884637
accept-in,1903855292894372034,21963227480701
accept-in,1903855292894372034,21963227497364
accept-in,340578572914989429,21963246113850
accept-in,340578572914989429,21963246135984
accept-in,-3104657956878924588,21963264791703
accept-in,-3104657956878924588,21963264806437
accept-in,-5222075091054023694,21963283371657
accept-in,-5222075091054023694,21963283388669
accept-in,6890605180507019901,21963301949662
accept-in,6890605180507019901,21963301962465
accept-in,7497268996434487029,21963320603920
accept-in,7497268996434487029,21963320619021
accept-in,-98889586715896466,21963339203991
accept-in,-98889586715896466,21963339218206
accept-in,-7019312723096408720,21963357815046
accept-in,-7019312723096408720,21963357829690
accept-in,-4376437763162636485,21963376453984
accept-in,-4376437763162636485,21963376466656
accept-in,948268887615714213,21963395047032
accept-in,948268887615714213,21963395060603
accept-in,-1469024196104518784,21963413672022
accept-in,-1469024196104518784,21963413690391
accept-in,-8116297110251573538,21963435212709
accept-in,-8116297110251573538,21963435223990
accept-in,3329699783159560279,21963450914324
accept-in,3329699783159560279,21963450925588
accept-in,-7673100794577942529,21963469508034
accept-in,-7673100794577942529,21963469520664
accept-in,3107265153126281737,21963488138943
accept-in,3107265153126281737,21963488156910
accept-in,6179170468734055869,21963506837740
accept-in,6179170468734055869,21963506852757
accept-in,-2300097740743918089,21963525417390
accept-in,-2300097740743918089,21963525433155
accept-in,2758787188510044867,21963544028426
accept-in,2758787188510044867,21963544040878
accept-in,-1650985517231545463,21963562618401
accept-in,-1650985517231545463,21963562629686
accept-in,-2827719070716922984,21963581284844
accept-in,-2827719070716922984,21963581299499
accept-in,-7517096756181562020,21963599908447
accept-in,-7517096756181562020,21963599922399
accept-in,6437355252824067372,21963618497556
accept-in,6437355252824067372,21963618508587
accept-in,7193223670430168635,21963637105582
accept-in,7193223670430168635,21963637121159
accept-in,8239011226849338657,21963655765957
accept-in,8239011226849338657,21963655787502
accept-in,-2857690671724574403,21963674806983
accept-in,-2857690671724574403,21963674823315
accept-in,3423393467121380101,21963692973547
accept-in,3423393467121380101,21963692985002
accept-in,-4392649564393799915,21963711673152
accept-in,-4392649564393799915,21963711688049
accept-in,-6002928498514488472,21963730318476
accept-in,-6002928498514488472,21963730333749
accept-in,4942732428299283958,21963748888469
accept-in,4942732428299283958,21963748903658
accept-in,-2675339485578014760,21963767469824
accept-in,-2675339485578014760,21963767485670
