com.spbsu.flamestream.example.bl.WatermarksVsAckerGraph.Watermark,2309255
com.spbsu.flamestream.example.bl.WatermarksVsAckerGraph.Data,131184
